-6.0748383e-01   6.2505661e-01   7.3361113e-01
 -1.9471327e-01   6.0813081e-01   5.9654109e-01
 -5.7563301e-01   9.8578607e-01   8.9886041e-01
 -5.0373001e-02   3.9188696e-01   5.0434563e-01
 -7.0136517e-01   1.8704315e-01   5.9191235e-01
 -6.1973049e-01   4.0953535e-01   6.5618146e-01
  3.7320812e-02  -1.9533365e-01   2.7391799e-01
 -6.3069739e-01   1.3517761e-01   5.4914324e-01
 -2.0652299e-01  -1.7269168e-01   3.3053813e-01
 -7.0136517e-01   1.8704315e-01   5.9191235e-01
  1.5573272e-01   3.8757526e-02   3.4382624e-01
 -2.8612830e-01  -6.3273323e-02   3.7652922e-01
 -5.6185398e-01   9.9625949e-01   8.7557378e-01
 -5.1574370e-01   1.0506653e-01   4.9035496e-01
  3.7307248e-01  -3.4471507e-01   1.7717515e-01
 -4.1361027e-01  -1.8693272e-02   4.1382135e-01
  3.3386208e-01  -1.0553256e-01   2.6955477e-01
 -4.3593545e-01   9.3083461e-01   7.2469449e-01
 -7.3739691e-01   1.8236752e-01   5.9678847e-01
 -9.1677909e-01  -5.4054426e-01   2.8824124e-01
  2.3495079e-01  -2.5974179e-01   2.2347903e-01
 -2.8409892e-01   7.7327423e-01   6.1339586e-01
 -5.0204542e-01   6.3790185e-01   7.0744391e-01
 -3.1302164e-01   4.5536507e-01   5.8540903e-01
 -7.7199981e-01   1.0705580e-01   5.6934587e-01
 -2.4179890e-01   3.2722718e-01   5.2140379e-01
 -4.7019874e-01   5.0006414e-01   6.4570357e-01
 -6.2592836e-01   6.3909201e-01   7.4438037e-01
  8.1650213e-02  -1.8086979e-01   2.6993684e-01
 -6.5908378e-01   9.3182075e-01   9.8997840e-01
  4.7553310e-01  -4.5658933e-02   2.3502064e-01
 -2.9630002e-01  -1.1518298e-02   4.0587223e-01
 -4.9581235e-01   8.7065494e-01   8.1222823e-01
 -6.2625348e-01   9.8150149e-01   9.6693365e-01
 -4.0749522e-01   8.0079246e-01   7.6493483e-01
  2.2701553e-01   1.2382007e-01   3.6320867e-01
  3.6852813e-02  -2.9454211e-01   2.4905309e-01
 -5.1969891e-01   9.9303755e-01   8.1629624e-01
 -4.8289890e-01   8.7631671e-01   8.2308542e-01
 -3.6629686e-01   4.9901000e-01   6.1569923e-01
  1.7252787e-02   3.2590100e-01   4.6787095e-01
 -7.1832494e-01   4.8566319e-01   7.3872913e-01
 -2.0742378e-01  -8.3531573e-02   3.5479778e-01
 -4.5315407e-01   7.9947478e-01   7.6237858e-01
 -5.5345485e-01  -1.8387919e-01   3.7013364e-01
 -9.2558886e-01  -5.6957995e-01   2.7969787e-01
 -2.0892096e-01   5.3337166e-01   5.9006525e-01
 -3.0641997e-01  -6.3409342e-02   3.8011566e-01
 -5.4673514e-01   9.9753467e-01   8.5327118e-01
 -6.1414764e-01   9.7487059e-01   9.4045309e-01
 -2.8791539e-01   7.5557482e-01   6.2689176e-01
 -7.3526193e-01   5.2852600e-01   8.3454732e-01
 -4.7217221e-01   7.2754652e-01   7.3458965e-01
 -5.0852492e-01   9.1254013e-01   8.3418450e-01
 -3.2346050e-01  -5.9371294e-02   3.8429582e-01
  2.2319285e-01   1.3992126e-01   3.7022105e-01
 -1.4339082e-01   3.0914523e-01   4.9242195e-01
 -7.1742000e-01   6.3059086e-01   8.7607404e-01
 -6.2792253e-01   7.8422371e-01   8.1116175e-01
 -7.0279608e-01   1.0097747e-01   5.5052307e-01
  8.3172140e-01  -4.6053990e-01   1.0079051e-01
 -6.0338574e-01   6.7775526e-01   7.5317607e-01
 -6.0576715e-01   8.1168244e-01   8.1311879e-01
 -5.9978878e-01   5.8981932e-01   7.1812520e-01
 -6.8104451e-01  -1.5184685e-01   4.1248000e-01
 -5.3987254e-01   9.4620470e-01   8.6181950e-01
 -6.0543582e-01   7.7641804e-02   5.0096478e-01
 -5.5988983e-02   3.9367220e-01   5.0595634e-01
 -5.5708288e-01   9.9404069e-01   8.6915842e-01
 -4.3531007e-01   9.7602675e-01   7.0750988e-01
 -6.8235325e-01   5.0108428e-01   7.0542640e-01
 -2.7517175e-01   6.7762774e-01   6.5823195e-01
 -5.1620341e-01   9.5020024e-01   8.2529534e-01
 -6.1414764e-01   9.7487059e-01   9.4045309e-01
 -4.7991903e-01   9.9869082e-01   7.5905820e-01
 -5.5446333e-01   9.9704160e-01   8.6471659e-01
 -4.5738573e-02   4.6934947e-01   5.0072290e-01
 -4.1963627e-01   7.5652534e-02   4.5529859e-01
 -5.5850551e-01   9.9619148e-01   8.7064819e-01
 -4.9294016e-01   9.4048342e-01   7.9683575e-01
  5.1781863e-01  -4.2174318e-01   1.3653350e-01
 -5.7550048e-01   9.8152699e-01   8.9999835e-01
 -3.0863571e-01   7.2609282e-01   6.6911664e-01
  2.1216175e-01   1.9234787e-01   3.7149313e-01
 -6.2684986e-01   9.8655117e-01   9.7280478e-01
 -5.4221046e-01   5.4341152e-01   6.8347012e-01
 -1.9431568e-01   6.9548867e-01   5.5246362e-01
 -2.2061471e-01  -2.2008722e-02   3.7612296e-01
 -4.6620626e-01   3.4441651e-01   5.8671739e-01
 -5.3190828e-01   9.9537537e-01   8.3273871e-01
 -6.3229604e-01   7.7919103e-01   8.1161802e-01
 -5.8940584e-01   3.4394045e-01   6.2249391e-01
  7.4732221e-01  -3.4812489e-01   1.2524917e-01
 -7.2364273e-01  -1.5279047e-01   4.2446415e-01
 -5.8134839e-01   8.5638151e-01   8.2577911e-01
 -2.2317835e-01  -4.8685343e-02   3.6750262e-01
 -6.0751490e-01   9.6090319e-01   9.1920597e-01
 -6.1797239e-01   3.0404453e-01   6.1550133e-01
 -5.2790752e-01   9.2643952e-01   8.5666302e-01
 -5.6073782e-01   5.3473023e-02   4.7663916e-01
 -1.0000000e+00  -1.0000000e+00   0.0000000e+00
 -2.7149816e-01   7.0642115e-01   6.3348304e-01
 -6.4829082e-01  -5.9237919e-01   2.0375632e-01
 -4.6325746e-01   5.0819124e-01   6.4661613e-01
 -2.5695087e-01   5.8873968e-01   6.2296118e-01
 -3.9194980e-01   8.5417121e-01   7.0338140e-01
 -6.0880707e-01   7.5552382e-01   7.8768272e-01
  5.4323965e-01  -1.9112218e-01   2.1671404e-01
  3.2302149e-01   2.7416986e-02   3.1681903e-01
 -1.0501701e-01   5.4057214e-01   5.2922647e-01
 -5.7400744e-01  -8.6438968e-02   4.1695482e-01
 -1.6822580e-01   5.2884905e-01   5.8116510e-01
 -5.5531649e-01   9.5426379e-01   8.8164831e-01
 -4.7203553e-01  -6.9759704e-02   4.0419555e-01
  1.0000000e+00  -6.3290674e-01   2.8496429e-02
 -9.4055963e-01  -6.7029567e-01   2.1273838e-01
  2.2245461e-02  -1.9110517e-01   2.7799315e-01
 -1.5531857e-01   4.7879264e-02   4.0334896e-01
 -7.0705156e-01   1.8148340e-01   5.9104927e-01
 -7.6817921e-01   1.7593215e-01   5.9749213e-01
 -5.6070055e-01   8.8220801e-01   8.3255180e-01
 -6.0628899e-01   8.4026332e-01   8.2854975e-01
 -5.6711793e-01   9.2087126e-01   8.5943916e-01
 -2.4933864e-01   4.3314306e-01   5.6135828e-01
 -7.5474392e-01   2.1892248e-01   6.1082861e-01
 -5.8761253e-01   9.9369214e-01   9.1401650e-01
 -7.5242257e-01   4.3079674e-01   7.9026096e-01
 -5.6783649e-01   3.3594937e-01   6.1307701e-01
 -6.5958077e-01   3.3994491e-01   6.4079997e-01
  5.6622749e-01  -1.8693111e-01   2.1676351e-01
 -6.7287110e-01   6.4602895e-01   7.7302688e-01
 -1.2057278e-01  -3.6340911e-01   2.6183599e-01
 -3.2479409e-01   6.7184696e-01   6.7366841e-01
 -5.3301616e-01   9.3114915e-01   8.6160511e-01
 -7.4992933e-01   2.1409383e-01   6.0821739e-01
 -1.2189809e-01   5.2044991e-01   5.6246873e-01
 -4.5217666e-01   1.2584335e-01   4.9930459e-01
 -3.0957171e-01   6.7258656e-01   6.7154645e-01
 -5.9645688e-01   8.5194390e-01   8.2986911e-01
 -5.2963870e-01   1.0571261e-01   4.9399418e-01
 -4.4217060e-01   3.0281875e-02   4.3841633e-01
 -6.3106599e-01   8.1333166e-01   8.3197458e-01
 -8.2189819e-01   3.0154358e-02   6.0381404e-01
 -5.3800676e-01   9.3945478e-01   8.6321032e-01
 -6.3334179e-01   9.8556504e-01   9.8326068e-01
 -5.9720858e-01   9.8270015e-01   9.2918909e-01
  2.5047965e-01  -2.6844697e-01   2.1983156e-01
 -3.4233989e-01  -1.8361727e-02   4.0107857e-01
  9.5924168e-02   3.8108199e-01   4.0266180e-01
 -5.3352557e-01   9.7808403e-01   8.4022055e-01
 -6.3819365e-01   9.8322722e-01   9.8990693e-01
 -7.2011410e-01   4.4275786e-01   7.0577273e-01
 -3.2890875e-01   1.4287116e-01   4.7578708e-01
  5.6041685e-01  -3.2682185e-01   1.6897755e-01
 -8.9310272e-01  -4.0856469e-01   3.6162874e-01
 -5.6824237e-01   4.7233176e-02   4.7576509e-01
 -7.1449398e-01   6.4711710e-01   8.8334149e-01
 -7.0989475e-01   1.7836348e-01   5.9046106e-01
 -4.3572630e-01   9.8326123e-01   7.0560231e-01
 -6.5367902e-01   4.5789842e-01   6.8302484e-01
 -5.3704799e-01   9.5780877e-01   8.5203978e-01
 -4.1928009e-01   9.0420900e-01   7.1445849e-01
 -5.9435089e-01   9.8383081e-01   9.2637996e-01
 -5.9635127e-01   6.9808152e-01   7.5947600e-01
 -1.3484881e-01   1.8478185e-01   4.4723403e-01
 -8.8026485e-01  -4.0480208e-01   3.4549138e-01
 -4.4779073e-01   9.8355027e-01   7.2133013e-01
 -5.5806443e-01   8.3417649e-01   8.0673641e-01
 -5.7925897e-01   8.3880112e-01   8.1598839e-01
 -3.8063501e-01  -6.3751003e-03   4.1232058e-01
 -7.8621786e-01  -6.7667748e-01   1.6723710e-01
  4.5429922e-01  -7.0465300e-02   2.6561045e-01
 -5.3743729e-01   7.8665504e-01   7.7872209e-01
 -6.8735006e-01   2.7121308e-01   6.2159785e-01
 -5.7762304e-01   7.0398132e-01   7.5625457e-01
  8.4447953e-01  -4.6677804e-01   9.1841985e-02
  3.5835124e-01  -4.2140143e-01   1.6114498e-01
 -6.3999524e-01   7.6895564e-01   8.1266801e-01
 -1.1887370e-02   3.4709438e-01   4.8053676e-01
  4.3242132e-01  -3.7952900e-01   1.6376830e-01
 -8.0329049e-02   3.9169143e-01   5.0938117e-01
  3.6021081e-01  -2.9904858e-01   2.0170307e-01
 -3.8391721e-01  -7.1317030e-03   4.1265592e-01
 -3.7614346e-01   2.4875141e-02   4.2280396e-01
 -5.9760617e-01   9.9161786e-01   9.2950794e-01
 -5.9187008e-01   8.2566684e-01   8.1422375e-01
 -2.0652299e-01  -1.7269168e-01   3.3053813e-01
 -4.3629784e-01   5.7264538e-02   4.4857537e-01
 -8.7918494e-02  -3.7196892e-01   2.5303424e-01
 -5.0095826e-01   8.0986319e-01   7.7890900e-01
 -3.9060793e-01   4.4190775e-01   6.0137323e-01
  1.4204894e-01   2.2058021e-01   4.1064390e-01
 -2.2769682e-01  -1.3230269e-01   3.4572336e-01
 -3.6411217e-01   6.4708310e-01   6.7217864e-01
 -7.0680928e-01   1.6349496e-01   5.8343549e-01
 -4.3977677e-01   8.6024103e-01   7.6378039e-01
  8.9284490e-01  -6.0848293e-01   4.3246274e-02
 -6.7084794e-01   6.4932740e-01   7.7241118e-01
  9.6116751e-02   4.0318499e-01   3.9507001e-01
 -6.4582451e-01   6.9913566e-01   7.7798545e-01
 -5.3092052e-01  -2.6822169e-01   3.3102025e-01
  9.2485517e-01  -5.5972966e-01   5.8673388e-02
 -4.3479652e-01   7.2412905e-01   7.2285289e-01
  5.4116989e-02  -1.6634981e-01   2.7897552e-01
 -1.7915129e-01   6.6861652e-01   5.4852754e-01
 -3.3208534e-01   5.8894371e-01   6.4076699e-01
  6.5954660e-04  -1.6237127e-01   2.9859928e-01
 -1.4867547e-01   6.4466877e-01   5.2818198e-01
 -4.8443335e-01   8.1280459e-01   7.7615485e-01
 -6.0438593e-01   1.2833418e-01   5.3895672e-01
 -7.0242541e-01   7.1033168e-01   9.0901944e-01
 -3.3657688e-01  -2.0280531e-01   3.3940585e-01
 -5.7042912e-01   9.9558790e-01   8.8838253e-01
 -7.3603019e-01   1.3765995e-01   5.7953240e-01
 -3.2543603e-01   7.7361427e-01   6.6261331e-01
 -8.3176571e-01  -1.0108646e-01   5.0002474e-01
 -3.1691473e-01   1.0329667e-02   4.0547093e-01
 -5.1611644e-01   5.9889856e-01   6.9656473e-01
  2.3100387e-01   8.0447184e-02   3.4672388e-01
  1.3967478e-03  -2.8060617e-01   2.5953702e-01
 -3.5195250e-01   6.7035076e-01   6.7889086e-01
 -2.4705663e-01   7.0122695e-01   6.0725536e-01
 -4.9758287e-01   5.9932361e-01   6.9118286e-01
 -6.7736264e-01   3.7085510e-01   6.5642883e-01
 -4.8106625e-01   9.5937299e-01   7.7393393e-01
 -1.1544343e-01  -3.0528247e-01   2.7656165e-01
 -2.7981446e-01  -2.1337131e-02   4.0135344e-01
 -5.7100066e-01   6.6690779e-01   7.3938881e-01
 -9.7754746e-02  -3.9448508e-01   2.4868532e-01
 -4.5647769e-01  -3.7069205e-01   2.8744633e-01
 -6.8514674e-01   6.0783327e-01   7.6577042e-01
 -5.4735431e-01   9.9505233e-01   8.5477744e-01
 -6.3944855e-01   9.3732099e-01   9.5408093e-01
 -1.2946889e-01   6.4187189e-01   5.1137120e-01
 -6.4353629e-01   6.8109621e-01   7.6806830e-01
  3.4068740e-01  -1.2935279e-01   2.6070355e-01
 -5.4643695e-01  -2.2259600e-01   3.5233718e-01
  1.6570565e-01   2.2248446e-01   4.0789524e-01
 -5.4309676e-01   6.8071366e-01   7.3644225e-01
 -5.2962006e-01   5.5036547e-01   6.8221674e-01
 -8.8273261e-01  -8.3140614e-01   9.1805153e-02
 -9.0428291e-02   6.1560332e-01   4.8564376e-01
 -3.6727427e-01   7.2952729e-01   7.1006613e-01
 -3.1282906e-01   1.9774449e-02   4.0848346e-01
 -5.6740370e-01   9.9452526e-01   8.8401766e-01
 -4.0519251e-01  -3.1316899e-01   3.0639722e-01
 -4.1256452e-01   7.1610397e-01   7.1357892e-01
 -7.2101075e-01   2.5107384e-01   6.2006410e-01
 -6.8090162e-01   8.3276530e-01   9.5852276e-01
 -2.5492977e-01  -3.1841506e-01   2.9810123e-01
 -6.5026843e-01   9.5873540e-01   9.9323281e-01
 -5.5941873e-01   9.9643802e-01   8.7195655e-01
 -7.9280918e-01  -1.9636900e-02   5.2136531e-01
 -7.2160714e-01   6.0683863e-01   8.6626683e-01
 -5.0263146e-01   8.0535758e-01   7.7725431e-01
 -7.3347277e-01   3.2253454e-01   6.4826532e-01
 -6.7048348e-01   1.8228251e-01   5.8151143e-01
 -4.7751899e-01   4.3060121e-01   6.2207062e-01
 -1.7047054e-01   4.9633213e-01   5.6741082e-01
 -3.5253025e-01   6.9884662e-01   6.9188651e-01
  1.3872325e-01  -2.2449176e-01   2.4688605e-01
 -8.0193018e-01   1.4554052e-01   6.5957880e-01
 -3.7318016e-01   5.3791978e-01   6.3219117e-01
 -4.4366157e-01   8.4440338e-01   7.8392805e-01
 -6.2930582e-01   6.0116836e-01   7.3038970e-01
 -4.7171249e-01   9.4221766e-01   7.6754605e-01
 -1.2384256e-01   2.9289952e-01   4.8249380e-01
 -7.6544783e-01   3.5590157e-01   7.5789277e-01
  3.9708950e-01   3.0587917e-02   2.7133535e-01
 -4.8593261e-01   5.1764291e-02   4.5718417e-01
 -2.3395060e-01   4.5229616e-01   5.6477761e-01
 -5.4426676e-01   9.9757717e-01   8.4968143e-01
 -5.2881038e-01   8.4614612e-01   8.0412518e-01
 -3.2130066e-01   7.3124452e-01   6.8348662e-01
 -4.6884445e-01   7.0825740e-01   7.2568950e-01
 -5.8000859e-01   8.5086426e-01   8.2237627e-01
 -4.9841947e-01   1.0000000e+00   7.8391706e-01
 -5.6593551e-01   9.5087183e-01   8.8827808e-01
 -4.6256995e-01   7.0320771e-01   7.2183039e-01
 -6.3323411e-01   7.8190290e-01   8.1405883e-01
 -9.5389469e-01  -7.4891774e-01   1.6235384e-01
 -9.1865150e-01  -5.4187554e-01   2.9134723e-01
 -7.4068119e-01   4.9805787e-01   8.2082603e-01
 -2.6211956e-01   5.2525306e-01   5.9878399e-01
  4.4581726e-01  -9.2474787e-02   2.6096687e-01
 -5.7371960e-01   3.3836369e-01   6.1573221e-01
  9.0420008e-02  -4.4340242e-01   2.0019406e-01
 -4.8772591e-01   8.2569234e-01   7.8345528e-01
 -5.5993229e-01   9.7916367e-01   8.7780019e-01
  3.1517734e-01  -4.2460637e-01   1.6721951e-01
 -4.7416845e-01   6.3887948e-01   6.9951129e-01
 -5.1194380e-01   9.1541190e-02   4.9586877e-01
 -3.1361803e-01  -3.7262266e-01   2.8724788e-01
 -5.0605654e-01   9.5128839e-01   8.1076594e-01
 -4.3545503e-01   8.7078085e-02   4.6704635e-01
 -5.4454425e-01   9.8840443e-01   8.5282040e-01
 -3.4692980e-02   4.9216657e-01   4.7884358e-01
 -7.3806371e-01   1.5274950e-01   5.8580483e-01
 -8.0862712e-01  -1.0812703e-02   5.2729142e-01
 -5.6321656e-01   9.5778327e-01   8.9230761e-01
 -6.8148351e-01   3.2074930e-01   6.3885942e-01
 -4.7858544e-01  -1.1526638e-01   3.8695212e-01
 -5.6356031e-01   9.5203649e-01   8.9083982e-01
 -5.5920130e-01   6.2353490e-01   7.1892231e-01
 -8.6595259e-02   4.3448624e-01   5.2749482e-01
  1.4031776e-01  -1.3982621e-01   2.8618965e-01
  1.1107407e-01  -4.0493640e-01   2.0681337e-01
 -6.6164742e-01   8.2149277e-01   9.0339019e-01
 -4.7574225e-01   9.4564362e-01   7.7166354e-01
 -5.8950524e-01   9.9312257e-01   9.1701804e-01
 -7.2048477e-01   4.3497081e-01   7.0066023e-01
 -2.3737776e-01   5.9380637e-01   6.2168031e-01
 -5.8985416e-02   4.6752172e-01   5.1694547e-01
 -4.2667488e-01   9.1141798e-01   7.2083537e-01
 -5.9175411e-01   6.2010894e-01   7.2720126e-01
 -6.1952134e-01   6.1637693e-01   7.3361663e-01
 -5.7261173e-01   4.8054549e-01   6.6905067e-01
 -5.3302030e-01   8.8068630e-01   8.2419038e-01
 -3.2460357e-01   8.5072824e-01   6.2328553e-01
 -5.7995889e-01   6.6680577e-01   7.4200003e-01
 -6.4573754e-01   4.0117022e-01   6.6014502e-01
  4.5876591e-01  -2.5197089e-01   2.0529996e-01
 -8.3021075e-01  -1.2294292e-01   4.7984410e-01
 -6.1568623e-01   9.7791400e-01   9.4534020e-01
 -7.0145007e-01   4.2359626e-01   6.8006179e-01
 -4.9225266e-01  -1.7460605e-02   4.2931828e-01
 -5.0547672e-01   5.2332330e-01   6.6488370e-01
 -5.0858705e-01   8.4783785e-01   7.9997471e-01
  9.0420008e-02  -4.4340242e-01   2.0019406e-01
 -5.4354405e-01   8.6519720e-01   8.1808836e-01
 -6.0272102e-01   3.4747693e-01   6.2775484e-01
  4.7132111e-01  -7.3432202e-02   2.4889476e-01
 -5.0650176e-01  -4.9029734e-01   2.4624506e-01
 -6.1911339e-01   6.4669204e-01   7.4544135e-01
 -6.9187681e-01   4.8963323e-01   7.0405207e-01
 -5.6185398e-01   9.9625949e-01   8.7557378e-01
 -4.7745686e-01   9.6541731e-01   7.6695784e-01
 -6.0570606e-04   3.5324921e-01   4.8148230e-01
 -4.8733867e-01   7.9906673e-01   7.7023974e-01
 -2.7378432e-01  -6.9191742e-03   3.9063368e-01
 -5.8581509e-01   6.8550831e-01   7.5108709e-01
 -6.9129492e-01   5.6637314e-01   7.4578768e-01
 -5.7726273e-01   8.5179088e-01   8.2184303e-01
 -6.4996195e-01   9.6897929e-01   1.0000000e+00
 -6.8049782e-01   3.6636649e-01   6.5542832e-01
 -3.2346671e-01   1.8754311e-02   4.0991276e-01
 -6.9711798e-01   4.5354583e-01   6.9060564e-01
 -6.1987958e-01   9.9031719e-01   9.6430044e-01
 -6.0156345e-01   8.2269993e-01   8.1677451e-01
 -7.0794821e-01   6.7387873e-01   8.9176337e-01
 -5.1742311e-01   8.2756259e-01   7.9182219e-01
  6.0068336e-01  -2.2058293e-01   1.9969545e-01
  2.5047965e-01  -2.6844697e-01   2.1983156e-01
 -6.0391586e-01   8.3761096e-01   8.2579560e-01
 -6.8090162e-01   8.3276530e-01   9.5852276e-01
 -4.6909501e-01   7.5378958e-01   7.4491911e-01
 -4.6778627e-01   9.1801487e-01   7.7205385e-01
 -6.9036720e-01   4.3731712e-01   6.8283244e-01
 -5.5241739e-01   5.6077938e-01   6.9299697e-01
 -8.4168832e-01  -2.1919894e-01   4.3473863e-01
 -7.7187142e-01   1.6901221e-01   5.9734919e-01
 -5.4131795e-01   8.8041427e-01   8.2603748e-01
 -7.0135689e-01   7.2084761e-01   9.1442330e-01
 -5.1913151e-01   8.6087012e-01   8.0952905e-01
 -9.0977113e-01  -4.7807183e-01   3.3345336e-01
 -2.8856147e-01  -2.1560635e-01   3.3121265e-01
 -5.8592691e-01   9.1921353e-01   8.6608542e-01
 -3.6409561e-01  -3.9522715e-03   4.1007218e-01
 -5.1543308e-01   5.6782684e-01   6.8474550e-01
 -5.7651931e-01   7.5976589e-01   7.7895848e-01
 -1.2079436e-01   4.5258520e-01   5.4053995e-01
 -2.4313455e-01  -3.1668507e-01   2.9702595e-01
 -5.5426660e-01   2.7015043e-01   5.8377083e-01
 -6.4745008e-01   7.9735799e-01   8.4578933e-01
 -5.6106087e-01   8.3456755e-01   8.0786336e-01
  7.7251751e-01  -5.4532871e-01   7.2653609e-02
 -6.9293705e-01   1.3039996e-01   5.6440379e-01
 -9.8500657e-01  -9.1863478e-01   5.3948996e-02
 -6.7149609e-01   2.8403282e-01   6.2262585e-01
 -5.3065753e-01   6.9308284e-01   7.3781658e-01
 -1.6193060e-01  -1.8573245e-01   3.1794598e-01
 -9.6331513e-01  -9.2028060e-01   4.5656297e-02
 -5.9378970e-01   8.3642930e-01   8.2043572e-01
 -1.5487127e-01  -3.8158288e-01   2.6341317e-01
  6.0352138e-02   2.8053034e-01   4.4397962e-01
  1.0566102e-01   1.9730405e-01   4.0629552e-01
 -2.8319606e-01   2.9331608e-01   5.1941377e-01
 -7.7354462e-01   1.4378928e-01   5.8479883e-01
 -3.0441130e-01  -3.3696797e-01   2.9722660e-01
 -5.9596196e-01   8.6434709e-01   8.3659232e-01
 -6.6824495e-01   8.9405862e-01   9.7973140e-01
 -2.6819318e-01  -2.0897205e-01   3.3071020e-01
  4.5204309e-02   1.5660902e-01   4.0228798e-01
  8.9841947e-01  -6.1563070e-01   4.1520667e-02
 -4.8508772e-01   9.7827105e-01   7.7317530e-01
 -7.4409592e-01   4.7853922e-01   8.1149159e-01
 -3.8471861e-01   9.3437109e-01   6.5879268e-01
 -5.6381295e-01   8.5328709e-01   8.1800590e-01
 -5.9413138e-01   4.8457504e-01   6.7689534e-01
 -7.8299364e-01  -8.0534075e-01   1.1153996e-01
 -6.5313854e-01   2.3913822e-01   6.0004288e-01
 -3.9589052e-01   7.8906937e-01   7.5635902e-01
 -6.6549909e-01   8.9317450e-01   9.7339300e-01
 -5.9417280e-01   7.5262492e-01   7.8147075e-01
 -6.1073290e-01   8.5091526e-01   8.3755435e-01
 -5.4992830e-01   8.5636450e-01   8.1530123e-01
 -1.3801090e-01   5.3294660e-01   5.7659134e-01
 -5.7144588e-01   9.9133732e-01   8.9092778e-01
 -4.5047861e-01   7.7261114e-01   7.4853634e-01
 -6.1424703e-01   9.7923168e-01   9.4440566e-01
 -5.8411290e-01   9.6017209e-01   9.0108682e-01
 -5.4869204e-01   9.9731364e-01   8.5616826e-01
  1.5476774e-01   9.8180592e-02   3.6399259e-01
 -9.0532203e-01  -4.6708068e-01   3.3389039e-01
 -5.2876897e-01   7.1682495e-02   4.7674361e-01
 -2.3131034e-01   5.2351882e-01   5.9095582e-01
  6.9398694e-01  -3.3600904e-01   1.5316563e-01
 -5.7139411e-01   9.3818811e-01   8.7479316e-01
 -6.3554718e-01   9.8294669e-01   9.8500882e-01
  2.2880055e-01  -4.1956348e-01   1.8268456e-01
 -1.6682387e-01  -2.1837008e-01   3.1026678e-01
 -7.2421634e-01   1.5886183e-01   5.8577185e-01
 -3.2537391e-01   7.8450425e-01   6.5670370e-01
 -6.2833462e-01   7.9370250e-01   8.1690644e-01
 -7.8091249e-01   1.1728268e-01   5.7589318e-01
 -7.0600374e-01   2.8330172e-01   6.2975037e-01
 -4.7773021e-01   7.3196712e-01   7.3801998e-01
 -4.8609827e-01   4.3615247e-01   6.2664988e-01
  9.6302087e-03   3.1467098e-01   4.6463852e-01
 -6.1151980e-01   9.5604903e-01   9.1978868e-01
 -4.2867112e-01   9.0237275e-01   7.2741566e-01
 -5.7563301e-01   9.8578607e-01   8.9886041e-01
 -5.4216387e-02   4.4186524e-01   5.3392118e-01
  5.5801680e-01  -4.3895547e-01   1.2653059e-01
 -5.3667938e-01   9.1702874e-01   8.5183088e-01
 -7.5523677e-01   3.9552545e-01   7.6647408e-01
  3.9904847e-01  -1.0765785e-01   2.6050179e-01
 -5.6391027e-01   9.3537423e-01   8.7050526e-01
 -4.3719553e-02   5.1936176e-01   4.7707345e-01
 -4.2757775e-01   8.1968202e-01   7.7866162e-01
 -5.5343415e-01   9.9541788e-01   8.6341372e-01
  6.6739800e-01  -2.9261320e-01   1.7392239e-01
 -5.5742663e-01   8.2106771e-01   8.0028256e-01
 -4.6340862e-01   9.3972520e-02   4.7345622e-01
 -7.4393854e-01   4.7944884e-01   8.1165651e-01
 -5.6815746e-01   8.8293061e-01   8.3543789e-01
 -6.8143174e-01  -3.2555857e-01   3.2762565e-01
 -7.7138065e-01   3.2176094e-01   7.4224741e-01
 -6.1658289e-01   5.8220229e-01   7.1992832e-01
 -4.7272097e-01   8.7805095e-01   8.0230557e-01
 -4.9589104e-01   9.5253806e-01   7.9639046e-01
 -1.9518955e-01  -1.7545455e-01   3.2754155e-01
 -3.0001501e-01   3.0554924e-01   5.2797309e-01
 -3.2000849e-01   7.1891785e-01   6.9363466e-01
 -6.9008558e-01   3.0968080e-01   6.3656704e-01
 -8.3924458e-01  -7.4904016e-01   1.3328404e-01
 -5.8309200e-01   7.7481293e-01   7.8751780e-01
 -7.1212913e-01   2.4417091e-01   6.1638640e-01
 -4.5568768e-02   4.6102684e-01   5.0498881e-01
 -4.2095536e-01   7.9868417e-01   7.5775534e-01
 -7.8895751e-01   2.2035067e-01   6.9589406e-01
 -1.4975435e-01   2.6578934e-01   4.7857422e-01
 -5.7607616e-01   8.3350490e-01   8.1228320e-01
 -5.0461113e-01   8.9763761e-01   8.4075929e-01
 -7.0794821e-01   6.7387873e-01   8.9176337e-01
 -1.1732578e-01   5.2796493e-01   5.5034716e-01
 -5.8557695e-01   2.8352275e-01   5.9808584e-01
 -1.1354659e-01   2.2384303e-02   3.8606980e-01
  3.0311188e-02  -1.6889166e-01   2.8158894e-01
 -3.1366980e-01  -6.4225453e-02   3.8109528e-01
 -5.9031284e-01   8.5723162e-01   8.2991858e-01
 -6.4745008e-01   7.9735799e-01   8.4578933e-01
 -5.9187008e-01   8.2566684e-01   8.1422375e-01
 -6.6873573e-01   6.4864731e-01   7.6928321e-01
 -3.4432060e-02   4.2707323e-01   5.1587350e-01
 -5.4115643e-01   8.8564248e-01   8.2908299e-01
  8.7480832e-01  -5.9882307e-01   4.7491850e-02
 -7.5975523e-01   1.5444123e-01   5.8685482e-01
 -6.2945077e-01   2.9404718e-01   6.1494610e-01
 -2.0866315e-02   2.0722489e-01   4.3186903e-01
 -7.2837862e-01  -8.1992864e-02   4.6249457e-01
 -3.7471876e-01   7.0196655e-01   6.9812597e-01
 -4.3117057e-01   8.0873254e-01   7.6509975e-01
 -3.5186552e-01   4.1241724e-01   5.8002166e-01
 -7.9794578e-01   1.6694643e-01   6.7002919e-01
 -3.6467336e-01  -2.1396639e-02   4.0411859e-01
  7.6476240e-01  -4.5973909e-01   1.0469636e-01
 -3.4112434e-01  -3.9109737e-01   2.8239375e-01
 -7.8284454e-01   2.5570697e-01   7.1085775e-01
 -5.8815922e-01   1.9073265e-01   5.6185853e-01
 -6.4412232e-01   8.6427058e-01   8.9947611e-01
 -5.7534725e-01   8.7627421e-01   8.3430544e-01
  2.8088298e-01  -1.6196322e-01   2.5821656e-01
 -6.8366198e-01   8.0103049e-01   9.3984838e-01
 -3.1732268e-01  -4.0133276e-01   2.7885953e-01
 -6.5069294e-01   7.5593187e-01   8.1798941e-01
 -7.3806371e-01   1.5274950e-01   5.8580483e-01
  1.7458519e-01   1.7794692e-01   3.8988604e-01
 -2.1648763e-01  -2.4201604e-01   3.1344753e-01
 -5.6294528e-01   8.0805245e-01   7.9597816e-01