   2.7142800e-01  -4.4959019e-01   3.3682466e-08   1.6115431e-01
   4.5714200e-01  -4.5922467e-01   3.3686687e-08   1.2937232e-01
   1.0000000e-01  -3.4866916e-01   4.2983983e-08   2.1677843e-01
   6.7142800e-01  -4.6473604e-01   4.5796844e-06   1.0654022e-01
  -4.7142800e-01   2.4099880e-01   1.2673172e-02   5.4531979e-01
   4.2858000e-02  -3.1738536e-01   6.8039627e-08   2.3562545e-01
  -3.7142800e-01   5.4224953e-01   1.4389301e-02   6.2881798e-01
  -8.0000000e-01   8.4005989e-02   9.7202425e-02   5.7236454e-01
  -5.7142000e-02   1.0203717e-01   5.2800101e-04   3.9745532e-01
  -9.8571428e-01  -9.8009242e-01   3.3501390e-08   1.1274156e-02
  -7.4285800e-01   3.7864274e-01   1.5796389e-01   6.8477548e-01
   1.4286000e-02   4.5545164e-01   3.3316837e-08   4.1770031e-01
  -7.1428000e-02   3.8891226e-01   1.5283195e-04   5.0263670e-01
   7.5714200e-01  -6.0269113e-01   3.3501854e-08   5.3016085e-02
  -6.7142800e-01   9.0369770e-01   7.1259776e-04   9.7189727e-01
  -3.7142800e-01  -3.9554597e-01   1.1675953e-06   2.8175637e-01
   3.5714200e-01  -4.9118092e-01   3.3533573e-08   1.3688567e-01
  -8.5714280e-01  -1.9603069e-01   2.4224327e-02   4.6411391e-01
  -8.5714280e-01  -6.7552059e-01   5.0433348e-08   1.7485797e-01
   1.8571400e-01  -1.8033226e-01   6.2714612e-05   2.6017291e-01
  -3.4285800e-01   8.2517154e-01   1.6963180e-07   6.3071904e-01
  -1.7142800e-01   6.9630354e-02   7.1946278e-04   4.0938521e-01
   5.8571400e-01  -4.0266492e-01   8.4212429e-06   1.3575109e-01
  -7.1428600e-01  -2.6446925e-01   1.7771917e-04   3.6356949e-01
   5.5714200e-01  -4.2267350e-01   6.7208481e-06   1.3219416e-01
  -8.1428580e-01  -3.6726652e-01   1.4545141e-04   3.3782187e-01
  -5.5714200e-01  -4.4299406e-01   2.1600826e-07   2.6252197e-01
  -2.5714200e-01   1.8969368e-01   2.1076864e-03   4.7115612e-01
  -1.8571400e-01   2.2095282e-01   1.5744017e-03   4.6566232e-01
   9.8571400e-01  -6.9364358e-01   5.1480414e-08   4.0600186e-03
   8.7142800e-01  -6.4974306e-01   3.3501325e-08   2.7586967e-02
  -6.2857200e-01   2.6884043e-01   1.1933382e-01   6.0237385e-01
   8.7142800e-01  -6.0602447e-01   6.1319529e-07   4.1913300e-02
   8.2857200e-01  -6.1634415e-01   3.3502527e-08   4.0751721e-02
   8.7142800e-01  -5.9420857e-01   5.7219274e-07   4.5841071e-02
   4.7142800e-01  -1.5474346e-01   9.4388920e-07   2.3311329e-01
   5.0000000e-01  -1.6598213e-01   3.2528410e-08   2.1727602e-01
  -5.2857200e-01   8.8819990e-01   1.9992869e-02   8.2870006e-01
  -6.5714200e-01  -4.6147581e-01   1.7406635e-07   2.5940532e-01
   3.4285800e-01  -3.7173563e-01   3.6154824e-08   1.6853210e-01
  -4.5714200e-01   1.5336779e-01   5.3692951e-03   5.0773927e-01
   9.0000000e-01  -6.0820334e-01   2.2291720e-07   3.9068863e-02
   5.4285800e-01  -2.2038596e-01   2.9868745e-08   2.0527064e-01
  -4.7142800e-01   9.3020464e-01   3.2954126e-06   7.4880563e-01
   6.0000000e-01  -2.3288451e-01   3.3500830e-08   1.5728825e-01
   1.4285800e-01  -3.2614166e-01   4.3711335e-08   2.1455060e-01
  -7.1428000e-02  -2.3207860e-01   7.6384213e-07   2.8070279e-01
   2.2857200e-01  -3.7672579e-02   7.9335227e-05   3.0131477e-01
  -4.2858000e-02  -4.3130389e-02   2.3392967e-04   3.4471421e-01
  -7.1428600e-01  -2.4977652e-01   2.6860062e-04   3.7092414e-01
  -2.8572000e-02   4.6811002e-01   2.6797869e-08   4.5190300e-01
   2.8571400e-01  -4.7551046e-02   4.3394037e-05   2.9002628e-01
   8.1428600e-01  -5.4770751e-01   1.2320882e-06   6.6000650e-02
  -2.5714200e-01  -1.9776495e-01   2.3938934e-05   3.2892598e-01
   2.2857200e-01   3.3219448e-02   4.7292605e-05   3.2552996e-01
  -8.5714280e-01  -6.9027453e-01   4.4162977e-08   1.6655664e-01
  -4.5714200e-01  -4.8131265e-01   1.4453693e-07   2.5294776e-01
  -3.5714200e-01   4.8047086e-01   1.2007734e-02   6.0170159e-01
  -4.0000000e-01   3.4538580e-01   1.2795464e-02   5.6417618e-01
  -4.4285800e-01  -4.8347622e-01   1.4182076e-07   2.5288329e-01
   7.5714200e-01  -5.7367717e-01   3.4191350e-08   5.9859376e-02
   2.0000000e-01   3.1077129e-02   7.8059441e-05   3.2888190e-01
   0.0000000e+00  -3.0933382e-01   1.0594609e-07   2.4610226e-01
  -6.8571400e-01   5.9326561e-01   5.6468904e-01   7.4517432e-01
  -5.1428600e-01   2.0969715e-01   1.4778007e-02   5.4533632e-01
   2.4285800e-01   1.7963669e-01   3.3342327e-08   3.1227979e-01
   5.1428600e-01  -1.8578157e-01   3.1610786e-08   2.1384583e-01
  -8.7142860e-01  -4.0920495e-01   1.7166570e-03   3.3744937e-01
   1.8571400e-01  -3.9736184e-01   3.4917964e-08   1.8893193e-01
   7.1428600e-01  -4.5638610e-01   2.9764404e-06   1.0517090e-01
   7.8571400e-01  -6.2627023e-01   3.3501361e-08   4.3719039e-02
  -4.1428600e-01   6.0006925e-02   1.0031846e-03   4.4897150e-01
  -1.5714200e-01   2.6316159e-01   1.4304579e-03   4.7404354e-01
   8.2857200e-01  -5.1866635e-01   3.3498133e-08   7.2554098e-02
   4.7142800e-01  -3.2476021e-01   1.7101963e-05   1.7422153e-01
   1.8571400e-01  -3.3749085e-01   3.9910071e-08   2.0394651e-01
  -1.4285800e-01   1.7762189e-01   1.0607740e-03   4.4110824e-01
  -5.0000000e-01   1.0633030e-01   2.9131631e-03   4.8796266e-01
   9.0000000e-01  -5.8798564e-01   3.3501284e-08   3.9294787e-02
   5.0000000e-01  -5.3818015e-01   3.3505467e-08   1.0366548e-01
   3.7142800e-01  -5.1321109e-01   3.3511974e-08   1.2907531e-01
  -7.2857200e-01   6.2184685e-01   5.4152103e-08   8.7445792e-01
  -7.8571400e-01  -3.4751724e-01   8.1937968e-05   3.3971853e-01
   2.1428600e-01   2.0571856e-01   3.3107034e-08   3.2763876e-01
  -6.1428600e-01  -5.2498109e-01   5.7002838e-08   2.3134281e-01
  -1.4285800e-01   5.1284630e-02   5.7906232e-04   3.9700348e-01
   5.0000000e-01  -4.8303926e-01   3.3581311e-08   1.1718289e-01
  -5.7142000e-02   4.8128698e-01   2.0295323e-08   4.7393334e-01
  -6.2857200e-01  -5.7103838e-01   3.9975694e-08   2.1365132e-01
   3.7142800e-01  -1.7238358e-01   3.3240790e-05   2.3682781e-01
  -5.8571400e-01  -5.3303178e-01   5.1575288e-08   2.2930234e-01
   0.0000000e+00  -2.3576984e-01   2.5540541e-07   2.6489803e-01
   1.1428600e-01  -1.8332471e-01   5.9302566e-05   2.6977193e-01
   9.0000000e-01  -6.6426322e-01   3.3501300e-08   2.0726042e-02
  -3.1428600e-01  -3.7474168e-01   1.7565251e-06   2.8598996e-01
   3.8571400e-01  -5.0058076e-01   3.3522773e-08   1.3008976e-01
   6.0000000e-01  -2.8802455e-01   4.5276002e-07   1.7430583e-01
  -1.8571400e-01   6.3697060e-01   2.1841319e-08   5.4076274e-01
   4.4285800e-01  -4.9377975e-01   3.3536769e-08   1.2307069e-01
   5.0000000e-01  -2.2112217e-01   6.7579875e-06   2.0557371e-01
  -3.2857200e-01   4.1193632e-02   9.8489203e-04   4.3289232e-01
  -3.2857200e-01  -6.1280584e-02   2.0743706e-04   3.8139764e-01
   1.8571400e-01  -1.7284265e-01   6.6548368e-05   2.6270822e-01
   1.0000000e-01  -3.2385057e-01   4.9255974e-08   2.2307841e-01
   1.8571400e-01   1.1154158e-01   3.0943308e-05   3.5926591e-01
   5.1428600e-01  -3.8664855e-01   9.9568770e-06   1.4883319e-01
  -8.5714280e-01  -5.1323149e-01   6.6752234e-06   2.6840261e-01
  -3.7142800e-01   5.6943657e-01   1.3508275e-02   6.3932620e-01
   2.5714200e-01   1.6298272e-01   3.3373798e-08   3.0579412e-01
  -6.2857200e-01   4.0321989e-01   3.5385424e-01   6.5409942e-01
   4.2857200e-01  -4.7296008e-02   3.3458729e-08   2.3343619e-01
   9.7142800e-01  -6.7016990e-01   3.3501290e-08   1.1276911e-02
  -4.5714200e-01   4.2536568e-01   3.4728501e-02   6.1009935e-01
  -3.7142800e-01  -2.5963374e-01   1.6155741e-05   3.2294671e-01
   7.1428000e-02  -4.3132523e-01   3.5210730e-08   2.0060944e-01
   6.2857200e-01  -4.9514251e-01   1.7049521e-06   1.0054112e-01
  -4.4285800e-01   3.7572094e-02   1.0926133e-03   4.3845226e-01
  -9.5714280e-01  -7.9642809e-01   4.9976409e-06   1.2572006e-01
  -1.8571400e-01   4.5784313e-02   6.3874115e-04   4.0386385e-01
  -2.8571400e-01   5.8850753e-02   9.9568420e-04   4.3010409e-01
  -2.8572000e-02   9.9189243e-02   4.4897218e-04   3.9093108e-01
  -1.4286000e-02  -5.2402631e-03   2.7959277e-04   3.5262705e-01
  -5.0000000e-01   1.5331678e-01   7.4261596e-03   5.1914568e-01
   4.4285800e-01  -1.0464552e-01   3.1906686e-08   2.4352452e-01
   7.1428000e-02  -7.2799795e-02   1.5343531e-04   3.1462114e-01
   1.2857200e-01   8.8630675e-02   1.3572013e-04   3.5947310e-01
  -8.1428580e-01  -3.1932450e-01   6.2219686e-04   3.6454923e-01
  -1.4286000e-02   1.6265117e-01   4.4527956e-04   4.0980400e-01
  -3.1428600e-01  -8.5670706e-02   1.4833643e-04   3.7133907e-01
   2.8572000e-02  -6.1544123e-02   1.7967762e-04   3.2572613e-01
  -7.0000000e-01  -7.2136535e-01   3.3527763e-08   1.5346352e-01
  -2.2857200e-01   5.6028921e-01   4.8859319e-04   6.0192752e-01
   1.7142800e-01  -1.1785648e-01   9.5850095e-05   2.8339294e-01
   4.2857200e-01  -7.3556407e-02   3.3168360e-08   2.4232492e-01
   6.8571400e-01  -4.6641674e-01   4.3255931e-06   1.0458956e-01
  -3.8571400e-01   5.0853352e-01   1.7651341e-02   6.2011164e-01
  -2.5714200e-01   3.0710462e-01   3.3438220e-03   5.1287491e-01
   1.1428600e-01  -3.7057351e-01   3.8463895e-08   2.0855205e-01
   3.2857200e-01  -1.3005580e-01   4.2575351e-05   2.5647713e-01
  -8.1428580e-01  -3.9603224e-01   6.4752801e-05   3.2179340e-01
   4.0000000e-01  -1.6340625e-01   2.2796312e-05   2.3623875e-01
  -8.5714000e-02  -4.0568202e-01   6.8192960e-08   2.3754140e-01
   7.8571400e-01  -5.2780521e-01   1.7743017e-06   7.5064058e-02
   5.7142800e-01  -5.3804838e-01   3.3508117e-08   9.3507717e-02
   1.4286000e-02   3.4669499e-01   1.2207554e-08   4.6406432e-01
  -8.4285720e-01  -7.3233453e-01   3.5186531e-08   1.4216347e-01
  -9.1428580e-01  -8.8498064e-01   3.3506197e-08   6.4025193e-02
  -5.7142800e-01   3.4341614e-02   3.5934489e-03   4.6780033e-01
  -2.1428600e-01   1.4098145e-01   1.3103796e-03   4.4395709e-01
   6.1428600e-01  -2.6029684e-01   3.3497822e-08   1.5470060e-01
   1.7142800e-01  -4.2246606e-01   3.4265479e-08   1.8505706e-01
  -4.7142800e-01  -1.4189805e-01   1.8853607e-04   3.7352116e-01
   2.8571400e-01  -1.3289522e-01   5.8240832e-05   2.6145352e-01
  -7.1428600e-01   6.1708614e-01   1.9953299e-02   8.2944946e-01
   0.0000000e+00   8.6071795e-02   3.7180586e-04   3.8105600e-01
  -9.7142860e-01  -8.6576099e-01   1.1187811e-06   8.3634841e-02
   6.0000000e-01  -5.4534671e-01   3.3507108e-08   8.7748310e-02
   9.1428600e-01  -6.6738743e-01   3.3501302e-08   1.8284411e-02
  -4.2858000e-02  -3.7884864e-01   6.8146568e-08   2.3639525e-01
   1.0000000e+00  -7.0267617e-01   3.3501291e-08   0.0000000e+00
   6.5714200e-01  -3.8507156e-01   3.2481804e-06   1.3445836e-01
   6.5714200e-01  -4.3548575e-01   5.3964948e-06   1.1756641e-01
   2.2857200e-01  -2.2200885e-01   4.3153548e-05   2.3985243e-01
   8.7142800e-01  -5.6348755e-01   3.3500823e-08   5.3633243e-02
  -8.4285720e-01  -4.2399289e-01   9.5250152e-05   3.1546036e-01
   4.2858000e-02  -2.9978520e-01   8.1239241e-08   2.4011913e-01
   7.1428600e-01  -5.0890010e-01   2.7814310e-06   8.7840883e-02
   5.5714200e-01  -3.1278618e-01   8.8729702e-06   1.6847755e-01
  -4.0000000e-01  -1.4912413e-01   1.2134962e-04   3.6216986e-01
  -4.4285800e-01  -6.6636380e-02   4.5589690e-04   3.9830943e-01
   7.8571400e-01  -5.9869978e-01   3.3503158e-08   5.0311059e-02
   8.5714200e-01  -5.9265964e-01   7.8671845e-07   4.7521725e-02
   7.8571400e-01  -6.3611639e-01   3.3501308e-08   4.1339674e-02
  -8.8571420e-01  -4.2173411e-01   6.8293712e-03   3.3717882e-01
   6.1428600e-01  -3.2410221e-01   2.3392167e-06   1.5931055e-01
   4.7142800e-01  -3.2961783e-01   1.6698291e-05   1.7262243e-01
   6.8571400e-01  -6.1083193e-01   3.3501349e-08   6.0214793e-02
   2.0000000e-01  -2.2625863e-01   3.9782607e-05   2.4238168e-01
  -4.4285800e-01  -9.6407800e-02   3.1926708e-04   3.8700882e-01
  -2.8571400e-01   2.8926047e-01   3.9147407e-03   5.1362432e-01
  -7.1428000e-02  -1.3350731e-01   6.9671363e-06   3.0644655e-01
  -5.0000000e-01  -2.3821736e-01   2.5300256e-05   3.3885782e-01
  -4.2857200e-01   4.0809111e-01   2.2895667e-02   5.9533715e-01
   1.0000000e+00  -7.0267617e-01   3.3501291e-08   0.0000000e+00
  -5.0000000e-01   6.0748822e-01   1.1942422e-01   6.9145952e-01
  -4.2857200e-01  -2.0012822e-03   7.3710718e-04   4.2011384e-01
   7.1428600e-01  -5.8767280e-01   3.3502351e-08   6.2160494e-02
  -9.7142860e-01  -9.0412038e-01   3.4308904e-08   5.7054062e-02
   4.8571400e-01  -1.9318447e-01   4.7494340e-06   2.1683684e-01
  -6.7142800e-01   3.5420161e-01   4.7240772e-01   6.4769640e-01
  -6.1428600e-01  -2.4137388e-01   4.4070307e-05   3.5339244e-01
   7.1428000e-02   1.8328373e-01   1.5302085e-04   4.0169829e-01
   9.7142800e-01  -6.9301364e-01   3.3501291e-08   5.5604842e-03
  -1.4285800e-01   1.6709733e-01   1.0271226e-03   4.3746039e-01
  -7.1428600e-01   4.7015883e-01   4.1656392e-01   7.0408922e-01
  -3.8571400e-01   2.3132436e-01   5.9586214e-03   5.1834117e-01
  -2.8571400e-01   7.9857959e-01   4.3122776e-08   5.7852510e-01
   6.2857200e-01  -3.9273885e-01   6.3008875e-06   1.3454708e-01
  -7.5714200e-01  -6.7423520e-01   3.4801732e-08   1.6793478e-01
  -2.8571400e-01   6.4093218e-01   2.3882474e-04   6.5198896e-01
  -1.4285800e-01   5.0400235e-01   2.5204070e-07   5.6652358e-01
  -3.8571400e-01  -3.0924540e-01   6.2388038e-06   3.0789687e-01
   3.5714200e-01  -1.1897865e-01   2.8548267e-05   2.5649476e-01
   8.5714000e-02  -3.2078748e-02   1.7819290e-04   3.2597795e-01
   5.7142800e-01  -2.3083656e-01   3.3436330e-08   1.7914942e-01
  -6.1428600e-01   6.0944351e-01   7.4900437e-01   7.2743653e-01
   6.2857200e-01  -4.5759498e-01   4.9266455e-06   1.1318073e-01
  -6.8571400e-01  -3.8677266e-01   1.3186515e-06   2.9767574e-01
   1.4285800e-01  -9.7674488e-02   1.1363563e-04   2.9462136e-01
   1.0000000e-01  -6.7392992e-02   1.4754460e-04   3.1172931e-01
   7.1428000e-02   2.9631915e-02   2.2558120e-04   3.4914893e-01
  -1.5714200e-01   3.6981843e-01   1.2868466e-03   5.1201530e-01
   3.0000000e-01  -8.6393313e-02   4.6942958e-05   2.7490701e-01
   8.1428600e-01  -4.8455843e-01   3.3501286e-08   7.1805243e-02
   8.1428600e-01  -5.6989496e-01   1.2119365e-06   5.8665285e-02
   5.1428600e-01  -5.3841648e-01   3.3505725e-08   1.0154345e-01
   1.4285800e-01  -3.8916747e-01   3.5982619e-08   1.9862241e-01
  -1.1428600e-01  -2.8532540e-01   7.0526341e-07   2.7586691e-01
  -2.8571400e-01   1.0342551e-02   6.2845214e-04   4.1166098e-01
  -8.7142860e-01  -5.7518359e-01   1.5898670e-06   2.3626741e-01
  -5.7142000e-02   2.1872549e-01   6.1918648e-04   4.3746039e-01
   5.2857200e-01  -3.9594383e-01   9.1401946e-06   1.4417805e-01
   1.0000000e-01   1.8079286e-01   8.6471018e-05   3.9633673e-01
   1.8571400e-01  -2.7761986e-01   1.0784603e-05   2.2501584e-01
  -5.1428600e-01  -1.0642229e-01   4.3823971e-04   3.9446872e-01
   5.7142800e-01  -4.0019701e-01   8.9321544e-06   1.3810896e-01
   7.1428600e-01  -4.2487702e-01   1.2470079e-06   1.1604942e-01
  -7.2857200e-01  -4.1245158e-01   1.1947015e-06   2.9243926e-01
   7.7142800e-01  -4.5522993e-01   3.3494860e-08   9.5979105e-02
   3.5714200e-01  -2.7258626e-01   2.8000386e-05   2.0558032e-01
   5.0000000e-01  -4.1411357e-01   5.5403192e-06   1.4114516e-01
   7.2857200e-01  -3.9137185e-01   3.3500795e-08   1.0788640e-01
  -4.4285800e-01  -1.2618772e-01   1.9648713e-04   3.7570160e-01
   7.0000000e-01  -5.2953861e-01   1.3303604e-06   8.2286461e-02
   9.0000000e-01  -6.1004132e-01   2.6121809e-07   3.8426357e-02
   6.4285800e-01  -3.9481316e-01   5.2361687e-06   1.3242780e-01
   6.7142800e-01  -5.0399062e-01   2.3305480e-06   9.3530861e-02
  -8.1428580e-01  -7.8915781e-01   3.3525401e-08   1.1538487e-01
   2.0000000e-01  -3.4389910e-01   3.8731930e-08   1.9981155e-01
   9.2857200e-01  -6.7392490e-01   3.3501294e-08   1.5027800e-02
  -9.8571428e-01  -9.6091256e-01   3.3523752e-08   2.2809502e-02
  -1.7142800e-01  -3.5178487e-01   5.3084907e-07   2.6992016e-01
   6.8571400e-01  -4.9818766e-01   3.0567357e-06   9.4120467e-02
  -7.5714200e-01  -7.7443788e-01   3.3505581e-08   1.2756382e-01
   6.7142800e-01  -3.2885441e-01   3.3499012e-08   1.3199138e-01
   5.8571400e-01  -3.7982118e-01   8.9750928e-06   1.4325397e-01
  -1.1428600e-01   5.7630559e-01   2.6978449e-08   4.9351708e-01
   3.0000000e-01  -5.0454745e-01   3.3518209e-08   1.4242080e-01
   1.7142800e-01  -3.3108260e-01   4.1441526e-08   2.0811122e-01
  -6.5714200e-01  -6.4770191e-01   3.4052693e-08   1.8406299e-01
   1.1428600e-01  -1.6704479e-01   7.1095915e-05   2.7543325e-01
   1.0000000e-01   1.6424940e-01   1.1122904e-04   3.9037454e-01
  -1.5714200e-01   4.1248626e-01   1.0029586e-03   5.2759303e-01
  -9.2857140e-01  -7.1972885e-01   7.3426282e-07   1.6498124e-01
  -7.1428000e-02   2.2134388e-01   7.0125554e-04   4.4120192e-01
   2.0000000e-01  -4.1007122e-01   3.4426257e-08   1.8322157e-01
  -2.2857200e-01  -1.1240718e-01   4.2820530e-05   3.4658993e-01
   6.5714200e-01  -4.5754142e-01   5.0169995e-06   1.1032858e-01
  -2.7142800e-01   4.4785151e-01   4.3345094e-03   5.6714625e-01
  -8.8571420e-01  -5.7517254e-01   6.7968324e-06   2.4076770e-01
   1.4286000e-02   2.1073431e-01   2.9327293e-04   4.2125448e-01
   8.1428600e-01  -5.2381301e-01   5.3904873e-07   7.4208302e-02
  -1.7142800e-01   2.9654605e-01   1.6545477e-03   4.8891595e-01
   8.5714000e-02  -4.1868895e-01   3.5574184e-08   2.0135995e-01
   4.2858000e-02   1.6660425e-01   2.5746051e-04   4.0070092e-01
   3.2857200e-01  -2.7198182e-01   2.8045840e-05   2.0947062e-01
   5.2857200e-01  -4.9559052e-01   3.3555011e-08   1.0995994e-01
  -9.0000000e-01  -7.9351726e-01   3.4334752e-08   1.1369154e-01
   3.7142800e-01  -2.8792084e-01   2.4588809e-05   1.9864721e-01
  -3.1428600e-01   1.0285329e-01   1.6061130e-03   4.5298302e-01
   8.5714000e-02   2.3686719e-01   2.6029228e-05   4.2007527e-01
   7.8571400e-01  -5.4749753e-01   1.7119621e-06   6.8580591e-02
   4.2857200e-01  -3.4663310e-01   1.3858259e-05   1.7202896e-01
   7.0000000e-01  -6.0673518e-01   3.3501405e-08   5.9385487e-02
  -1.0000000e+00  -1.0000000e+00   3.3501291e-08   0.0000000e+00
   1.0000000e+00  -7.0267617e-01   3.3501291e-08   0.0000000e+00
  -8.7142860e-01  -4.8887453e-01   5.8961020e-05   2.8806075e-01
   2.1428600e-01  -5.4241539e-02   9.1143501e-05   2.9792315e-01
   3.7142800e-01  -7.9957858e-02   1.0113707e-05   2.6843953e-01
  -7.4285800e-01  -3.9006775e-01   3.9683857e-06   3.0660635e-01
  -8.5714000e-02   3.7353348e-01   3.5659620e-04   4.9879599e-01
  -4.7142800e-01  -2.3379585e-01   2.8828496e-05   3.3789902e-01
   7.7142800e-01  -5.7496341e-01   5.1798034e-07   6.0656722e-02
   1.8571400e-01  -3.1503901e-01   4.4260665e-08   2.0948936e-01
   8.1428600e-01  -5.5112077e-01   1.2921166e-06   6.4860561e-02
   1.4285800e-01   5.9887907e-02   1.3144590e-04   3.4738176e-01
  -9.4285720e-01  -7.2857102e-01   1.6339220e-05   1.6574552e-01
  -7.4285800e-01  -6.9490177e-01   3.3870886e-08   1.5964613e-01
   3.2857200e-01  -1.1772046e-01   4.0386686e-05   2.6057131e-01
   7.8571400e-01  -4.9629613e-01   7.3485125e-07   8.5826854e-02
  -1.4285800e-01  -2.2245517e-01   2.9163779e-06   2.9857007e-01
   6.5714200e-01  -5.2371015e-01   3.9299122e-07   8.7612204e-02
   7.2857200e-01  -4.1382198e-01   3.3411523e-08   1.1739394e-01
   5.0000000e-01  -4.6465953e-01   3.3702092e-08   1.2160549e-01
  -6.2857200e-01   3.3670014e-02   6.8489856e-03   4.8394011e-01
   5.5714200e-01  -4.7558195e-01   1.1623937e-07   1.1088788e-01
  -3.5714200e-01   8.0750005e-02   1.6080532e-03   4.5469123e-01
  -2.2857200e-01   5.0327974e-01   1.6559122e-03   5.7783080e-01
   6.2857200e-01  -3.0740233e-01   3.3007341e-08   1.6188553e-01
  -9.0000000e-01  -5.0950794e-01   1.2932981e-03   2.8950886e-01
   6.4285800e-01  -4.4404567e-01   5.6867447e-06   1.1621307e-01
  -9.2857140e-01  -8.0087425e-01   3.6504766e-08   1.1363423e-01
  -3.2857200e-01  -3.5666281e-02   2.5113744e-04   3.8937000e-01
  -3.0000000e-01  -2.0899087e-01   3.0076481e-05   3.3238758e-01
  -5.2857200e-01   6.0130780e-01   1.9393961e-01   6.9784601e-01
   6.5714200e-01  -4.8274852e-01   3.5840082e-06   1.0201127e-01
   2.8571400e-01  -3.6921416e-01   3.5905091e-08   1.7873505e-01
  -6.4285800e-01  -4.3087883e-02   3.7061505e-03   4.5179830e-01
   1.8571400e-01  -4.7968466e-01   3.3589393e-08   1.6763998e-01
   8.4285800e-01  -5.8310167e-01   9.6676978e-07   5.1885914e-02
  -4.7142800e-01   5.1667773e-01   6.0386690e-02   6.4835764e-01
   9.5714200e-01  -6.8109317e-01   3.3501309e-08   1.0029921e-02
  -7.1428600e-01  -2.0569833e-01   7.0172884e-04   3.9301399e-01
  -5.2857200e-01  -4.8252408e-01   1.1496273e-07   2.4920568e-01
  -2.0000000e-01  -3.2303530e-01   1.3974884e-06   2.8366184e-01
   1.4286000e-02  -3.9652021e-01   4.3214665e-08   2.2056073e-01
   4.2857200e-01  -5.2549788e-02   3.3435350e-08   2.3488982e-01
  -8.1428580e-01   4.5036202e-02   4.4035560e-02   5.7443643e-01
   2.8572000e-02   1.2601923e-01   3.2174489e-04   3.8932041e-01
   2.8572000e-02   1.7960268e-01   2.8797407e-04   4.0774864e-01
  -4.7142800e-01   4.4009836e-01   4.4736560e-02   6.1982510e-01
  -7.0000000e-01   2.6385019e-01   3.6318130e-01   6.2068471e-01
   1.1428600e-01  -3.4614938e-01   4.2123381e-08   2.1477212e-01
   8.4285800e-01  -6.1487343e-01   2.4588818e-07   4.1319286e-02
   1.7142800e-01  -2.8539001e-01   5.4446873e-08   2.1931099e-01
   4.1428600e-01  -2.8928699e-01   2.3436849e-05   1.9283050e-01
   6.7142800e-01  -4.8285393e-01   3.7722549e-06   1.0056536e-01
  -9.4285720e-01  -8.4365005e-01   3.4460284e-08   8.9805871e-02
   3.4285800e-01  -7.5809242e-02   2.1488034e-05   2.7305058e-01
   6.2857200e-01  -3.8932559e-01   6.1508376e-06   1.3568331e-01
   1.1428600e-01  -3.0544279e-01   5.3018521e-08   2.2502466e-01
  -4.2857200e-01   7.1565828e-01   1.8293498e-02   7.1401335e-01
   2.8571400e-01  -3.7577883e-01   3.5505508e-08   1.7712823e-01
  -1.4286000e-02  -3.9699883e-01   4.7886252e-08   2.2592395e-01
   5.8571400e-01  -4.5977470e-01   3.5346226e-06   1.1677127e-01
  -8.4285720e-01  -6.8364865e-01   4.2611992e-08   1.6822132e-01
   7.0000000e-01  -4.8818337e-01   3.6046587e-06   9.6041923e-02
  -4.2858000e-02   1.6788794e-01   5.5591737e-04   4.1718234e-01
   6.0000000e-01  -2.9170050e-01   7.4376299e-07   1.7252655e-01
  -9.2857140e-01  -8.8570835e-01   3.3521885e-08   6.3396463e-02
  -7.8571400e-01  -6.9037570e-01   3.5036238e-08   1.6070576e-01
   7.1428600e-01  -3.8023944e-01   3.3499723e-08   1.1513690e-01
  -9.7142860e-01  -9.7346322e-01   3.3501291e-08   1.6384996e-02
   1.0000000e+00  -7.0267617e-01   3.3501291e-08   0.0000000e+00
   7.2857200e-01  -5.1858899e-01   2.4904050e-06   8.3320200e-02
   7.1428000e-02   1.0645782e-01   2.2977655e-04   3.7504367e-01
   4.8571400e-01  -4.2477416e-01   3.5302525e-08   1.3309786e-01
   8.0000000e-01  -6.0195577e-01   3.3503462e-08   4.7713484e-02
  -3.0000000e-01   7.5354841e-01   1.5474151e-07   6.1456824e-01
  -5.1428600e-01  -7.4806093e-02   6.9129059e-04   4.0754476e-01
   9.8571400e-01  -6.9495703e-01   3.3501328e-08   3.4665550e-03
   8.1428600e-01  -6.4840411e-01   3.3501295e-08   3.4803308e-02
   1.4285800e-01  -1.1342733e-01   1.0437595e-04   2.8930939e-01
   2.8572000e-02  -1.7766287e-01   3.8043248e-07   2.7320928e-01
  -1.8571400e-01   5.3844097e-01   5.8839923e-05   5.8831147e-01
  -9.0000000e-01  -4.3721490e-01   8.0009884e-03   3.4230013e-01
  -8.5714280e-01  -5.5011592e-01   1.3325819e-06   2.4686214e-01
  -5.1428600e-01   7.6290830e-01   1.3865610e-01   7.5849281e-01
   5.7142000e-02   3.0962949e-01   2.1845540e-08   4.3445726e-01
   6.4285800e-01  -5.7533236e-01   3.3502344e-08   7.4602842e-02
  -4.1428600e-01   3.4785117e-01   1.4905244e-02   5.6908589e-01
   3.5714200e-01  -1.0716190e-01   2.5159246e-05   2.6057186e-01
  -5.4285800e-01   5.1700078e-01   1.8165036e-01   6.7048717e-01
   6.7142800e-01  -3.8622688e-01   1.9992742e-06   1.3286973e-01
   1.8571400e-01  -2.4768436e-01   2.7720029e-05   2.3681679e-01
   4.1428600e-01  -3.1620029e-01   1.9171663e-05   1.8390264e-01
   8.5714000e-02  -4.0187941e-01   3.6741541e-08   2.0576382e-01
   2.7142800e-01  -4.0271933e-01   3.4389135e-08   1.7288472e-01
  -4.2857200e-01  -1.3381335e-01   1.6597059e-04   3.7100790e-01
  -4.1428600e-01   1.4636275e-01   3.8587972e-03   4.9383668e-01
  -2.0000000e-01  -2.3428382e-01   6.4226671e-06   3.0770621e-01
   3.1428600e-01  -4.8338356e-01   3.3544141e-08   1.4563058e-01
   7.7142800e-01  -4.7413504e-01   4.6248875e-07   9.4722196e-02
  -6.4285800e-01   2.9486280e-01   1.8876952e-01   6.1693217e-01
  -1.1428600e-01   5.1475645e-01   6.5721764e-09   5.1939364e-01
   2.4285800e-01  -9.8703141e-02   7.5641331e-05   2.7893838e-01
  -2.5714200e-01   5.1844600e-01   2.5355695e-03   5.9027315e-01
   7.4285800e-01  -5.3300458e-01   2.0096655e-06   7.7239540e-02
  -7.0000000e-01  -5.9427309e-02   6.4546943e-03   4.6157364e-01
  -6.2857200e-01   8.9034222e-01   2.3300716e-01   8.7126192e-01
  -3.1428600e-01   6.5585190e-01   9.5525302e-04   6.6192961e-01
   8.2857200e-01  -5.6435468e-01   1.1259915e-06   5.9284648e-02
   1.8571400e-01  -1.8781337e-01   5.8879578e-05   2.5763706e-01
   4.2857200e-01  -4.9892642e-01   3.3528109e-08   1.2395731e-01
  -2.1428600e-01   4.4457853e-01   2.0240312e-03   5.5230139e-01
   8.7142800e-01  -5.7294011e-01   1.3182085e-07   5.3354971e-02
  -3.8571400e-01  -4.5893299e-02   3.7088740e-04   3.9642489e-01
  -1.4285800e-01  -3.4879583e-01   3.6677662e-07   2.6485891e-01
   5.0000000e-01  -5.1520464e-01   3.3516916e-08   1.0932239e-01
  -4.8571400e-01   7.3281383e-01   7.6983853e-02   7.3726147e-01
   8.7142800e-01  -6.5446891e-01   3.3501304e-08   2.6451286e-02
  -1.4286000e-02   4.2382695e-01   2.4612317e-08   4.5479592e-01
   9.1428600e-01  -6.5320818e-01   1.2333081e-07   2.2879483e-02
   4.2857200e-01  -4.3065703e-01   3.4017119e-08   1.4066080e-01
  -3.8571400e-01   4.9467647e-01   1.7474342e-02   6.1489886e-01
   1.1428600e-01   1.5046886e-01   9.9285167e-05   3.8325848e-01
   7.1428600e-01  -5.7716949e-01   3.3503766e-08   6.4667699e-02
  -2.8571400e-01  -1.7155896e-01   4.4915430e-05   3.4115287e-01
   1.5714200e-01  -3.0143359e-01   4.9435830e-08   2.1804802e-01
  -1.4285800e-01  -1.1888250e-02   3.6670016e-04   3.7449925e-01
   0.0000000e+00   3.5273939e-01   4.7493240e-08   4.8199496e-01
  -3.4285800e-01   2.3736026e-01   4.5953805e-03   5.0942544e-01
  -2.2857200e-01   6.2869887e-01   6.1574690e-08   5.9376670e-01
   6.0000000e-01  -3.5786922e-01   7.1317264e-06   1.4899519e-01
  -4.5714200e-01   3.9514369e-01   3.0009115e-02   5.9890785e-01
   2.1428600e-01  -1.4089491e-01   7.6732913e-05   2.6919720e-01
   5.7142800e-01  -3.6474929e-01   9.8620458e-06   1.4974294e-01
   6.4285800e-01  -3.8168466e-01   4.3938597e-06   1.3686032e-01
  -7.5714200e-01   3.9041699e-01   2.3504565e-02   7.4003317e-01
   1.1428600e-01  -1.5890058e-01   7.7014763e-05   2.7825895e-01
   4.5714200e-01  -2.7962360e-01   2.0507486e-05   1.9076632e-01
  -3.0000000e-01   8.1525057e-01   4.7605340e-08   5.8681816e-01
   5.4285800e-01  -3.9263514e-01   9.6061637e-06   1.4369865e-01
  -7.0000000e-01   7.8724741e-01   1.8323990e-07   9.4204224e-01
   4.2858000e-02  -4.3178260e-01   3.6022496e-08   2.0571312e-01
   8.5714200e-01  -6.4648708e-01   3.3501322e-08   3.0073783e-02
   1.5714200e-01  -2.8594004e-01   5.4959703e-08   2.2185566e-01
  -9.2857140e-01  -7.4554804e-01   1.3197648e-07   1.4838960e-01
   8.4285800e-01  -5.2966868e-01   3.3501064e-08   6.4322752e-02
   5.2857200e-01  -5.6924206e-01   3.3501842e-08   9.1778572e-02
   7.1428000e-02  -3.1181789e-01   6.0484899e-08   2.3154119e-01
   1.8571400e-01   5.9156799e-02   7.5279744e-05   3.4063766e-01
  -7.7142800e-01  -2.9236785e-01   2.8742572e-04   3.6493605e-01
  -8.1428580e-01  -3.5767794e-01   1.9177499e-04   3.4304402e-01
  -7.2857200e-01   1.0469806e-01   9.6335129e-02   5.6088099e-01
   7.5714200e-01  -5.4689394e-01   1.5555802e-06   7.1333006e-02
   8.2857200e-01  -5.4072287e-01   5.7369793e-07   6.7329744e-02
   8.5714200e-01  -5.5983796e-01   1.8559619e-07   5.8826187e-02
  -2.4285800e-01   1.4671130e-01   1.5494403e-03   4.5244301e-01
  -1.8571400e-01  -8.9553147e-03   4.0991401e-04   3.8401120e-01
   8.8571400e-01  -5.8945551e-01   1.5504042e-07   4.6582763e-02
   7.1428000e-02   4.6702450e-02   2.3265645e-04   3.5487087e-01
   9.1428600e-01  -6.6975078e-01   3.3501297e-08   1.7721805e-02
   8.7142800e-01  -5.6939508e-01   6.6284952e-08   5.4921009e-02
   1.1428600e-01   3.2957345e-01   3.2708721e-08   3.7222238e-01
  -9.8571428e-01  -9.1886412e-01   1.5098655e-05   5.4269687e-02
  -6.5714200e-01  -5.7998340e-01   3.9632229e-08   2.0918298e-01
   4.2858000e-02   3.5140469e-01   2.8210871e-08   4.2859426e-01
  -3.0000000e-01   3.4632094e-01   5.2609044e-03   5.3765491e-01
  -1.2857200e-01   2.7062570e-01   1.1373553e-03   4.7031304e-01
   2.8571400e-01  -1.3945819e-01   5.7921459e-05   2.5928850e-01
   4.1428600e-01  -1.9239555e-01   2.3371737e-05   2.2476071e-01
  -7.0000000e-01  -4.4427350e-01   3.6259365e-07   2.7221025e-01
  -8.5714000e-02   2.0370376e-01   7.8303891e-04   4.3812164e-01
  -3.4285800e-01   4.5942173e-01   9.9897569e-03   5.9000314e-01
  -5.0000000e-01   4.8219661e-01   8.0774542e-02   6.4416978e-01
   9.7142800e-01  -6.8041052e-01   9.9614063e-08   9.5125002e-03
  -1.2857200e-01   4.9925865e-01   1.1674981e-08   5.4649350e-01
  -9.1428580e-01  -5.5302165e-01   4.0290498e-03   2.6834971e-01
   4.1428600e-01  -6.8591670e-02   3.2401838e-08   2.5386137e-01
   9.1428600e-01  -6.1145933e-01   3.3500732e-08   3.6620619e-02
  -9.8571428e-01  -9.5501064e-01   3.3689774e-08   2.6625413e-02
   1.8571400e-01  -9.0524927e-02   1.0102957e-04   2.9028472e-01
  -7.5714200e-01   4.1547021e-01   8.7782715e-03   7.6669771e-01
   3.7142800e-01   6.6870079e-03   3.3326313e-08   2.6177808e-01
   9.2857200e-01  -6.4898050e-01   2.2149900e-07   2.3154449e-02
  -2.2857200e-01  -2.1501741e-01   1.2933868e-05   3.1876546e-01
  -5.0000000e-01  -3.7916829e-01   9.9784576e-07   2.8535296e-01
   8.7142800e-01  -6.6510314e-01   3.3501292e-08   2.3864181e-02
   6.1428600e-01  -5.4742102e-01   3.3507116e-08   8.5278575e-02
   3.4285800e-01  -3.3444816e-03   2.7618559e-08   2.9467536e-01
  -4.0000000e-01   1.1932873e-01   2.7765320e-03   4.7990654e-01
  -6.2857200e-01  -3.0227862e-01   7.8785220e-06   3.2810659e-01
  -1.1428600e-01   1.2144818e-02   4.1048070e-04   3.7752167e-01
  -8.2857140e-01  -5.3982769e-01   3.9017699e-07   2.4555619e-01
   9.2857200e-01  -6.7195601e-01   3.3501300e-08   1.5507199e-02
   7.2857200e-01  -6.2335599e-01   3.3501317e-08   5.1621969e-02
   7.2857200e-01  -4.0384490e-01   3.3496284e-08   1.1202081e-01
  -4.0000000e-01  -3.6105720e-01   2.1600181e-06   2.9197970e-01
  -8.5714280e-01  -3.5831979e-01   2.2683281e-03   3.6110361e-01
  -5.7142000e-02   2.5762727e-01   5.7626514e-04   4.5108747e-01
   3.2857200e-01  -1.4239963e-01   4.4221252e-05   2.5241325e-01
  -2.0000000e-01   3.0931494e-01   2.1349930e-03   5.0003582e-01
   3.0000000e-01  -1.8931810e-01   4.8904394e-05   2.4082280e-01
  -4.2857200e-01   4.1933241e-02   1.3430674e-03   4.5227219e-01
   2.8572000e-02  -3.4756646e-02   2.1110793e-04   3.3489368e-01
   6.5714200e-01  -5.4891724e-01   3.3510492e-08   7.9060707e-02
   6.4285800e-01  -5.9174320e-01   3.3501536e-08   7.0580294e-02
  -5.8571400e-01   9.9585989e-01   3.9191588e-08   8.9173284e-01
   3.1428600e-01  -3.1323335e-01   1.4978282e-05   1.9718532e-01
   3.1428600e-01  -1.4938767e-01   4.9138488e-05   2.5201926e-01
  -4.4285800e-01   3.6509173e-01   2.1954775e-02   5.8360564e-01
  -4.2857200e-01  -2.2169430e-01   3.3482473e-05   3.3884735e-01
  -1.4285800e-01  -1.8034076e-01   4.9001661e-06   3.0957918e-01
  -2.4285800e-01   1.9297517e-01   1.9792550e-03   4.6895750e-01
   7.2857200e-01  -4.9364458e-01   3.0943782e-06   9.1531158e-02
   6.5714200e-01  -4.2918376e-01   5.3502305e-06   1.1963665e-01
   2.0000000e-01  -2.1890674e-01   4.3425591e-05   2.4491313e-01
   5.7142800e-01  -2.6234564e-01   8.8873872e-07   1.8532100e-01
   1.2857200e-01  -3.0384370e-01   5.1547060e-08   2.2275605e-01
  -5.0000000e-01   7.1712050e-01   1.1668205e-01   7.3494162e-01
  -6.1428600e-01  -2.7473963e-01   1.5925741e-05   3.3831174e-01
   3.1428600e-01  -3.5734640e-01   3.7208713e-08   1.7675077e-01
   7.1428000e-02   2.0889803e-01   1.0879302e-04   4.1091158e-01
  -7.2857200e-01  -6.2210801e-01   3.8121881e-08   1.9111127e-01
   9.1428600e-01  -6.0200677e-01   3.3501291e-08   3.2941916e-02
  -7.0000000e-01   6.3730478e-02   2.6441603e-02   5.2414356e-01
  -8.0000000e-01  -4.2190498e-01   1.2296060e-05   3.0348860e-01
   6.0000000e-01  -4.7917884e-01   2.1061554e-06   1.0873058e-01
   3.5714200e-01  -5.2662863e-01   3.3505900e-08   1.2777211e-01
