   2.8923173e-01  -7.7909267e-01   4.9377593e-01   6.9287695e-01   9.6721311e-01
   2.7239988e-01  -7.3372780e-01   4.9377593e-01   6.5032378e-01   8.5792350e-01
   2.5556804e-01  -6.8836293e-01   4.9377593e-01   6.0777061e-01   8.5792350e-01
   2.3873617e-01  -6.4299803e-01   4.9377593e-01   5.6521741e-01   9.0710383e-01
   2.2190431e-01  -5.9763312e-01   4.9377593e-01   5.2266421e-01   8.6338798e-01
   2.0507247e-01  -5.5226825e-01   4.9377593e-01   4.8011104e-01   8.3606557e-01
   1.8824060e-01  -5.0690335e-01   4.9377593e-01   4.3755783e-01   8.6338798e-01
   1.7140876e-01  -4.6153844e-01   4.9377593e-01   3.9500463e-01   8.7978142e-01
   1.5457690e-01  -4.1617358e-01   4.9377593e-01   3.5245146e-01   7.7595628e-01
   1.3774504e-01  -3.7080867e-01   4.9377593e-01   3.0989826e-01   6.4480874e-01
   1.2018137e-01  -3.2347140e-01   4.9377593e-01   2.6549494e-01   6.5027322e-01
   1.0334951e-01  -2.7810651e-01   4.9377593e-01   2.2294175e-01   6.3934426e-01
   8.6517656e-02  -2.3274161e-01   4.9377593e-01   1.8038855e-01   4.4808743e-01
   6.9685806e-02  -1.8737674e-01   4.9377593e-01   1.3783538e-01   3.9890710e-01
   5.2853948e-02  -1.4201183e-01   4.9377593e-01   9.5282175e-02   4.8087432e-01
   3.6022094e-02  -9.6646939e-02   4.9377593e-01   5.2728981e-02   3.0601093e-01
   1.9190239e-02  -5.1282048e-02   4.9377593e-01   1.0175790e-02   1.8579235e-01
   2.3583837e-03  -5.9171556e-03   4.9377593e-01  -3.2377401e-02  -6.0109290e-02
  -1.4473471e-02   3.9447739e-02   4.9377593e-01  -7.4930594e-02   5.4644809e-02
  -3.1305325e-02   8.4812626e-02   4.9377593e-01  -1.1748378e-01  -1.8579235e-01
  -4.8137183e-02   1.3017752e-01   4.9377593e-01  -1.6003697e-01  -2.9508197e-01
  -6.4969037e-02   1.7554241e-01   4.9377593e-01  -2.0259016e-01  -4.6994536e-01
  -8.1800891e-02   2.2090731e-01   4.9377593e-01  -2.4514336e-01  -3.8797814e-01
  -9.8632745e-02   2.6627218e-01   4.9377593e-01  -2.8769653e-01  -5.1366120e-01
  -1.1619642e-01   3.1360945e-01   4.9377593e-01  -3.3209986e-01  -4.9726776e-01
  -1.3302828e-01   3.5897436e-01   4.9377593e-01  -3.7465306e-01  -5.5191257e-01
  -1.4986012e-01   4.0433926e-01   4.9377593e-01  -4.1720626e-01  -6.0655738e-01
  -1.6669198e-01   4.4970417e-01   4.9377593e-01  -4.5975947e-01  -6.7759563e-01
  -1.8352385e-01   4.9506904e-01   4.9377593e-01  -5.0231263e-01  -7.4863388e-01
  -2.0035569e-01   5.4043390e-01   4.9377593e-01  -5.4486580e-01  -7.5409836e-01
  -2.1718755e-01   5.8579885e-01   4.9377593e-01  -5.8741904e-01  -7.4316940e-01
  -2.3401942e-01   6.3116375e-01   4.9377593e-01  -6.2997224e-01  -7.2677596e-01
  -2.5085126e-01   6.7652862e-01   4.9377593e-01  -6.7252541e-01  -7.7049180e-01
  -2.6768311e-01   7.2189349e-01   4.9377593e-01  -7.1507858e-01  -6.9398907e-01
  -2.8451497e-01   7.6725835e-01   4.9377593e-01  -7.5763175e-01  -7.7049180e-01
  -3.1817869e-01   8.5798824e-01   4.9377593e-01  -8.4273823e-01  -5.7923497e-01
  -3.6940609e-01   9.9605531e-01   4.9377593e-01  -9.7224794e-01  -8.6885246e-01
   9.4388253e-01   1.1673172e-01  -1.0000000e+00   4.9676228e-01   2.1311475e-01
   7.1611175e-01   8.6560254e-02  -1.0000000e+00   3.6910270e-01   1.4207650e-01
   6.4018814e-01   7.6503095e-02  -1.0000000e+00   3.2654950e-01   8.1967213e-02
   5.6426459e-01   6.6445946e-02  -1.0000000e+00   2.8399633e-01   8.7431694e-02
   4.8834097e-01   5.6388793e-02  -1.0000000e+00   2.4144313e-01   4.9180328e-02
   4.1241742e-01   4.6331639e-02  -1.0000000e+00   1.9888994e-01   6.0109290e-02
   3.3649381e-01   3.6274485e-02  -1.0000000e+00   1.5633676e-01   1.0928962e-01
   2.6057021e-01   2.6217331e-02  -1.0000000e+00   1.1378356e-01   8.1967213e-02
   1.8134559e-01   1.5722907e-02  -1.0000000e+00   6.9380229e-02   1.4207650e-01
   1.0542200e-01   5.6657531e-03  -1.0000000e+00   2.6827039e-02   3.1147541e-01
   2.9498409e-02  -4.3914015e-03  -1.0000000e+00  -1.5726152e-02   1.6393443e-02
  -4.6425183e-02  -1.4448556e-02  -1.0000000e+00  -5.8279344e-02  -6.5573770e-02
  -1.2234877e-01  -2.4505711e-02  -1.0000000e+00  -1.0083253e-01  -9.8360656e-02
  -1.9827237e-01  -3.4562864e-02  -1.0000000e+00  -1.4338573e-01  -9.8360656e-02
  -2.7419593e-01  -4.4620018e-02  -1.0000000e+00  -1.8593890e-01  -1.8032787e-01
  -3.5011955e-01  -5.4677174e-02  -1.0000000e+00  -2.2849211e-01  -7.6502732e-02
  -4.2604313e-01  -6.4734328e-02  -1.0000000e+00  -2.7104529e-01  -5.4644809e-03
  -5.0196674e-01  -7.4791482e-02  -1.0000000e+00  -3.1359850e-01  -7.1038251e-02
  -5.7789032e-01  -8.4848640e-02  -1.0000000e+00  -3.5615168e-01  -2.1857923e-02
  -6.5381387e-01  -9.4905794e-02  -1.0000000e+00  -3.9870485e-01  -6.0109290e-02
  -7.2973755e-01  -1.0496295e-01  -1.0000000e+00  -4.4125809e-01  -1.2568306e-01
  -8.0566110e-01  -1.1502010e-01  -1.0000000e+00  -4.8381126e-01  -1.0928962e-01
  -8.8488568e-01  -1.2551452e-01  -1.0000000e+00  -5.2821456e-01  -4.3715847e-02
  -9.6080935e-01  -1.3557168e-01  -1.0000000e+00  -5.7076780e-01  -1.4754098e-01
   8.1017423e-01  -5.2502705e-01   1.0000000e+00   6.1702129e-01   6.8852459e-01
   7.5713735e-01  -4.9104373e-01   1.0000000e+00   5.7446812e-01   6.5027322e-01
   7.0410035e-01  -4.5706041e-01   1.0000000e+00   5.3191491e-01   6.4480874e-01
   6.5106341e-01  -4.2307708e-01   1.0000000e+00   4.8936172e-01   6.7213115e-01
   5.9802640e-01  -3.8909376e-01   1.0000000e+00   4.4680851e-01   6.6120219e-01
   5.4498953e-01  -3.5511043e-01   1.0000000e+00   4.0425534e-01   6.8306011e-01
   4.8964659e-01  -3.1964959e-01   1.0000000e+00   3.5985201e-01   6.7213115e-01
   4.3660958e-01  -2.8566625e-01   1.0000000e+00   3.1729880e-01   6.5573770e-01
   3.8357268e-01  -2.5168294e-01   1.0000000e+00   2.7474563e-01   6.4480874e-01
   3.3053573e-01  -2.1769961e-01   1.0000000e+00   2.3219244e-01   5.4644809e-01
   2.7749876e-01  -1.8371629e-01   1.0000000e+00   1.8963924e-01   4.2076503e-01
   2.2446184e-01  -1.4973298e-01   1.0000000e+00   1.4708606e-01   4.7540984e-01
   1.7142488e-01  -1.1574965e-01   1.0000000e+00   1.0453287e-01   5.4098361e-01
   1.1838792e-01  -8.1766330e-02   1.0000000e+00   6.1979675e-02   3.0054645e-01
   6.5350975e-02  -4.7783008e-02   1.0000000e+00   1.9426485e-02   2.0765027e-01
   1.2314021e-02  -1.3799685e-02   1.0000000e+00  -2.3126707e-02   1.3114754e-01
  -4.0722931e-02   2.0183637e-02   1.0000000e+00  -6.5679898e-02  -8.7431694e-02
  -9.3759879e-02   5.4166954e-02   1.0000000e+00  -1.0823308e-01  -1.6939891e-01
  -1.4679683e-01   8.8150279e-02   1.0000000e+00  -1.5078628e-01  -1.8579235e-01
  -1.9983378e-01   1.2213360e-01   1.0000000e+00  -1.9333947e-01  -2.9508197e-01
  -2.5517669e-01   1.5759445e-01   1.0000000e+00  -2.3774279e-01  -3.6612022e-01
  -3.0821365e-01   1.9157778e-01   1.0000000e+00  -2.8029599e-01  -4.5355191e-01
  -3.6125062e-01   2.2556110e-01   1.0000000e+00  -3.2284919e-01  -4.9726776e-01
  -4.1428756e-01   2.5954443e-01   1.0000000e+00  -3.6540238e-01  -5.3551913e-01
  -4.6732450e-01   2.9352773e-01   1.0000000e+00  -4.0795555e-01  -5.6284153e-01
  -5.2036147e-01   3.2751110e-01   1.0000000e+00  -4.5050878e-01  -5.4098361e-01
  -5.7339841e-01   3.6149438e-01   1.0000000e+00  -4.9306194e-01  -5.7377049e-01
  -6.2643535e-01   3.9547771e-01   1.0000000e+00  -5.3561513e-01  -5.3005464e-01
  -6.7947230e-01   4.2946103e-01   1.0000000e+00  -5.7816832e-01  -4.4262295e-01
  -7.3250924e-01   4.6344436e-01   1.0000000e+00  -6.2072151e-01  -4.7540984e-01
  -7.8554624e-01   4.9742768e-01   1.0000000e+00  -6.6327472e-01  -4.5901639e-01
  -8.3858318e-01   5.3141101e-01   1.0000000e+00  -7.0582791e-01  -4.6448087e-01
  -8.9162012e-01   5.6539433e-01   1.0000000e+00  -7.4838110e-01  -4.3169399e-01
  -9.4465706e-01   5.9937762e-01   1.0000000e+00  -7.9093426e-01  -5.4098361e-01
  -1.0000000e+00   6.3483852e-01   1.0000000e+00  -8.3533763e-01  -5.3005464e-01
   6.2590608e-01  -9.7733949e-01   6.3485477e-01   9.2044406e-01   7.8688525e-01
   5.9803685e-01  -9.3395942e-01   6.3485477e-01   8.7789084e-01   8.3060109e-01
   5.7016768e-01  -8.9057934e-01   6.3485477e-01   8.3533764e-01   9.4535519e-01
   5.4229849e-01  -8.4719935e-01   6.3485477e-01   7.9278450e-01   9.5081967e-01
   4.8534841e-01  -7.5855313e-01   6.3485477e-01   7.0582797e-01   9.3989071e-01
   4.5747921e-01  -7.1517306e-01   6.3485477e-01   6.6327476e-01   6.7213115e-01
   4.2961002e-01  -6.7179298e-01   6.3485477e-01   6.2072156e-01   8.6885246e-01
   4.0174085e-01  -6.2841299e-01   6.3485477e-01   5.7816842e-01   9.2349727e-01
   3.7387165e-01  -5.8503291e-01   6.3485477e-01   5.3561521e-01   9.3442623e-01
   3.4600242e-01  -5.4165284e-01   6.3485477e-01   4.9306200e-01   9.0710383e-01
   3.1813326e-01  -4.9827277e-01   6.3485477e-01   4.5050880e-01   8.2513661e-01
   2.9026406e-01  -4.5489273e-01   6.3485477e-01   4.0795562e-01   7.9781421e-01
   2.6239487e-01  -4.1151266e-01   6.3485477e-01   3.6540242e-01   7.6502732e-01
   2.3452568e-01  -3.6813262e-01   6.3485477e-01   3.2284925e-01   7.7595628e-01
   2.0665647e-01  -3.2475255e-01   6.3485477e-01   2.8029604e-01   7.1584699e-01
   1.7878729e-01  -2.8137249e-01   6.3485477e-01   2.3774285e-01   6.2295082e-01
   1.5091809e-01  -2.3799244e-01   6.3485477e-01   1.9518966e-01   3.9890710e-01
   1.2304890e-01  -1.9461239e-01   6.3485477e-01   1.5263647e-01   4.6448087e-01
   9.3968007e-02  -1.4934624e-01   6.3485477e-01   1.0823314e-01   4.7540984e-01
   6.6098810e-02  -1.0596619e-01   6.3485477e-01   6.5679949e-02   4.9180328e-02
   3.8229621e-02  -6.2586137e-02   6.3485477e-01   2.3126764e-02   2.0218579e-01
   1.0360428e-02  -1.9206079e-02   6.3485477e-01  -1.9426429e-02   1.5846995e-01
  -1.7508765e-02   2.4173979e-02   6.3485477e-01  -6.1979622e-02  -9.8360656e-02
  -4.5377958e-02   6.7554031e-02   6.3485477e-01  -1.0453281e-01  -1.8032787e-01
  -7.3247151e-02   1.1093409e-01   6.3485477e-01  -1.4708601e-01  -2.8415301e-01
  -1.0111635e-01   1.5431416e-01   6.3485477e-01  -1.8963921e-01  -3.6612022e-01
  -1.2898553e-01   1.9769419e-01   6.3485477e-01  -2.3219238e-01  -4.0983607e-01
  -1.5685473e-01   2.4107425e-01   6.3485477e-01  -2.7474557e-01  -4.6994536e-01
  -1.8472392e-01   2.8445430e-01   6.3485477e-01  -3.1729876e-01  -6.0655738e-01
  -2.1259310e-01   3.2783436e-01   6.3485477e-01  -3.5985195e-01  -6.9398907e-01
  -2.4046232e-01   3.7121443e-01   6.3485477e-01  -4.0240516e-01  -6.7759563e-01
  -2.6833150e-01   4.1459447e-01   6.3485477e-01  -4.4495833e-01  -6.9398907e-01
  -2.9741238e-01   4.5986061e-01   6.3485477e-01  -4.8936165e-01  -7.5409836e-01
  -3.2528161e-01   5.0324068e-01   6.3485477e-01  -5.3191487e-01  -7.8688525e-01
  -3.5315077e-01   5.4662072e-01   6.3485477e-01  -5.7446803e-01  -8.2513661e-01
  -3.8101997e-01   5.9000079e-01   6.3485477e-01  -6.1702124e-01  -8.2513661e-01
  -4.0888917e-01   6.3338083e-01   6.3485477e-01  -6.5957442e-01  -8.8524590e-01
  -4.3675836e-01   6.7676090e-01   6.3485477e-01  -7.0212762e-01  -8.6338798e-01
  -4.6462753e-01   7.2014090e-01   6.3485477e-01  -7.4468076e-01  -8.0327869e-01
  -4.9249676e-01   7.6352105e-01   6.3485477e-01  -7.8723404e-01  -6.9945355e-01
  -5.2036596e-01   8.0690112e-01   6.3485477e-01  -8.2978724e-01  -6.6120219e-01
  -5.4823515e-01   8.5028112e-01   6.3485477e-01  -8.7234038e-01  -8.1967213e-01
  -5.7610432e-01   8.9366119e-01   6.3485477e-01  -9.1489359e-01  -8.5245902e-01
  -6.0397348e-01   9.3704119e-01   6.3485477e-01  -9.5744672e-01  -8.6338798e-01
  -6.3184271e-01   9.8042134e-01   6.3485477e-01  -1.0000000e+00  -8.9617486e-01
   8.7847329e-01   4.7986029e-01  -4.9377593e-01   6.2442188e-01  -1.8579235e-01
   8.2159799e-01   4.4817030e-01  -4.9377593e-01   5.8186862e-01  -1.5846995e-01
   7.6225005e-01   4.1510253e-01  -4.9377593e-01   5.3746532e-01  -6.0109290e-02
   7.0784771e-01   3.8479039e-01  -4.9377593e-01   4.9676227e-01  -2.4043716e-01
   6.5097254e-01   3.5310044e-01  -4.9377593e-01   4.5420908e-01  -1.0928962e-01
   5.9409737e-01   3.2141048e-01  -4.9377593e-01   4.1165589e-01  -9.8360656e-02
   5.3722223e-01   2.8972053e-01  -4.9377593e-01   3.6910271e-01  -7.6502732e-02
   4.8034702e-01   2.5803056e-01  -4.9377593e-01   3.2654950e-01  -8.7431694e-02
   4.2347188e-01   2.2634060e-01  -4.9377593e-01   2.8399632e-01  -4.9180328e-02
   3.6659671e-01   1.9465063e-01  -4.9377593e-01   2.4144312e-01  -4.3715847e-02
   3.0972154e-01   1.6296068e-01  -4.9377593e-01   1.9888994e-01  -1.4207650e-01
   2.5037355e-01   1.2989289e-01  -4.9377593e-01   1.5448661e-01  -1.3114754e-01
   1.9597121e-01   9.9580759e-02  -4.9377593e-01   1.1378356e-01  -8.1967213e-02
   1.3662321e-01   6.6512976e-02  -4.9377593e-01   6.9380232e-02  -2.7322404e-02
   7.7275203e-02   3.3445187e-02  -4.9377593e-01   2.4976898e-02   7.6502732e-02
   2.0400037e-02   1.7552283e-03  -4.9377593e-01  -1.7576291e-02   5.4644809e-03
  -3.4002296e-02  -2.8556907e-02  -4.9377593e-01  -5.8279342e-02  -4.3715847e-02
  -9.0877465e-02  -6.0246868e-02  -4.9377593e-01  -1.0083253e-01   1.6393443e-02
  -1.4775263e-01  -9.1936831e-02  -4.9377593e-01  -1.4338572e-01   1.3661202e-01
  -2.0215497e-01  -1.2224896e-01  -4.9377593e-01  -1.8408878e-01  -2.1857923e-01
  -2.6150296e-01  -1.5531675e-01  -4.9377593e-01  -2.2849210e-01   2.7322404e-02
  -3.1837813e-01  -1.8700670e-01  -4.9377593e-01  -2.7104529e-01   1.2568306e-01
  -3.7525330e-01  -2.1869667e-01  -4.9377593e-01  -3.1359849e-01   1.8579235e-01
  -4.3212848e-01  -2.5038663e-01  -4.9377593e-01  -3.5615168e-01   1.8579235e-01
  -4.8900362e-01  -2.8207658e-01  -4.9377593e-01  -3.9870485e-01  -3.2786885e-02
  -5.4587885e-01  -3.1376655e-01  -4.9377593e-01  -4.4125808e-01   1.7486339e-01
  -7.7832515e-01  -4.4328207e-01  -4.9377593e-01  -6.1517112e-01   4.3715847e-02
  -8.3272749e-01  -4.7359417e-01  -4.9377593e-01  -6.5587415e-01  -3.8251366e-02
   6.9900770e-02  -9.2220317e-01   3.2780083e-01   8.0758561e-01   7.9781421e-01
   6.3116475e-02  -8.2935894e-01   3.2780083e-01   7.2247920e-01   5.3551913e-01
   5.9724330e-02  -7.8293687e-01   3.2780083e-01   6.7992603e-01   7.4863388e-01
   5.6332176e-02  -7.3651471e-01   3.2780083e-01   6.3737280e-01   6.9398907e-01
   5.2940031e-02  -6.9009263e-01   3.2780083e-01   5.9481963e-01   6.0109290e-01
   4.9547882e-02  -6.4367052e-01   3.2780083e-01   5.5226643e-01   8.8524590e-01
   4.6155736e-02  -5.9724844e-01   3.2780083e-01   5.0971326e-01   8.1420765e-01
   4.2763587e-02  -5.5082632e-01   3.2780083e-01   4.6716006e-01   7.8688525e-01
   3.9371438e-02  -5.0440421e-01   3.2780083e-01   4.2460686e-01   7.5956284e-01
   3.5979288e-02  -4.5798209e-01   3.2780083e-01   3.8205366e-01   7.2677596e-01
   3.2587143e-02  -4.1156001e-01   3.2780083e-01   3.3950049e-01   6.4480874e-01
   2.9047510e-02  -3.6311954e-01   3.2780083e-01   2.9509715e-01   4.4262295e-01
   2.5655362e-02  -3.1669745e-01   3.2780083e-01   2.5254396e-01   4.2076503e-01
   2.2263213e-02  -2.7027535e-01   3.2780083e-01   2.0999078e-01   2.6775956e-01
   1.8871066e-02  -2.2385325e-01   3.2780083e-01   1.6743757e-01   4.5355191e-01
   1.5478917e-02  -1.7743114e-01   3.2780083e-01   1.2488439e-01   4.8633880e-01
   1.2086770e-02  -1.3100903e-01   3.2780083e-01   8.2331197e-02   2.8961749e-01
   8.6946216e-03  -8.4586929e-02   3.2780083e-01   3.9778008e-02   1.0928962e-02
   5.3024740e-03  -3.8164828e-02   3.2780083e-01  -2.7751807e-03  -4.9180328e-02
   1.9103259e-03   8.2572763e-03   3.2780083e-01  -4.5328372e-02   3.8251366e-02
  -1.4818219e-03   5.4679380e-02   3.2780083e-01  -8.7881563e-02  -7.6502732e-02
  -4.8739702e-03   1.0110148e-01   3.2780083e-01  -1.3043475e-01  -2.4043716e-01
  -8.2661180e-03   1.4752359e-01   3.2780083e-01  -1.7298794e-01  -2.6775956e-01
  -1.1658266e-02   1.9394569e-01   3.2780083e-01  -2.1554114e-01  -3.0054645e-01
  -1.5050414e-02   2.4036779e-01   3.2780083e-01  -2.5809432e-01  -2.6775956e-01
  -1.8442563e-02   2.8678991e-01   3.2780083e-01  -3.0064752e-01  -3.9890710e-01
  -2.1982195e-02   3.3523036e-01   3.2780083e-01  -3.4505085e-01  -5.0273224e-01
  -2.5374342e-02   3.8165244e-01   3.2780083e-01  -3.8760402e-01  -5.6830601e-01
  -2.8766491e-02   4.2807455e-01   3.2780083e-01  -4.3015722e-01  -5.7923497e-01
  -3.2158639e-02   4.7449667e-01   3.2780083e-01  -4.7271042e-01  -5.9562842e-01
  -3.5550788e-02   5.2091879e-01   3.2780083e-01  -5.1526362e-01  -6.0655738e-01
  -3.8942933e-02   5.6734086e-01   3.2780083e-01  -5.5781679e-01  -5.8469945e-01
  -4.2335083e-02   6.1376298e-01   3.2780083e-01  -6.0036999e-01  -6.1202186e-01
  -4.5727228e-02   6.6018502e-01   3.2780083e-01  -6.4292312e-01  -6.1748634e-01
  -4.9119381e-02   7.0660725e-01   3.2780083e-01  -6.8547643e-01  -4.7540984e-01
  -5.2511527e-02   7.5302933e-01   3.2780083e-01  -7.2802960e-01  -6.0109290e-01
  -5.5903676e-02   7.9945140e-01   3.2780083e-01  -7.7058276e-01  -6.0655738e-01
  -5.9295821e-02   8.4587348e-01   3.2780083e-01  -8.1313593e-01  -5.6284153e-01
   8.4342050e-01   9.9917407e-01  -1.5352697e-01   1.0000000e+00  -3.3333333e-01
   8.0872106e-01   9.5758982e-01  -1.5352697e-01   9.5744687e-01  -3.2240437e-01
   7.7402155e-01   9.1600542e-01  -1.5352697e-01   9.1489359e-01  -2.8961749e-01
   7.3781347e-01   8.7261317e-01  -1.5352697e-01   8.7049034e-01  -3.6065574e-01
   7.0311403e-01   8.3102884e-01  -1.5352697e-01   8.2793714e-01  -2.2404372e-01
   6.6841452e-01   7.8944444e-01  -1.5352697e-01   7.8538386e-01  -2.3497268e-01
   6.3371507e-01   7.4786019e-01  -1.5352697e-01   7.4283073e-01  -3.2786885e-01
   5.6280748e-01   6.6288353e-01  -1.5352697e-01   6.5587420e-01  -2.9508197e-01
   5.2961677e-01   6.2310728e-01  -1.5352697e-01   6.1517120e-01  -2.2950820e-01
   4.9491726e-01   5.8152288e-01  -1.5352697e-01   5.7261793e-01  -3.0601093e-01
   4.5870915e-01   5.3813059e-01  -1.5352697e-01   5.2821463e-01  -3.9890710e-01
   4.2400967e-01   4.9654626e-01  -1.5352697e-01   4.8566143e-01  -3.0601093e-01
   3.8931026e-01   4.5496198e-01  -1.5352697e-01   4.4310827e-01  -3.1147541e-01
   3.5461078e-01   4.1337765e-01  -1.5352697e-01   4.0055506e-01  -3.0601093e-01
   3.1991133e-01   3.7179332e-01  -1.5352697e-01   3.5800187e-01  -3.2240437e-01
   2.8521189e-01   3.3020903e-01  -1.5352697e-01   3.1544870e-01  -3.4972678e-01
   2.5051241e-01   2.8862469e-01  -1.5352697e-01   2.7289548e-01  -2.8961749e-01
   2.1581297e-01   2.4704040e-01  -1.5352697e-01   2.3034231e-01  -2.5136612e-01
   1.8111350e-01   2.0545605e-01  -1.5352697e-01   1.8778911e-01  -2.1857923e-01
   1.4641404e-01   1.6387177e-01  -1.5352697e-01   1.4523592e-01  -1.9125683e-01
   1.1171458e-01   1.2228744e-01  -1.5352697e-01   1.0268272e-01  -1.0382514e-01
   7.7015136e-02   8.0703133e-02  -1.5352697e-01   6.0129540e-02  -2.1311475e-01
   4.2315675e-02   3.9118811e-02  -1.5352697e-01   1.7576342e-02  -8.7431694e-02
   7.6162197e-03  -2.4655006e-03  -1.5352697e-01  -2.4976845e-02  -5.4644809e-03
  -2.8591907e-02  -4.5857829e-02  -1.5352697e-01  -6.9380174e-02  -5.4644809e-03
  -6.3291366e-02  -8.7442146e-02  -1.5352697e-01  -1.1193337e-01   1.7486339e-01
  -9.7990820e-02  -1.2902645e-01  -1.5352697e-01  -1.5448655e-01   2.2404372e-01
  -1.3269028e-01  -1.7061077e-01  -1.5352697e-01  -1.9703975e-01   2.7322404e-02
  -1.6738974e-01  -2.1219510e-01  -1.5352697e-01  -2.3959295e-01   7.1038251e-02
  -2.0208919e-01  -2.5377940e-01  -1.5352697e-01  -2.8214613e-01   2.0218579e-01
  -2.3527997e-01  -2.9355571e-01  -1.5352697e-01  -3.2284919e-01   3.6065574e-01
  -2.6997943e-01  -3.3514004e-01  -1.5352697e-01  -3.6540239e-01   3.9344262e-01
  -3.0618757e-01  -3.7853236e-01  -1.5352697e-01  -4.0980572e-01   4.0983607e-01
  -3.4088699e-01  -4.2011665e-01  -1.5352697e-01  -4.5235888e-01   4.3169399e-01
  -3.7558646e-01  -4.6170098e-01  -1.5352697e-01  -4.9491208e-01   5.1912568e-01
  -4.1028591e-01  -5.0328531e-01  -1.5352697e-01  -5.3746528e-01   4.9180328e-01
  -4.4498539e-01  -5.4486963e-01  -1.5352697e-01  -5.8001849e-01   4.1530055e-01
  -4.7968483e-01  -5.8645392e-01  -1.5352697e-01  -6.2257165e-01   4.4262295e-01
  -5.1438431e-01  -6.2803821e-01  -1.5352697e-01  -6.6512482e-01   5.0273224e-01
  -5.4908372e-01  -6.6962253e-01  -1.5352697e-01  -7.0767802e-01   4.1530055e-01
  -5.8378323e-01  -7.1120686e-01  -1.5352697e-01  -7.5023123e-01   1.4207650e-01
  -6.1848268e-01  -7.5279119e-01  -1.5352697e-01  -7.9278443e-01   3.6065574e-01
  -6.5318212e-01  -7.9437551e-01  -1.5352697e-01  -8.3533763e-01   2.8415301e-01
  -6.8788157e-01  -8.3595976e-01  -1.5352697e-01  -8.7789076e-01   3.0054645e-01
  -7.2258101e-01  -8.7754409e-01  -1.5352697e-01  -9.2044396e-01   2.7322404e-01
  -7.5728052e-01  -9.1912849e-01  -1.5352697e-01  -9.6299724e-01   1.3114754e-01
   1.0000000e+00   1.2416527e-01  -1.0000000e+00   5.2821465e-01   2.0218579e-01
   9.1747434e-01   1.1323358e-01  -1.0000000e+00   4.8196118e-01   9.8360656e-02
   8.5145386e-01   1.0448823e-01  -1.0000000e+00   4.4495842e-01   6.0109290e-02
   7.6892820e-01   9.3556537e-02  -1.0000000e+00   3.9870494e-01   1.1475410e-01
   6.9300458e-01   8.3499378e-02  -1.0000000e+00   3.5615174e-01   6.0109290e-02
   6.1708097e-01   7.3442229e-02  -1.0000000e+00   3.1359854e-01   7.6502732e-02
   5.4115736e-01   6.3385071e-02  -1.0000000e+00   2.7104533e-01   6.0109290e-02
   4.6853483e-01   5.3765188e-02  -1.0000000e+00   2.3034230e-01   8.7431694e-02
   3.8931019e-01   4.3270763e-02  -1.0000000e+00   1.8593896e-01   1.1475410e-01
   3.1338661e-01   3.3213609e-02  -1.0000000e+00   1.4338577e-01   1.3114754e-01
   2.3746303e-01   2.3156456e-02  -1.0000000e+00   1.0083259e-01   1.2568306e-01
   1.5823841e-01   1.2662034e-02  -1.0000000e+00   5.6429256e-02   1.0382514e-01
   8.5615849e-02   3.0421470e-03  -1.0000000e+00   1.5726208e-02  -6.5573770e-02
   6.3912291e-03  -7.4522746e-03  -1.0000000e+00  -2.8677123e-02  -6.5573770e-02
  -6.6231331e-02  -1.7072161e-02  -1.0000000e+00  -6.9380172e-02  -3.2786885e-02
  -1.3885390e-01  -2.6692050e-02  -1.0000000e+00  -1.1008323e-01  -5.4644809e-03
  -2.2137955e-01  -3.7623737e-02  -1.0000000e+00  -1.5633670e-01   0.0000000e+00
  -2.9730316e-01  -4.7680894e-02  -1.0000000e+00  -1.9888990e-01  -1.6393443e-01
  -3.7322671e-01  -5.7738045e-02  -1.0000000e+00  -2.4144307e-01  -1.0928962e-01
  -4.4584930e-01  -6.7357933e-02  -1.0000000e+00  -2.8214614e-01  -1.6393443e-02
  -5.2177289e-01  -7.7415087e-02  -1.0000000e+00  -3.2469932e-01  -2.1857923e-02
  -6.0099749e-01  -8.7909506e-02  -1.0000000e+00  -3.6910265e-01  -3.8251366e-02
  -6.7692111e-01  -9.7966670e-02  -1.0000000e+00  -4.1165585e-01  -3.2786885e-02
  -7.5284466e-01  -1.0802382e-01  -1.0000000e+00  -4.5420902e-01  -1.0382514e-01
  -8.2876827e-01  -1.1808098e-01  -1.0000000e+00  -4.9676222e-01  -1.0382514e-01
  -9.0469188e-01  -1.2813813e-01  -1.0000000e+00  -5.3931542e-01  -1.8579235e-01
  -9.8061543e-01  -1.3819527e-01  -1.0000000e+00  -5.8186859e-01  -1.4207650e-01
   3.7119555e-01  -1.0000000e+00   4.9377593e-01   9.0009252e-01   8.0874317e-01
   3.2069999e-01  -8.6390532e-01   4.9377593e-01   7.7243294e-01   6.1202186e-01
   3.0459997e-01  -8.2051284e-01   4.9377593e-01   7.3172991e-01   8.5245902e-01
   2.8703627e-01  -7.7317551e-01   4.9377593e-01   6.8732653e-01   9.0163934e-01
   2.7093623e-01  -7.2978303e-01   4.9377593e-01   6.4662350e-01   1.0000000e+00
   2.5410439e-01  -6.8441816e-01   4.9377593e-01   6.0407034e-01   9.4535519e-01
   2.3727254e-01  -6.3905326e-01   4.9377593e-01   5.6151713e-01   9.2896175e-01
   2.2044068e-01  -5.9368839e-01   4.9377593e-01   5.1896396e-01   8.7431694e-01
   2.0287699e-01  -5.4635106e-01   4.9377593e-01   4.7456059e-01   8.7431694e-01
   1.8604514e-01  -5.0098619e-01   4.9377593e-01   4.3200742e-01   8.7978142e-01
   1.6921330e-01  -4.5562133e-01   4.9377593e-01   3.8945425e-01   8.7978142e-01
   1.5238144e-01  -4.1025642e-01   4.9377593e-01   3.4690105e-01   8.5245902e-01
   1.3554958e-01  -3.6489151e-01   4.9377593e-01   3.0434785e-01   7.5409836e-01
   1.1944955e-01  -3.2149901e-01   4.9377593e-01   2.6364480e-01   6.3934426e-01
   1.0188588e-01  -2.7416172e-01   4.9377593e-01   2.1924147e-01   5.2459016e-01
   8.5054014e-02  -2.2879684e-01   4.9377593e-01   1.7668827e-01   5.1912568e-01
   6.8222160e-02  -1.8343195e-01   4.9377593e-01   1.3413508e-01   4.6994536e-01
   5.1390310e-02  -1.3806705e-01   4.9377593e-01   9.1581891e-02   3.3879781e-01
   3.4558456e-02  -9.2702168e-02   4.9377593e-01   4.9028705e-02   2.2950820e-01
   1.7726599e-02  -4.7337274e-02   4.9377593e-01   6.4755127e-03   1.0382514e-01
   8.9474412e-04  -1.9723819e-03   4.9377593e-01  -3.6077679e-02  -1.0928962e-02
  -1.5937109e-02   4.3392506e-02   4.9377593e-01  -7.8630865e-02  -1.6393443e-01
  -3.2768967e-02   8.8757406e-02   4.9377593e-01  -1.2118406e-01  -1.4754098e-01
  -4.9600821e-02   1.3412229e-01   4.9377593e-01  -1.6373725e-01  -2.7868852e-01
  -6.7164496e-02   1.8145958e-01   4.9377593e-01  -2.0814059e-01  -3.0054645e-01
  -8.3264533e-02   2.2485208e-01   4.9377593e-01  -2.4884364e-01  -4.2076503e-01
  -1.0082820e-01   2.7218936e-01   4.9377593e-01  -2.9324696e-01  -5.1366120e-01
  -1.1766006e-01   3.1755426e-01   4.9377593e-01  -3.3580017e-01  -6.1748634e-01
  -1.3449191e-01   3.6291913e-01   4.9377593e-01  -3.7835333e-01  -6.0655738e-01
  -1.5132377e-01   4.0828403e-01   4.9377593e-01  -4.2090654e-01  -6.3934426e-01
  -1.6815562e-01   4.5364890e-01   4.9377593e-01  -4.6345971e-01  -6.8852459e-01
  -1.8498748e-01   4.9901385e-01   4.9377593e-01  -5.0601294e-01  -7.1584699e-01
  -2.0181934e-01   5.4437871e-01   4.9377593e-01  -5.4856611e-01  -7.3770492e-01
  -2.1865119e-01   5.8974358e-01   4.9377593e-01  -5.9111928e-01  -7.4863388e-01
  -2.3548303e-01   6.3510845e-01   4.9377593e-01  -6.3367245e-01  -7.6502732e-01
  -2.5304672e-01   6.8244578e-01   4.9377593e-01  -6.7807583e-01  -7.5956284e-01
  -2.6987857e-01   7.2781064e-01   4.9377593e-01  -7.2062899e-01  -7.8688525e-01
  -2.8597862e-01   7.7120320e-01   4.9377593e-01  -7.6133209e-01  -6.7213115e-01
  -3.0427410e-01   8.2051284e-01   4.9377593e-01  -8.0758554e-01  -7.4316940e-01
  -3.2110596e-01   8.6587771e-01   4.9377593e-01  -8.5013871e-01  -7.8688525e-01
  -3.3647417e-01   9.0729788e-01   4.9377593e-01  -8.8899167e-01  -1.0000000e+00
  -3.5330603e-01   9.5266275e-01   4.9377593e-01  -9.3154484e-01  -9.6174863e-01
  -3.7086971e-01   1.0000000e+00   4.9377593e-01  -9.7594814e-01  -8.9071038e-01
