  -1.0000000e+00   1.5750000e-04
  -9.0000000e-01   1.6990000e-04
  -7.0000000e-01   3.1020000e-04
  -6.0000000e-01   4.9170000e-04
  -5.0000000e-01   8.7100000e-04
  -4.0000000e-01   1.7418000e-03
  -2.1000000e-01   1.4900200e-02
  -1.8000000e-01   2.3731000e-02
  -9.0000000e-02   1.2644580e-01
  -6.0000000e-02   2.0734130e-01
  -3.0000000e-02   2.9023660e-01
   0.0000000e+00   3.4456230e-01
   3.0000000e-02   3.6980490e-01
   9.0000000e-02   3.1067270e-01
   1.2000000e-01   2.0781540e-01
   1.5000000e-01   1.1643540e-01
   1.8000000e-01   6.1676400e-02
   2.1000000e-01   3.3720000e-02
   2.4000000e-01   1.9402300e-02
   2.7000000e-01   1.1783100e-02
   3.0000000e-01   7.4357000e-03
   5.0000000e-01   8.8000000e-04
   9.0000000e-01   1.1430000e-04
   1.0000000e+00   7.1000000e-05
