 -1.0000000e+000 -7.9310345e-001
 -9.7701149e-001 -5.6321839e-001
 -9.5402299e-001 -3.3333333e-001
 -9.3103448e-001 -1.0344828e-001
 -9.0804598e-001  1.2643678e-001
 -8.8505747e-001  3.5632184e-001
 -8.6206897e-001  5.8620690e-001
 -8.3908046e-001  8.1609195e-001
 -8.1609195e-001 -9.3103448e-001
 -7.9310345e-001 -7.0114943e-001
 -7.7011494e-001 -4.7126437e-001
 -7.4712644e-001 -2.4137931e-001
 -7.2413793e-001 -1.1494253e-002
 -7.0114943e-001  2.1839080e-001
 -6.7816092e-001  4.4827586e-001
 -6.5517241e-001  6.7816092e-001
 -6.3218391e-001  9.0804598e-001
 -6.0919540e-001 -8.3908046e-001
 -5.8620690e-001 -6.0919540e-001
 -5.6321839e-001 -3.7931034e-001
 -5.4022989e-001 -1.4942529e-001
 -5.1724138e-001  8.0459770e-002
 -4.9425287e-001  3.1034483e-001
 -4.7126437e-001  5.4022989e-001
 -4.4827586e-001  7.7011494e-001
 -4.2528736e-001  1.0000000e+000
 -4.0229885e-001 -9.7701149e-001
 -3.7931034e-001 -7.4712644e-001
 -3.5632184e-001 -5.1724138e-001
 -3.3333333e-001 -2.8735632e-001
 -3.1034483e-001 -5.7471264e-002
 -2.8735632e-001  1.7241379e-001
 -2.6436782e-001  4.0229885e-001
 -2.4137931e-001  6.3218391e-001
 -2.1839080e-001  8.6206897e-001
 -1.9540230e-001 -8.8505747e-001
 -1.7241379e-001 -6.5517241e-001
 -1.4942529e-001 -4.2528736e-001
 -1.2643678e-001 -1.9540230e-001
 -1.0344828e-001  3.4482759e-002
 -8.0459770e-002  2.6436782e-001
 -5.7471264e-002  4.9425287e-001
 -3.4482759e-002  7.2413793e-001
 -1.1494253e-002  9.5402299e-001
  1.1494253e-002 -1.0000000e+000
  3.4482759e-002 -7.7011494e-001
  5.7471264e-002 -5.4022989e-001
  8.0459770e-002 -3.1034483e-001
  1.0344828e-001 -8.0459770e-002
  1.2643678e-001  1.4942529e-001
  1.4942529e-001  3.7931034e-001
  1.7241379e-001  6.0919540e-001
  1.9540230e-001  8.3908046e-001
  2.1839080e-001 -9.0804598e-001
  2.4137931e-001 -6.7816092e-001
  2.6436782e-001 -4.4827586e-001
  2.8735632e-001 -2.1839080e-001
  3.1034483e-001  1.1494253e-002
  3.3333333e-001  2.4137931e-001
  3.5632184e-001  4.7126437e-001
  3.7931034e-001  7.0114943e-001
  4.0229885e-001  9.3103448e-001
  4.2528736e-001 -8.1609195e-001
  4.4827586e-001 -5.8620690e-001
  4.7126437e-001 -3.5632184e-001
  4.9425287e-001 -1.2643678e-001
  5.1724138e-001  1.0344828e-001
  5.4022989e-001  3.3333333e-001
  5.6321839e-001  5.6321839e-001
  5.8620690e-001  7.9310345e-001
  6.0919540e-001 -9.5402299e-001
  6.3218391e-001 -7.2413793e-001
  6.5517241e-001 -4.9425287e-001
  6.7816092e-001 -2.6436782e-001
  7.0114943e-001 -3.4482759e-002
  7.2413793e-001  1.9540230e-001
  7.4712644e-001  4.2528736e-001
  7.7011494e-001  6.5517241e-001
  7.9310345e-001  8.8505747e-001
  8.1609195e-001 -8.6206897e-001
  8.3908046e-001 -6.3218391e-001
  8.6206897e-001 -4.0229885e-001
  8.8505747e-001 -1.7241379e-001
  9.0804598e-001  5.7471264e-002
  9.3103448e-001  2.8735632e-001
  9.5402299e-001  5.1724138e-001
  9.7701149e-001  7.4712644e-001
  1.0000000e+000  9.7701149e-001
