 -1.0000000e+000 -7.6811594e-001
 -9.7101449e-001 -5.0724638e-001
 -9.4202899e-001 -2.4637681e-001
 -9.1304348e-001  1.4492754e-002
 -8.8405797e-001  2.7536232e-001
 -8.5507246e-001  5.3623188e-001
 -8.2608696e-001  7.9710145e-001
 -7.9710145e-001 -9.1304348e-001
 -7.6811594e-001 -6.5217391e-001
 -7.3913043e-001 -3.9130435e-001
 -7.1014493e-001 -1.3043478e-001
 -6.8115942e-001  1.3043478e-001
 -6.5217391e-001  3.9130435e-001
 -6.2318841e-001  6.5217391e-001
 -5.9420290e-001  9.1304348e-001
 -5.6521739e-001 -7.9710145e-001
 -5.3623188e-001 -5.3623188e-001
 -5.0724638e-001 -2.7536232e-001
 -4.7826087e-001 -1.4492754e-002
 -4.4927536e-001  2.4637681e-001
 -4.2028986e-001  5.0724638e-001
 -3.9130435e-001  7.6811594e-001
 -3.6231884e-001 -9.4202899e-001
 -3.3333333e-001 -6.8115942e-001
 -3.0434783e-001 -4.2028986e-001
 -2.7536232e-001 -1.5942029e-001
 -2.4637681e-001  1.0144928e-001
 -2.1739130e-001  3.6231884e-001
 -1.8840580e-001  6.2318841e-001
 -1.5942029e-001  8.8405797e-001
 -1.3043478e-001 -8.2608696e-001
 -1.0144928e-001 -5.6521739e-001
 -7.2463768e-002 -3.0434783e-001
 -4.3478261e-002 -4.3478261e-002
 -1.4492754e-002  2.1739130e-001
  1.4492754e-002  4.7826087e-001
  4.3478261e-002  7.3913043e-001
  7.2463768e-002  1.0000000e+000
  1.0144928e-001 -9.7101449e-001
  1.3043478e-001 -7.1014493e-001
  1.5942029e-001 -4.4927536e-001
  1.8840580e-001 -1.8840580e-001
  2.1739130e-001  7.2463768e-002
  2.4637681e-001  3.3333333e-001
  2.7536232e-001  5.9420290e-001
  3.0434783e-001  8.5507246e-001
  3.3333333e-001 -8.5507246e-001
  3.6231884e-001 -5.9420290e-001
  3.9130435e-001 -3.3333333e-001
  4.2028986e-001 -7.2463768e-002
  4.4927536e-001  1.8840580e-001
  4.7826087e-001  4.4927536e-001
  5.0724638e-001  7.1014493e-001
  5.3623188e-001  9.7101449e-001
  5.6521739e-001 -1.0000000e+000
  5.9420290e-001 -7.3913043e-001
  6.2318841e-001 -4.7826087e-001
  6.5217391e-001 -2.1739130e-001
  6.8115942e-001  4.3478261e-002
  7.1014493e-001  3.0434783e-001
  7.3913043e-001  5.6521739e-001
  7.6811594e-001  8.2608696e-001
  7.9710145e-001 -8.8405797e-001
  8.2608696e-001 -6.2318841e-001
  8.5507246e-001 -3.6231884e-001
  8.8405797e-001 -1.0144928e-001
  9.1304348e-001  1.5942029e-001
  9.4202899e-001  4.2028986e-001
  9.7101449e-001  6.8115942e-001
  1.0000000e+000  9.4202899e-001
