 -1.0000000e+000 -8.3950617e-001
 -9.8765432e-001 -6.6666667e-001
 -9.7530864e-001 -4.9382716e-001
 -9.6296296e-001 -3.2098765e-001
 -9.5061728e-001 -1.4814815e-001
 -9.3827160e-001  2.4691358e-002
 -9.2592593e-001  1.9753086e-001
 -9.1358025e-001  3.7037037e-001
 -9.0123457e-001  5.4320988e-001
 -8.8888889e-001  7.1604938e-001
 -8.7654321e-001  8.8888889e-001
 -8.6419753e-001 -9.3827160e-001
 -8.5185185e-001 -7.6543210e-001
 -8.3950617e-001 -5.9259259e-001
 -8.2716049e-001 -4.1975309e-001
 -8.1481481e-001 -2.4691358e-001
 -8.0246914e-001 -7.4074074e-002
 -7.9012346e-001  9.8765432e-002
 -7.7777778e-001  2.7160494e-001
 -7.6543210e-001  4.4444444e-001
 -7.5308642e-001  6.1728395e-001
 -7.4074074e-001  7.9012346e-001
 -7.2839506e-001  9.6296296e-001
 -7.1604938e-001 -8.6419753e-001
 -7.0370370e-001 -6.9135802e-001
 -6.9135802e-001 -5.1851852e-001
 -6.7901235e-001 -3.4567901e-001
 -6.6666667e-001 -1.7283951e-001
 -6.5432099e-001  0.0000000e+000
 -6.4197531e-001  1.7283951e-001
 -6.2962963e-001  3.4567901e-001
 -6.1728395e-001  5.1851852e-001
 -6.0493827e-001  6.9135802e-001
 -5.9259259e-001  8.6419753e-001
 -5.8024691e-001 -9.6296296e-001
 -5.6790123e-001 -7.9012346e-001
 -5.5555556e-001 -6.1728395e-001
 -5.4320988e-001 -4.4444444e-001
 -5.3086420e-001 -2.7160494e-001
 -5.1851852e-001 -9.8765432e-002
 -5.0617284e-001  7.4074074e-002
 -4.9382716e-001  2.4691358e-001
 -4.8148148e-001  4.1975309e-001
 -4.6913580e-001  5.9259259e-001
 -4.5679012e-001  7.6543210e-001
 -4.4444444e-001  9.3827160e-001
 -4.3209877e-001 -8.8888889e-001
 -4.1975309e-001 -7.1604938e-001
 -4.0740741e-001 -5.4320988e-001
 -3.9506173e-001 -3.7037037e-001
 -3.8271605e-001 -1.9753086e-001
 -3.7037037e-001 -2.4691358e-002
 -3.5802469e-001  1.4814815e-001
 -3.4567901e-001  3.2098765e-001
 -3.3333333e-001  4.9382716e-001
 -3.2098765e-001  6.6666667e-001
 -3.0864198e-001  8.3950617e-001
 -2.9629630e-001 -9.8765432e-001
 -2.8395062e-001 -8.1481481e-001
 -2.7160494e-001 -6.4197531e-001
 -2.5925926e-001 -4.6913580e-001
 -2.4691358e-001 -2.9629630e-001
 -2.3456790e-001 -1.2345679e-001
 -2.2222222e-001  4.9382716e-002
 -2.0987654e-001  2.2222222e-001
 -1.9753086e-001  3.9506173e-001
 -1.8518519e-001  5.6790123e-001
 -1.7283951e-001  7.4074074e-001
 -1.6049383e-001  9.1358025e-001
 -1.4814815e-001 -9.1358025e-001
 -1.3580247e-001 -7.4074074e-001
 -1.2345679e-001 -5.6790123e-001
 -1.1111111e-001 -3.9506173e-001
 -9.8765432e-002 -2.2222222e-001
 -8.6419753e-002 -4.9382716e-002
 -7.4074074e-002  1.2345679e-001
 -6.1728395e-002  2.9629630e-001
 -4.9382716e-002  4.6913580e-001
 -3.7037037e-002  6.4197531e-001
 -2.4691358e-002  8.1481481e-001
 -1.2345679e-002  9.8765432e-001
  0.0000000e+000 -1.0000000e+000
  1.2345679e-002 -8.2716049e-001
  2.4691358e-002 -6.5432099e-001
  3.7037037e-002 -4.8148148e-001
  4.9382716e-002 -3.0864198e-001
  6.1728395e-002 -1.3580247e-001
  7.4074074e-002  3.7037037e-002
  8.6419753e-002  2.0987654e-001
  9.8765432e-002  3.8271605e-001
  1.1111111e-001  5.5555556e-001
  1.2345679e-001  7.2839506e-001
  1.3580247e-001  9.0123457e-001
  1.4814815e-001 -9.2592593e-001
  1.6049383e-001 -7.5308642e-001
  1.7283951e-001 -5.8024691e-001
  1.8518519e-001 -4.0740741e-001
  1.9753086e-001 -2.3456790e-001
  2.0987654e-001 -6.1728395e-002
  2.2222222e-001  1.1111111e-001
  2.3456790e-001  2.8395062e-001
  2.4691358e-001  4.5679012e-001
  2.5925926e-001  6.2962963e-001
  2.7160494e-001  8.0246914e-001
  2.8395062e-001  9.7530864e-001
  2.9629630e-001 -8.5185185e-001
  3.0864198e-001 -6.7901235e-001
  3.2098765e-001 -5.0617284e-001
  3.3333333e-001 -3.3333333e-001
  3.4567901e-001 -1.6049383e-001
  3.5802469e-001  1.2345679e-002
  3.7037037e-001  1.8518519e-001
  3.8271605e-001  3.5802469e-001
  3.9506173e-001  5.3086420e-001
  4.0740741e-001  7.0370370e-001
  4.1975309e-001  8.7654321e-001
  4.3209877e-001 -9.5061728e-001
  4.4444444e-001 -7.7777778e-001
  4.5679012e-001 -6.0493827e-001
  4.6913580e-001 -4.3209877e-001
  4.8148148e-001 -2.5925926e-001
  4.9382716e-001 -8.6419753e-002
  5.0617284e-001  8.6419753e-002
  5.1851852e-001  2.5925926e-001
  5.3086420e-001  4.3209877e-001
  5.4320988e-001  6.0493827e-001
  5.5555556e-001  7.7777778e-001
  5.6790123e-001  9.5061728e-001
  5.8024691e-001 -8.7654321e-001
  5.9259259e-001 -7.0370370e-001
  6.0493827e-001 -5.3086420e-001
  6.1728395e-001 -3.5802469e-001
  6.2962963e-001 -1.8518519e-001
  6.4197531e-001 -1.2345679e-002
  6.5432099e-001  1.6049383e-001
  6.6666667e-001  3.3333333e-001
  6.7901235e-001  5.0617284e-001
  6.9135802e-001  6.7901235e-001
  7.0370370e-001  8.5185185e-001
  7.1604938e-001 -9.7530864e-001
  7.2839506e-001 -8.0246914e-001
  7.4074074e-001 -6.2962963e-001
  7.5308642e-001 -4.5679012e-001
  7.6543210e-001 -2.8395062e-001
  7.7777778e-001 -1.1111111e-001
  7.9012346e-001  6.1728395e-002
  8.0246914e-001  2.3456790e-001
  8.1481481e-001  4.0740741e-001
  8.2716049e-001  5.8024691e-001
  8.3950617e-001  7.5308642e-001
  8.5185185e-001  9.2592593e-001
  8.6419753e-001 -9.0123457e-001
  8.7654321e-001 -7.2839506e-001
  8.8888889e-001 -5.5555556e-001
  9.0123457e-001 -3.8271605e-001
  9.1358025e-001 -2.0987654e-001
  9.2592593e-001 -3.7037037e-002
  9.3827160e-001  1.3580247e-001
  9.5061728e-001  3.0864198e-001
  9.6296296e-001  4.8148148e-001
  9.7530864e-001  6.5432099e-001
  9.8765432e-001  8.2716049e-001
  1.0000000e+000  1.0000000e+000
