 -1.0000000e+000 -7.8723404e-001
 -9.7872340e-001 -5.5319149e-001
 -9.5744681e-001 -3.1914894e-001
 -9.3617021e-001 -8.5106383e-002
 -9.1489362e-001  1.4893617e-001
 -8.9361702e-001  3.8297872e-001
 -8.7234043e-001  6.1702128e-001
 -8.5106383e-001  8.5106383e-001
 -8.2978723e-001 -9.1489362e-001
 -8.0851064e-001 -6.8085106e-001
 -7.8723404e-001 -4.4680851e-001
 -7.6595745e-001 -2.1276596e-001
 -7.4468085e-001  2.1276596e-002
 -7.2340426e-001  2.5531915e-001
 -7.0212766e-001  4.8936170e-001
 -6.8085106e-001  7.2340426e-001
 -6.5957447e-001  9.5744681e-001
 -6.3829787e-001 -8.0851064e-001
 -6.1702128e-001 -5.7446809e-001
 -5.9574468e-001 -3.4042553e-001
 -5.7446809e-001 -1.0638298e-001
 -5.5319149e-001  1.2765957e-001
 -5.3191489e-001  3.6170213e-001
 -5.1063830e-001  5.9574468e-001
 -4.8936170e-001  8.2978723e-001
 -4.6808511e-001 -9.3617021e-001
 -4.4680851e-001 -7.0212766e-001
 -4.2553191e-001 -4.6808511e-001
 -4.0425532e-001 -2.3404255e-001
 -3.8297872e-001  0.0000000e+000
 -3.6170213e-001  2.3404255e-001
 -3.4042553e-001  4.6808511e-001
 -3.1914894e-001  7.0212766e-001
 -2.9787234e-001  9.3617021e-001
 -2.7659574e-001 -8.2978723e-001
 -2.5531915e-001 -5.9574468e-001
 -2.3404255e-001 -3.6170213e-001
 -2.1276596e-001 -1.2765957e-001
 -1.9148936e-001  1.0638298e-001
 -1.7021277e-001  3.4042553e-001
 -1.4893617e-001  5.7446809e-001
 -1.2765957e-001  8.0851064e-001
 -1.0638298e-001 -9.5744681e-001
 -8.5106383e-002 -7.2340426e-001
 -6.3829787e-002 -4.8936170e-001
 -4.2553191e-002 -2.5531915e-001
 -2.1276596e-002 -2.1276596e-002
  0.0000000e+000  2.1276596e-001
  2.1276596e-002  4.4680851e-001
  4.2553191e-002  6.8085106e-001
  6.3829787e-002  9.1489362e-001
  8.5106383e-002 -8.5106383e-001
  1.0638298e-001 -6.1702128e-001
  1.2765957e-001 -3.8297872e-001
  1.4893617e-001 -1.4893617e-001
  1.7021277e-001  8.5106383e-002
  1.9148936e-001  3.1914894e-001
  2.1276596e-001  5.5319149e-001
  2.3404255e-001  7.8723404e-001
  2.5531915e-001 -9.7872340e-001
  2.7659574e-001 -7.4468085e-001
  2.9787234e-001 -5.1063830e-001
  3.1914894e-001 -2.7659574e-001
  3.4042553e-001 -4.2553191e-002
  3.6170213e-001  1.9148936e-001
  3.8297872e-001  4.2553191e-001
  4.0425532e-001  6.5957447e-001
  4.2553191e-001  8.9361702e-001
  4.4680851e-001 -8.7234043e-001
  4.6808511e-001 -6.3829787e-001
  4.8936170e-001 -4.0425532e-001
  5.1063830e-001 -1.7021277e-001
  5.3191489e-001  6.3829787e-002
  5.5319149e-001  2.9787234e-001
  5.7446809e-001  5.3191489e-001
  5.9574468e-001  7.6595745e-001
  6.1702128e-001  1.0000000e+000
  6.3829787e-001 -1.0000000e+000
  6.5957447e-001 -7.6595745e-001
  6.8085106e-001 -5.3191489e-001
  7.0212766e-001 -2.9787234e-001
  7.2340426e-001 -6.3829787e-002
  7.4468085e-001  1.7021277e-001
  7.6595745e-001  4.0425532e-001
  7.8723404e-001  6.3829787e-001
  8.0851064e-001  8.7234043e-001
  8.2978723e-001 -8.9361702e-001
  8.5106383e-001 -6.5957447e-001
  8.7234043e-001 -4.2553191e-001
  8.9361702e-001 -1.9148936e-001
  9.1489362e-001  4.2553191e-002
  9.3617021e-001  2.7659574e-001
  9.5744681e-001  5.1063830e-001
  9.7872340e-001  7.4468085e-001
  1.0000000e+000  9.7872340e-001
