 -1.0000000e+000 -8.5340314e-001
 -9.8952880e-001 -6.9633508e-001
 -9.7905759e-001 -5.3926702e-001
 -9.6858639e-001 -3.8219895e-001
 -9.5811518e-001 -2.2513089e-001
 -9.4764398e-001 -6.8062827e-002
 -9.3717277e-001  8.9005236e-002
 -9.2670157e-001  2.4607330e-001
 -9.1623037e-001  4.0314136e-001
 -9.0575916e-001  5.6020942e-001
 -8.9528796e-001  7.1727749e-001
 -8.8481675e-001  8.7434555e-001
 -8.7434555e-001 -9.3717277e-001
 -8.6387435e-001 -7.8010471e-001
 -8.5340314e-001 -6.2303665e-001
 -8.4293194e-001 -4.6596859e-001
 -8.3246073e-001 -3.0890052e-001
 -8.2198953e-001 -1.5183246e-001
 -8.1151832e-001  5.2356021e-003
 -8.0104712e-001  1.6230366e-001
 -7.9057592e-001  3.1937173e-001
 -7.8010471e-001  4.7643979e-001
 -7.6963351e-001  6.3350785e-001
 -7.5916230e-001  7.9057592e-001
 -7.4869110e-001  9.4764398e-001
 -7.3821990e-001 -8.6387435e-001
 -7.2774869e-001 -7.0680628e-001
 -7.1727749e-001 -5.4973822e-001
 -7.0680628e-001 -3.9267016e-001
 -6.9633508e-001 -2.3560209e-001
 -6.8586387e-001 -7.8534031e-002
 -6.7539267e-001  7.8534031e-002
 -6.6492147e-001  2.3560209e-001
 -6.5445026e-001  3.9267016e-001
 -6.4397906e-001  5.4973822e-001
 -6.3350785e-001  7.0680628e-001
 -6.2303665e-001  8.6387435e-001
 -6.1256545e-001 -9.4764398e-001
 -6.0209424e-001 -7.9057592e-001
 -5.9162304e-001 -6.3350785e-001
 -5.8115183e-001 -4.7643979e-001
 -5.7068063e-001 -3.1937173e-001
 -5.6020942e-001 -1.6230366e-001
 -5.4973822e-001 -5.2356021e-003
 -5.3926702e-001  1.5183246e-001
 -5.2879581e-001  3.0890052e-001
 -5.1832461e-001  4.6596859e-001
 -5.0785340e-001  6.2303665e-001
 -4.9738220e-001  7.8010471e-001
 -4.8691099e-001  9.3717277e-001
 -4.7643979e-001 -8.7434555e-001
 -4.6596859e-001 -7.1727749e-001
 -4.5549738e-001 -5.6020942e-001
 -4.4502618e-001 -4.0314136e-001
 -4.3455497e-001 -2.4607330e-001
 -4.2408377e-001 -8.9005236e-002
 -4.1361257e-001  6.8062827e-002
 -4.0314136e-001  2.2513089e-001
 -3.9267016e-001  3.8219895e-001
 -3.8219895e-001  5.3926702e-001
 -3.7172775e-001  6.9633508e-001
 -3.6125654e-001  8.5340314e-001
 -3.5078534e-001 -9.5811518e-001
 -3.4031414e-001 -8.0104712e-001
 -3.2984293e-001 -6.4397906e-001
 -3.1937173e-001 -4.8691099e-001
 -3.0890052e-001 -3.2984293e-001
 -2.9842932e-001 -1.7277487e-001
 -2.8795812e-001 -1.5706806e-002
 -2.7748691e-001  1.4136126e-001
 -2.6701571e-001  2.9842932e-001
 -2.5654450e-001  4.5549738e-001
 -2.4607330e-001  6.1256545e-001
 -2.3560209e-001  7.6963351e-001
 -2.2513089e-001  9.2670157e-001
 -2.1465969e-001 -8.8481675e-001
 -2.0418848e-001 -7.2774869e-001
 -1.9371728e-001 -5.7068063e-001
 -1.8324607e-001 -4.1361257e-001
 -1.7277487e-001 -2.5654450e-001
 -1.6230366e-001 -9.9476440e-002
 -1.5183246e-001  5.7591623e-002
 -1.4136126e-001  2.1465969e-001
 -1.3089005e-001  3.7172775e-001
 -1.2041885e-001  5.2879581e-001
 -1.0994764e-001  6.8586387e-001
 -9.9476440e-002  8.4293194e-001
 -8.9005236e-002  1.0000000e+000
 -7.8534031e-002 -9.6858639e-001
 -6.8062827e-002 -8.1151832e-001
 -5.7591623e-002 -6.5445026e-001
 -4.7120419e-002 -4.9738220e-001
 -3.6649215e-002 -3.4031414e-001
 -2.6178010e-002 -1.8324607e-001
 -1.5706806e-002 -2.6178010e-002
 -5.2356021e-003  1.3089005e-001
  5.2356021e-003  2.8795812e-001
  1.5706806e-002  4.4502618e-001
  2.6178010e-002  6.0209424e-001
  3.6649215e-002  7.5916230e-001
  4.7120419e-002  9.1623037e-001
  5.7591623e-002 -8.9528796e-001
  6.8062827e-002 -7.3821990e-001
  7.8534031e-002 -5.8115183e-001
  8.9005236e-002 -4.2408377e-001
  9.9476440e-002 -2.6701571e-001
  1.0994764e-001 -1.0994764e-001
  1.2041885e-001  4.7120419e-002
  1.3089005e-001  2.0418848e-001
  1.4136126e-001  3.6125654e-001
  1.5183246e-001  5.1832461e-001
  1.6230366e-001  6.7539267e-001
  1.7277487e-001  8.3246073e-001
  1.8324607e-001  9.8952880e-001
  1.9371728e-001 -9.7905759e-001
  2.0418848e-001 -8.2198953e-001
  2.1465969e-001 -6.6492147e-001
  2.2513089e-001 -5.0785340e-001
  2.3560209e-001 -3.5078534e-001
  2.4607330e-001 -1.9371728e-001
  2.5654450e-001 -3.6649215e-002
  2.6701571e-001  1.2041885e-001
  2.7748691e-001  2.7748691e-001
  2.8795812e-001  4.3455497e-001
  2.9842932e-001  5.9162304e-001
  3.0890052e-001  7.4869110e-001
  3.1937173e-001  9.0575916e-001
  3.2984293e-001 -9.0575916e-001
  3.4031414e-001 -7.4869110e-001
  3.5078534e-001 -5.9162304e-001
  3.6125654e-001 -4.3455497e-001
  3.7172775e-001 -2.7748691e-001
  3.8219895e-001 -1.2041885e-001
  3.9267016e-001  3.6649215e-002
  4.0314136e-001  1.9371728e-001
  4.1361257e-001  3.5078534e-001
  4.2408377e-001  5.0785340e-001
  4.3455497e-001  6.6492147e-001
  4.4502618e-001  8.2198953e-001
  4.5549738e-001  9.7905759e-001
  4.6596859e-001 -9.8952880e-001
  4.7643979e-001 -8.3246073e-001
  4.8691099e-001 -6.7539267e-001
  4.9738220e-001 -5.1832461e-001
  5.0785340e-001 -3.6125654e-001
  5.1832461e-001 -2.0418848e-001
  5.2879581e-001 -4.7120419e-002
  5.3926702e-001  1.0994764e-001
  5.4973822e-001  2.6701571e-001
  5.6020942e-001  4.2408377e-001
  5.7068063e-001  5.8115183e-001
  5.8115183e-001  7.3821990e-001
  5.9162304e-001  8.9528796e-001
  6.0209424e-001 -9.1623037e-001
  6.1256545e-001 -7.5916230e-001
  6.2303665e-001 -6.0209424e-001
  6.3350785e-001 -4.4502618e-001
  6.4397906e-001 -2.8795812e-001
  6.5445026e-001 -1.3089005e-001
  6.6492147e-001  2.6178010e-002
  6.7539267e-001  1.8324607e-001
  6.8586387e-001  3.4031414e-001
  6.9633508e-001  4.9738220e-001
  7.0680628e-001  6.5445026e-001
  7.1727749e-001  8.1151832e-001
  7.2774869e-001  9.6858639e-001
  7.3821990e-001 -1.0000000e+000
  7.4869110e-001 -8.4293194e-001
  7.5916230e-001 -6.8586387e-001
  7.6963351e-001 -5.2879581e-001
  7.8010471e-001 -3.7172775e-001
  7.9057592e-001 -2.1465969e-001
  8.0104712e-001 -5.7591623e-002
  8.1151832e-001  9.9476440e-002
  8.2198953e-001  2.5654450e-001
  8.3246073e-001  4.1361257e-001
  8.4293194e-001  5.7068063e-001
  8.5340314e-001  7.2774869e-001
  8.6387435e-001  8.8481675e-001
  8.7434555e-001 -9.2670157e-001
  8.8481675e-001 -7.6963351e-001
  8.9528796e-001 -6.1256545e-001
  9.0575916e-001 -4.5549738e-001
  9.1623037e-001 -2.9842932e-001
  9.2670157e-001 -1.4136126e-001
  9.3717277e-001  1.5706806e-002
  9.4764398e-001  1.7277487e-001
  9.5811518e-001  3.2984293e-001
  9.6858639e-001  4.8691099e-001
  9.7905759e-001  6.4397906e-001
  9.8952880e-001  8.0104712e-001
  1.0000000e+000  9.5811518e-001
