 -1.0000000e+000 -8.3216783e-001
 -9.8601399e-001 -6.5034965e-001
 -9.7202797e-001 -4.6853147e-001
 -9.5804196e-001 -2.8671329e-001
 -9.4405594e-001 -1.0489510e-001
 -9.3006993e-001  7.6923077e-002
 -9.1608392e-001  2.5874126e-001
 -9.0209790e-001  4.4055944e-001
 -8.8811189e-001  6.2237762e-001
 -8.7412587e-001  8.0419580e-001
 -8.6013986e-001  9.8601399e-001
 -8.4615385e-001 -9.3006993e-001
 -8.3216783e-001 -7.4825175e-001
 -8.1818182e-001 -5.6643357e-001
 -8.0419580e-001 -3.8461538e-001
 -7.9020979e-001 -2.0279720e-001
 -7.7622378e-001 -2.0979021e-002
 -7.6223776e-001  1.6083916e-001
 -7.4825175e-001  3.4265734e-001
 -7.3426573e-001  5.2447552e-001
 -7.2027972e-001  7.0629371e-001
 -7.0629371e-001  8.8811189e-001
 -6.9230769e-001 -8.4615385e-001
 -6.7832168e-001 -6.6433566e-001
 -6.6433566e-001 -4.8251748e-001
 -6.5034965e-001 -3.0069930e-001
 -6.3636364e-001 -1.1888112e-001
 -6.2237762e-001  6.2937063e-002
 -6.0839161e-001  2.4475524e-001
 -5.9440559e-001  4.2657343e-001
 -5.8041958e-001  6.0839161e-001
 -5.6643357e-001  7.9020979e-001
 -5.5244755e-001  9.7202797e-001
 -5.3846154e-001 -9.4405594e-001
 -5.2447552e-001 -7.6223776e-001
 -5.1048951e-001 -5.8041958e-001
 -4.9650350e-001 -3.9860140e-001
 -4.8251748e-001 -2.1678322e-001
 -4.6853147e-001 -3.4965035e-002
 -4.5454545e-001  1.4685315e-001
 -4.4055944e-001  3.2867133e-001
 -4.2657343e-001  5.1048951e-001
 -4.1258741e-001  6.9230769e-001
 -3.9860140e-001  8.7412587e-001
 -3.8461538e-001 -8.6013986e-001
 -3.7062937e-001 -6.7832168e-001
 -3.5664336e-001 -4.9650350e-001
 -3.4265734e-001 -3.1468531e-001
 -3.2867133e-001 -1.3286713e-001
 -3.1468531e-001  4.8951049e-002
 -3.0069930e-001  2.3076923e-001
 -2.8671329e-001  4.1258741e-001
 -2.7272727e-001  5.9440559e-001
 -2.5874126e-001  7.7622378e-001
 -2.4475524e-001  9.5804196e-001
 -2.3076923e-001 -9.5804196e-001
 -2.1678322e-001 -7.7622378e-001
 -2.0279720e-001 -5.9440559e-001
 -1.8881119e-001 -4.1258741e-001
 -1.7482517e-001 -2.3076923e-001
 -1.6083916e-001 -4.8951049e-002
 -1.4685315e-001  1.3286713e-001
 -1.3286713e-001  3.1468531e-001
 -1.1888112e-001  4.9650350e-001
 -1.0489510e-001  6.7832168e-001
 -9.0909091e-002  8.6013986e-001
 -7.6923077e-002 -8.7412587e-001
 -6.2937063e-002 -6.9230769e-001
 -4.8951049e-002 -5.1048951e-001
 -3.4965035e-002 -3.2867133e-001
 -2.0979021e-002 -1.4685315e-001
 -6.9930070e-003  3.4965035e-002
  6.9930070e-003  2.1678322e-001
  2.0979021e-002  3.9860140e-001
  3.4965035e-002  5.8041958e-001
  4.8951049e-002  7.6223776e-001
  6.2937063e-002  9.4405594e-001
  7.6923077e-002 -9.7202797e-001
  9.0909091e-002 -7.9020979e-001
  1.0489510e-001 -6.0839161e-001
  1.1888112e-001 -4.2657343e-001
  1.3286713e-001 -2.4475524e-001
  1.4685315e-001 -6.2937063e-002
  1.6083916e-001  1.1888112e-001
  1.7482517e-001  3.0069930e-001
  1.8881119e-001  4.8251748e-001
  2.0279720e-001  6.6433566e-001
  2.1678322e-001  8.4615385e-001
  2.3076923e-001 -8.8811189e-001
  2.4475524e-001 -7.0629371e-001
  2.5874126e-001 -5.2447552e-001
  2.7272727e-001 -3.4265734e-001
  2.8671329e-001 -1.6083916e-001
  3.0069930e-001  2.0979021e-002
  3.1468531e-001  2.0279720e-001
  3.2867133e-001  3.8461538e-001
  3.4265734e-001  5.6643357e-001
  3.5664336e-001  7.4825175e-001
  3.7062937e-001  9.3006993e-001
  3.8461538e-001 -9.8601399e-001
  3.9860140e-001 -8.0419580e-001
  4.1258741e-001 -6.2237762e-001
  4.2657343e-001 -4.4055944e-001
  4.4055944e-001 -2.5874126e-001
  4.5454545e-001 -7.6923077e-002
  4.6853147e-001  1.0489510e-001
  4.8251748e-001  2.8671329e-001
  4.9650350e-001  4.6853147e-001
  5.1048951e-001  6.5034965e-001
  5.2447552e-001  8.3216783e-001
  5.3846154e-001 -9.0209790e-001
  5.5244755e-001 -7.2027972e-001
  5.6643357e-001 -5.3846154e-001
  5.8041958e-001 -3.5664336e-001
  5.9440559e-001 -1.7482517e-001
  6.0839161e-001  6.9930070e-003
  6.2237762e-001  1.8881119e-001
  6.3636364e-001  3.7062937e-001
  6.5034965e-001  5.5244755e-001
  6.6433566e-001  7.3426573e-001
  6.7832168e-001  9.1608392e-001
  6.9230769e-001 -1.0000000e+000
  7.0629371e-001 -8.1818182e-001
  7.2027972e-001 -6.3636364e-001
  7.3426573e-001 -4.5454545e-001
  7.4825175e-001 -2.7272727e-001
  7.6223776e-001 -9.0909091e-002
  7.7622378e-001  9.0909091e-002
  7.9020979e-001  2.7272727e-001
  8.0419580e-001  4.5454545e-001
  8.1818182e-001  6.3636364e-001
  8.3216783e-001  8.1818182e-001
  8.4615385e-001  1.0000000e+000
  8.6013986e-001 -9.1608392e-001
  8.7412587e-001 -7.3426573e-001
  8.8811189e-001 -5.5244755e-001
  9.0209790e-001 -3.7062937e-001
  9.1608392e-001 -1.8881119e-001
  9.3006993e-001 -6.9930070e-003
  9.4405594e-001  1.7482517e-001
  9.5804196e-001  3.5664336e-001
  9.7202797e-001  5.3846154e-001
  9.8601399e-001  7.2027972e-001
  1.0000000e+000  9.0209790e-001
