 -1.0000000e+000 -8.0582524e-001
 -9.8058252e-001 -5.9223301e-001
 -9.6116505e-001 -3.7864078e-001
 -9.4174757e-001 -1.6504854e-001
 -9.2233010e-001  4.8543689e-002
 -9.0291262e-001  2.6213592e-001
 -8.8349515e-001  4.7572816e-001
 -8.6407767e-001  6.8932039e-001
 -8.4466019e-001  9.0291262e-001
 -8.2524272e-001 -9.2233010e-001
 -8.0582524e-001 -7.0873786e-001
 -7.8640777e-001 -4.9514563e-001
 -7.6699029e-001 -2.8155340e-001
 -7.4757282e-001 -6.7961165e-002
 -7.2815534e-001  1.4563107e-001
 -7.0873786e-001  3.5922330e-001
 -6.8932039e-001  5.7281553e-001
 -6.6990291e-001  7.8640777e-001
 -6.5048544e-001  1.0000000e+000
 -6.3106796e-001 -8.2524272e-001
 -6.1165049e-001 -6.1165049e-001
 -5.9223301e-001 -3.9805825e-001
 -5.7281553e-001 -1.8446602e-001
 -5.5339806e-001  2.9126214e-002
 -5.3398058e-001  2.4271845e-001
 -5.1456311e-001  4.5631068e-001
 -4.9514563e-001  6.6990291e-001
 -4.7572816e-001  8.8349515e-001
 -4.5631068e-001 -9.4174757e-001
 -4.3689320e-001 -7.2815534e-001
 -4.1747573e-001 -5.1456311e-001
 -3.9805825e-001 -3.0097087e-001
 -3.7864078e-001 -8.7378641e-002
 -3.5922330e-001  1.2621359e-001
 -3.3980583e-001  3.3980583e-001
 -3.2038835e-001  5.5339806e-001
 -3.0097087e-001  7.6699029e-001
 -2.8155340e-001  9.8058252e-001
 -2.6213592e-001 -8.4466019e-001
 -2.4271845e-001 -6.3106796e-001
 -2.2330097e-001 -4.1747573e-001
 -2.0388350e-001 -2.0388350e-001
 -1.8446602e-001  9.7087379e-003
 -1.6504854e-001  2.2330097e-001
 -1.4563107e-001  4.3689320e-001
 -1.2621359e-001  6.5048544e-001
 -1.0679612e-001  8.6407767e-001
 -8.7378641e-002 -9.6116505e-001
 -6.7961165e-002 -7.4757282e-001
 -4.8543689e-002 -5.3398058e-001
 -2.9126214e-002 -3.2038835e-001
 -9.7087379e-003 -1.0679612e-001
  9.7087379e-003  1.0679612e-001
  2.9126214e-002  3.2038835e-001
  4.8543689e-002  5.3398058e-001
  6.7961165e-002  7.4757282e-001
  8.7378641e-002  9.6116505e-001
  1.0679612e-001 -8.6407767e-001
  1.2621359e-001 -6.5048544e-001
  1.4563107e-001 -4.3689320e-001
  1.6504854e-001 -2.2330097e-001
  1.8446602e-001 -9.7087379e-003
  2.0388350e-001  2.0388350e-001
  2.2330097e-001  4.1747573e-001
  2.4271845e-001  6.3106796e-001
  2.6213592e-001  8.4466019e-001
  2.8155340e-001 -9.8058252e-001
  3.0097087e-001 -7.6699029e-001
  3.2038835e-001 -5.5339806e-001
  3.3980583e-001 -3.3980583e-001
  3.5922330e-001 -1.2621359e-001
  3.7864078e-001  8.7378641e-002
  3.9805825e-001  3.0097087e-001
  4.1747573e-001  5.1456311e-001
  4.3689320e-001  7.2815534e-001
  4.5631068e-001  9.4174757e-001
  4.7572816e-001 -8.8349515e-001
  4.9514563e-001 -6.6990291e-001
  5.1456311e-001 -4.5631068e-001
  5.3398058e-001 -2.4271845e-001
  5.5339806e-001 -2.9126214e-002
  5.7281553e-001  1.8446602e-001
  5.9223301e-001  3.9805825e-001
  6.1165049e-001  6.1165049e-001
  6.3106796e-001  8.2524272e-001
  6.5048544e-001 -1.0000000e+000
  6.6990291e-001 -7.8640777e-001
  6.8932039e-001 -5.7281553e-001
  7.0873786e-001 -3.5922330e-001
  7.2815534e-001 -1.4563107e-001
  7.4757282e-001  6.7961165e-002
  7.6699029e-001  2.8155340e-001
  7.8640777e-001  4.9514563e-001
  8.0582524e-001  7.0873786e-001
  8.2524272e-001  9.2233010e-001
  8.4466019e-001 -9.0291262e-001
  8.6407767e-001 -6.8932039e-001
  8.8349515e-001 -4.7572816e-001
  9.0291262e-001 -2.6213592e-001
  9.2233010e-001 -4.8543689e-002
  9.4174757e-001  1.6504854e-001
  9.6116505e-001  3.7864078e-001
  9.8058252e-001  5.9223301e-001
  1.0000000e+000  8.0582524e-001
