 -1.0000000e+000 -7.6271186e-001
 -9.6610169e-001 -4.9152542e-001
 -9.3220339e-001 -2.2033898e-001
 -8.9830508e-001  5.0847458e-002
 -8.6440678e-001  3.2203390e-001
 -8.3050847e-001  5.9322034e-001
 -7.9661017e-001  8.6440678e-001
 -7.6271186e-001 -9.3220339e-001
 -7.2881356e-001 -6.6101695e-001
 -6.9491525e-001 -3.8983051e-001
 -6.6101695e-001 -1.1864407e-001
 -6.2711864e-001  1.5254237e-001
 -5.9322034e-001  4.2372881e-001
 -5.5932203e-001  6.9491525e-001
 -5.2542373e-001  9.6610169e-001
 -4.9152542e-001 -8.3050847e-001
 -4.5762712e-001 -5.5932203e-001
 -4.2372881e-001 -2.8813559e-001
 -3.8983051e-001 -1.6949153e-002
 -3.5593220e-001  2.5423729e-001
 -3.2203390e-001  5.2542373e-001
 -2.8813559e-001  7.9661017e-001
 -2.5423729e-001 -1.0000000e+000
 -2.2033898e-001 -7.2881356e-001
 -1.8644068e-001 -4.5762712e-001
 -1.5254237e-001 -1.8644068e-001
 -1.1864407e-001  8.4745763e-002
 -8.4745763e-002  3.5593220e-001
 -5.0847458e-002  6.2711864e-001
 -1.6949153e-002  8.9830508e-001
  1.6949153e-002 -8.9830508e-001
  5.0847458e-002 -6.2711864e-001
  8.4745763e-002 -3.5593220e-001
  1.1864407e-001 -8.4745763e-002
  1.5254237e-001  1.8644068e-001
  1.8644068e-001  4.5762712e-001
  2.2033898e-001  7.2881356e-001
  2.5423729e-001  1.0000000e+000
  2.8813559e-001 -7.9661017e-001
  3.2203390e-001 -5.2542373e-001
  3.5593220e-001 -2.5423729e-001
  3.8983051e-001  1.6949153e-002
  4.2372881e-001  2.8813559e-001
  4.5762712e-001  5.5932203e-001
  4.9152542e-001  8.3050847e-001
  5.2542373e-001 -9.6610169e-001
  5.5932203e-001 -6.9491525e-001
  5.9322034e-001 -4.2372881e-001
  6.2711864e-001 -1.5254237e-001
  6.6101695e-001  1.1864407e-001
  6.9491525e-001  3.8983051e-001
  7.2881356e-001  6.6101695e-001
  7.6271186e-001  9.3220339e-001
  7.9661017e-001 -8.6440678e-001
  8.3050847e-001 -5.9322034e-001
  8.6440678e-001 -3.2203390e-001
  8.9830508e-001 -5.0847458e-002
  9.3220339e-001  2.2033898e-001
  9.6610169e-001  4.9152542e-001
  1.0000000e+000  7.6271186e-001
