 -1.0000000e+000 -7.2222222e-001
 -9.4444444e-001 -3.8888889e-001
 -8.8888889e-001 -5.5555556e-002
 -8.3333333e-001  2.7777778e-001
 -7.7777778e-001  6.1111111e-001
 -7.2222222e-001  9.4444444e-001
 -6.6666667e-001 -1.0000000e+000
 -6.1111111e-001 -6.6666667e-001
 -5.5555556e-001 -3.3333333e-001
 -5.0000000e-001  0.0000000e+000
 -4.4444444e-001  3.3333333e-001
 -3.8888889e-001  6.6666667e-001
 -3.3333333e-001  1.0000000e+000
 -2.7777778e-001 -9.4444444e-001
 -2.2222222e-001 -6.1111111e-001
 -1.6666667e-001 -2.7777778e-001
 -1.1111111e-001  5.5555556e-002
 -5.5555556e-002  3.8888889e-001
  0.0000000e+000  7.2222222e-001
  5.5555556e-002 -8.8888889e-001
  1.1111111e-001 -5.5555556e-001
  1.6666667e-001 -2.2222222e-001
  2.2222222e-001  1.1111111e-001
  2.7777778e-001  4.4444444e-001
  3.3333333e-001  7.7777778e-001
  3.8888889e-001 -8.3333333e-001
  4.4444444e-001 -5.0000000e-001
  5.0000000e-001 -1.6666667e-001
  5.5555556e-001  1.6666667e-001
  6.1111111e-001  5.0000000e-001
  6.6666667e-001  8.3333333e-001
  7.2222222e-001 -7.7777778e-001
  7.7777778e-001 -4.4444444e-001
  8.3333333e-001 -1.1111111e-001
  8.8888889e-001  2.2222222e-001
  9.4444444e-001  5.5555556e-001
  1.0000000e+000  8.8888889e-001
