 -1.0000000e+000 -7.8082192e-001
 -9.7260274e-001 -5.3424658e-001
 -9.4520548e-001 -2.8767123e-001
 -9.1780822e-001 -4.1095890e-002
 -8.9041096e-001  2.0547945e-001
 -8.6301370e-001  4.5205479e-001
 -8.3561644e-001  6.9863014e-001
 -8.0821918e-001  9.4520548e-001
 -7.8082192e-001 -9.1780822e-001
 -7.5342466e-001 -6.7123288e-001
 -7.2602740e-001 -4.2465753e-001
 -6.9863014e-001 -1.7808219e-001
 -6.7123288e-001  6.8493151e-002
 -6.4383562e-001  3.1506849e-001
 -6.1643836e-001  5.6164384e-001
 -5.8904110e-001  8.0821918e-001
 -5.6164384e-001 -8.0821918e-001
 -5.3424658e-001 -5.6164384e-001
 -5.0684932e-001 -3.1506849e-001
 -4.7945205e-001 -6.8493151e-002
 -4.5205479e-001  1.7808219e-001
 -4.2465753e-001  4.2465753e-001
 -3.9726027e-001  6.7123288e-001
 -3.6986301e-001  9.1780822e-001
 -3.4246575e-001 -9.4520548e-001
 -3.1506849e-001 -6.9863014e-001
 -2.8767123e-001 -4.5205479e-001
 -2.6027397e-001 -2.0547945e-001
 -2.3287671e-001  4.1095890e-002
 -2.0547945e-001  2.8767123e-001
 -1.7808219e-001  5.3424658e-001
 -1.5068493e-001  7.8082192e-001
 -1.2328767e-001 -8.3561644e-001
 -9.5890411e-002 -5.8904110e-001
 -6.8493151e-002 -3.4246575e-001
 -4.1095890e-002 -9.5890411e-002
 -1.3698630e-002  1.5068493e-001
  1.3698630e-002  3.9726027e-001
  4.1095890e-002  6.4383562e-001
  6.8493151e-002  8.9041096e-001
  9.5890411e-002 -9.7260274e-001
  1.2328767e-001 -7.2602740e-001
  1.5068493e-001 -4.7945205e-001
  1.7808219e-001 -2.3287671e-001
  2.0547945e-001  1.3698630e-002
  2.3287671e-001  2.6027397e-001
  2.6027397e-001  5.0684932e-001
  2.8767123e-001  7.5342466e-001
  3.1506849e-001  1.0000000e+000
  3.4246575e-001 -8.6301370e-001
  3.6986301e-001 -6.1643836e-001
  3.9726027e-001 -3.6986301e-001
  4.2465753e-001 -1.2328767e-001
  4.5205479e-001  1.2328767e-001
  4.7945205e-001  3.6986301e-001
  5.0684932e-001  6.1643836e-001
  5.3424658e-001  8.6301370e-001
  5.6164384e-001 -1.0000000e+000
  5.8904110e-001 -7.5342466e-001
  6.1643836e-001 -5.0684932e-001
  6.4383562e-001 -2.6027397e-001
  6.7123288e-001 -1.3698630e-002
  6.9863014e-001  2.3287671e-001
  7.2602740e-001  4.7945205e-001
  7.5342466e-001  7.2602740e-001
  7.8082192e-001  9.7260274e-001
  8.0821918e-001 -8.9041096e-001
  8.3561644e-001 -6.4383562e-001
  8.6301370e-001 -3.9726027e-001
  8.9041096e-001 -1.5068493e-001
  9.1780822e-001  9.5890411e-002
  9.4520548e-001  3.4246575e-001
  9.7260274e-001  5.8904110e-001
  1.0000000e+000  8.3561644e-001
