 -1.0000000e+000 -2.5000000e-001
 -9.6875000e-001  5.3125000e-001
 -9.3750000e-001 -7.5000000e-001
 -9.0625000e-001  3.1250000e-002
 -8.7500000e-001  8.1250000e-001
 -8.4375000e-001 -4.6875000e-001
 -8.1250000e-001  3.1250000e-001
 -7.8125000e-001 -9.6875000e-001
 -7.5000000e-001 -1.8750000e-001
 -7.1875000e-001  5.9375000e-001
 -6.8750000e-001 -6.8750000e-001
 -6.5625000e-001  9.3750000e-002
 -6.2500000e-001  8.7500000e-001
 -5.9375000e-001 -4.0625000e-001
 -5.6250000e-001  3.7500000e-001
 -5.3125000e-001 -9.0625000e-001
 -5.0000000e-001 -1.2500000e-001
 -4.6875000e-001  6.5625000e-001
 -4.3750000e-001 -6.2500000e-001
 -4.0625000e-001  1.5625000e-001
 -3.7500000e-001  9.3750000e-001
 -3.4375000e-001 -3.4375000e-001
 -3.1250000e-001  4.3750000e-001
 -2.8125000e-001 -8.4375000e-001
 -2.5000000e-001 -6.2500000e-002
 -2.1875000e-001  7.1875000e-001
 -1.8750000e-001 -5.6250000e-001
 -1.5625000e-001  2.1875000e-001
 -1.2500000e-001  1.0000000e+000
 -9.3750000e-002 -2.8125000e-001
 -6.2500000e-002  5.0000000e-001
 -3.1250000e-002 -7.8125000e-001
  0.0000000e+000  0.0000000e+000
  3.1250000e-002  7.8125000e-001
  6.2500000e-002 -5.0000000e-001
  9.3750000e-002  2.8125000e-001
  1.2500000e-001 -1.0000000e+000
  1.5625000e-001 -2.1875000e-001
  1.8750000e-001  5.6250000e-001
  2.1875000e-001 -7.1875000e-001
  2.5000000e-001  6.2500000e-002
  2.8125000e-001  8.4375000e-001
  3.1250000e-001 -4.3750000e-001
  3.4375000e-001  3.4375000e-001
  3.7500000e-001 -9.3750000e-001
  4.0625000e-001 -1.5625000e-001
  4.3750000e-001  6.2500000e-001
  4.6875000e-001 -6.5625000e-001
  5.0000000e-001  1.2500000e-001
  5.3125000e-001  9.0625000e-001
  5.6250000e-001 -3.7500000e-001
  5.9375000e-001  4.0625000e-001
  6.2500000e-001 -8.7500000e-001
  6.5625000e-001 -9.3750000e-002
  6.8750000e-001  6.8750000e-001
  7.1875000e-001 -5.9375000e-001
  7.5000000e-001  1.8750000e-001
  7.8125000e-001  9.6875000e-001
  8.1250000e-001 -3.1250000e-001
  8.4375000e-001  4.6875000e-001
  8.7500000e-001 -8.1250000e-001
  9.0625000e-001 -3.1250000e-002
  9.3750000e-001  7.5000000e-001
  9.6875000e-001 -5.3125000e-001
  1.0000000e+000  2.5000000e-001
