 -1.0000000e+000 -8.2733813e-001
 -9.8561151e-001 -6.4028777e-001
 -9.7122302e-001 -4.5323741e-001
 -9.5683453e-001 -2.6618705e-001
 -9.4244604e-001 -7.9136691e-002
 -9.2805755e-001  1.0791367e-001
 -9.1366906e-001  2.9496403e-001
 -8.9928058e-001  4.8201439e-001
 -8.8489209e-001  6.6906475e-001
 -8.7050360e-001  8.5611511e-001
 -8.5611511e-001 -9.2805755e-001
 -8.4172662e-001 -7.4100719e-001
 -8.2733813e-001 -5.5395683e-001
 -8.1294964e-001 -3.6690647e-001
 -7.9856115e-001 -1.7985612e-001
 -7.8417266e-001  7.1942446e-003
 -7.6978417e-001  1.9424460e-001
 -7.5539568e-001  3.8129496e-001
 -7.4100719e-001  5.6834532e-001
 -7.2661871e-001  7.5539568e-001
 -7.1223022e-001  9.4244604e-001
 -6.9784173e-001 -8.4172662e-001
 -6.8345324e-001 -6.5467626e-001
 -6.6906475e-001 -4.6762590e-001
 -6.5467626e-001 -2.8057554e-001
 -6.4028777e-001 -9.3525180e-002
 -6.2589928e-001  9.3525180e-002
 -6.1151079e-001  2.8057554e-001
 -5.9712230e-001  4.6762590e-001
 -5.8273381e-001  6.5467626e-001
 -5.6834532e-001  8.4172662e-001
 -5.5395683e-001 -9.4244604e-001
 -5.3956835e-001 -7.5539568e-001
 -5.2517986e-001 -5.6834532e-001
 -5.1079137e-001 -3.8129496e-001
 -4.9640288e-001 -1.9424460e-001
 -4.8201439e-001 -7.1942446e-003
 -4.6762590e-001  1.7985612e-001
 -4.5323741e-001  3.6690647e-001
 -4.3884892e-001  5.5395683e-001
 -4.2446043e-001  7.4100719e-001
 -4.1007194e-001  9.2805755e-001
 -3.9568345e-001 -8.5611511e-001
 -3.8129496e-001 -6.6906475e-001
 -3.6690647e-001 -4.8201439e-001
 -3.5251799e-001 -2.9496403e-001
 -3.3812950e-001 -1.0791367e-001
 -3.2374101e-001  7.9136691e-002
 -3.0935252e-001  2.6618705e-001
 -2.9496403e-001  4.5323741e-001
 -2.8057554e-001  6.4028777e-001
 -2.6618705e-001  8.2733813e-001
 -2.5179856e-001 -9.5683453e-001
 -2.3741007e-001 -7.6978417e-001
 -2.2302158e-001 -5.8273381e-001
 -2.0863309e-001 -3.9568345e-001
 -1.9424460e-001 -2.0863309e-001
 -1.7985612e-001 -2.1582734e-002
 -1.6546763e-001  1.6546763e-001
 -1.5107914e-001  3.5251799e-001
 -1.3669065e-001  5.3956835e-001
 -1.2230216e-001  7.2661871e-001
 -1.0791367e-001  9.1366906e-001
 -9.3525180e-002 -8.7050360e-001
 -7.9136691e-002 -6.8345324e-001
 -6.4748201e-002 -4.9640288e-001
 -5.0359712e-002 -3.0935252e-001
 -3.5971223e-002 -1.2230216e-001
 -2.1582734e-002  6.4748201e-002
 -7.1942446e-003  2.5179856e-001
  7.1942446e-003  4.3884892e-001
  2.1582734e-002  6.2589928e-001
  3.5971223e-002  8.1294964e-001
  5.0359712e-002  1.0000000e+000
  6.4748201e-002 -9.7122302e-001
  7.9136691e-002 -7.8417266e-001
  9.3525180e-002 -5.9712230e-001
  1.0791367e-001 -4.1007194e-001
  1.2230216e-001 -2.2302158e-001
  1.3669065e-001 -3.5971223e-002
  1.5107914e-001  1.5107914e-001
  1.6546763e-001  3.3812950e-001
  1.7985612e-001  5.2517986e-001
  1.9424460e-001  7.1223022e-001
  2.0863309e-001  8.9928058e-001
  2.2302158e-001 -8.8489209e-001
  2.3741007e-001 -6.9784173e-001
  2.5179856e-001 -5.1079137e-001
  2.6618705e-001 -3.2374101e-001
  2.8057554e-001 -1.3669065e-001
  2.9496403e-001  5.0359712e-002
  3.0935252e-001  2.3741007e-001
  3.2374101e-001  4.2446043e-001
  3.3812950e-001  6.1151079e-001
  3.5251799e-001  7.9856115e-001
  3.6690647e-001  9.8561151e-001
  3.8129496e-001 -9.8561151e-001
  3.9568345e-001 -7.9856115e-001
  4.1007194e-001 -6.1151079e-001
  4.2446043e-001 -4.2446043e-001
  4.3884892e-001 -2.3741007e-001
  4.5323741e-001 -5.0359712e-002
  4.6762590e-001  1.3669065e-001
  4.8201439e-001  3.2374101e-001
  4.9640288e-001  5.1079137e-001
  5.1079137e-001  6.9784173e-001
  5.2517986e-001  8.8489209e-001
  5.3956835e-001 -8.9928058e-001
  5.5395683e-001 -7.1223022e-001
  5.6834532e-001 -5.2517986e-001
  5.8273381e-001 -3.3812950e-001
  5.9712230e-001 -1.5107914e-001
  6.1151079e-001  3.5971223e-002
  6.2589928e-001  2.2302158e-001
  6.4028777e-001  4.1007194e-001
  6.5467626e-001  5.9712230e-001
  6.6906475e-001  7.8417266e-001
  6.8345324e-001  9.7122302e-001
  6.9784173e-001 -1.0000000e+000
  7.1223022e-001 -8.1294964e-001
  7.2661871e-001 -6.2589928e-001
  7.4100719e-001 -4.3884892e-001
  7.5539568e-001 -2.5179856e-001
  7.6978417e-001 -6.4748201e-002
  7.8417266e-001  1.2230216e-001
  7.9856115e-001  3.0935252e-001
  8.1294964e-001  4.9640288e-001
  8.2733813e-001  6.8345324e-001
  8.4172662e-001  8.7050360e-001
  8.5611511e-001 -9.1366906e-001
  8.7050360e-001 -7.2661871e-001
  8.8489209e-001 -5.3956835e-001
  8.9928058e-001 -3.5251799e-001
  9.1366906e-001 -1.6546763e-001
  9.2805755e-001  2.1582734e-002
  9.4244604e-001  2.0863309e-001
  9.5683453e-001  3.9568345e-001
  9.7122302e-001  5.8273381e-001
  9.8561151e-001  7.6978417e-001
  1.0000000e+000  9.5683453e-001
