 -1.0000000e+000 -7.9069767e-001
 -9.7674419e-001 -5.5813953e-001
 -9.5348837e-001 -3.2558140e-001
 -9.3023256e-001 -9.3023256e-002
 -9.0697674e-001  1.3953488e-001
 -8.8372093e-001  3.7209302e-001
 -8.6046512e-001  6.0465116e-001
 -8.3720930e-001  8.3720930e-001
 -8.1395349e-001 -9.3023256e-001
 -7.9069767e-001 -6.9767442e-001
 -7.6744186e-001 -4.6511628e-001
 -7.4418605e-001 -2.3255814e-001
 -7.2093023e-001  0.0000000e+000
 -6.9767442e-001  2.3255814e-001
 -6.7441860e-001  4.6511628e-001
 -6.5116279e-001  6.9767442e-001
 -6.2790698e-001  9.3023256e-001
 -6.0465116e-001 -8.3720930e-001
 -5.8139535e-001 -6.0465116e-001
 -5.5813953e-001 -3.7209302e-001
 -5.3488372e-001 -1.3953488e-001
 -5.1162791e-001  9.3023256e-002
 -4.8837209e-001  3.2558140e-001
 -4.6511628e-001  5.5813953e-001
 -4.4186047e-001  7.9069767e-001
 -4.1860465e-001 -9.7674419e-001
 -3.9534884e-001 -7.4418605e-001
 -3.7209302e-001 -5.1162791e-001
 -3.4883721e-001 -2.7906977e-001
 -3.2558140e-001 -4.6511628e-002
 -3.0232558e-001  1.8604651e-001
 -2.7906977e-001  4.1860465e-001
 -2.5581395e-001  6.5116279e-001
 -2.3255814e-001  8.8372093e-001
 -2.0930233e-001 -8.8372093e-001
 -1.8604651e-001 -6.5116279e-001
 -1.6279070e-001 -4.1860465e-001
 -1.3953488e-001 -1.8604651e-001
 -1.1627907e-001  4.6511628e-002
 -9.3023256e-002  2.7906977e-001
 -6.9767442e-002  5.1162791e-001
 -4.6511628e-002  7.4418605e-001
 -2.3255814e-002  9.7674419e-001
  0.0000000e+000 -1.0000000e+000
  2.3255814e-002 -7.6744186e-001
  4.6511628e-002 -5.3488372e-001
  6.9767442e-002 -3.0232558e-001
  9.3023256e-002 -6.9767442e-002
  1.1627907e-001  1.6279070e-001
  1.3953488e-001  3.9534884e-001
  1.6279070e-001  6.2790698e-001
  1.8604651e-001  8.6046512e-001
  2.0930233e-001 -9.0697674e-001
  2.3255814e-001 -6.7441860e-001
  2.5581395e-001 -4.4186047e-001
  2.7906977e-001 -2.0930233e-001
  3.0232558e-001  2.3255814e-002
  3.2558140e-001  2.5581395e-001
  3.4883721e-001  4.8837209e-001
  3.7209302e-001  7.2093023e-001
  3.9534884e-001  9.5348837e-001
  4.1860465e-001 -8.1395349e-001
  4.4186047e-001 -5.8139535e-001
  4.6511628e-001 -3.4883721e-001
  4.8837209e-001 -1.1627907e-001
  5.1162791e-001  1.1627907e-001
  5.3488372e-001  3.4883721e-001
  5.5813953e-001  5.8139535e-001
  5.8139535e-001  8.1395349e-001
  6.0465116e-001 -9.5348837e-001
  6.2790698e-001 -7.2093023e-001
  6.5116279e-001 -4.8837209e-001
  6.7441860e-001 -2.5581395e-001
  6.9767442e-001 -2.3255814e-002
  7.2093023e-001  2.0930233e-001
  7.4418605e-001  4.4186047e-001
  7.6744186e-001  6.7441860e-001
  7.9069767e-001  9.0697674e-001
  8.1395349e-001 -8.6046512e-001
  8.3720930e-001 -6.2790698e-001
  8.6046512e-001 -3.9534884e-001
  8.8372093e-001 -1.6279070e-001
  9.0697674e-001  6.9767442e-002
  9.3023256e-001  3.0232558e-001
  9.5348837e-001  5.3488372e-001
  9.7674419e-001  7.6744186e-001
  1.0000000e+000  1.0000000e+000
