 -1.0000000e+000 -6.1904762e-001
 -9.0476190e-001 -1.4285714e-001
 -8.0952381e-001  3.3333333e-001
 -7.1428571e-001  8.0952381e-001
 -6.1904762e-001 -9.0476190e-001
 -5.2380952e-001 -4.2857143e-001
 -4.2857143e-001  4.7619048e-002
 -3.3333333e-001  5.2380952e-001
 -2.3809524e-001  1.0000000e+000
 -1.4285714e-001 -7.1428571e-001
 -4.7619048e-002 -2.3809524e-001
  4.7619048e-002  2.3809524e-001
  1.4285714e-001  7.1428571e-001
  2.3809524e-001 -1.0000000e+000
  3.3333333e-001 -5.2380952e-001
  4.2857143e-001 -4.7619048e-002
  5.2380952e-001  4.2857143e-001
  6.1904762e-001  9.0476190e-001
  7.1428571e-001 -8.0952381e-001
  8.0952381e-001 -3.3333333e-001
  9.0476190e-001  1.4285714e-001
  1.0000000e+000  6.1904762e-001
