 -1.0000000e+000 -2.5170068e-001
 -9.8639456e-001  5.1020408e-001
 -9.7278912e-001 -7.1428571e-001
 -9.5918367e-001  4.7619048e-002
 -9.4557823e-001  8.0952381e-001
 -9.3197279e-001 -4.1496599e-001
 -9.1836735e-001  3.4693878e-001
 -9.0476190e-001 -8.7755102e-001
 -8.9115646e-001 -1.1564626e-001
 -8.7755102e-001  6.4625850e-001
 -8.6394558e-001 -5.7823129e-001
 -8.5034014e-001  1.8367347e-001
 -8.3673469e-001  9.4557823e-001
 -8.2312925e-001 -2.7891156e-001
 -8.0952381e-001  4.8299320e-001
 -7.9591837e-001 -7.4149660e-001
 -7.8231293e-001  2.0408163e-002
 -7.6870748e-001  7.8231293e-001
 -7.5510204e-001 -4.4217687e-001
 -7.4149660e-001  3.1972789e-001
 -7.2789116e-001 -9.0476190e-001
 -7.1428571e-001 -1.4285714e-001
 -7.0068027e-001  6.1904762e-001
 -6.8707483e-001 -6.0544218e-001
 -6.7346939e-001  1.5646259e-001
 -6.5986395e-001  9.1836735e-001
 -6.4625850e-001 -3.0612245e-001
 -6.3265306e-001  4.5578231e-001
 -6.1904762e-001 -7.6870748e-001
 -6.0544218e-001 -6.8027211e-003
 -5.9183673e-001  7.5510204e-001
 -5.7823129e-001 -4.6938776e-001
 -5.6462585e-001  2.9251701e-001
 -5.5102041e-001 -9.3197279e-001
 -5.3741497e-001 -1.7006803e-001
 -5.2380952e-001  5.9183673e-001
 -5.1020408e-001 -6.3265306e-001
 -4.9659864e-001  1.2925170e-001
 -4.8299320e-001  8.9115646e-001
 -4.6938776e-001 -3.3333333e-001
 -4.5578231e-001  4.2857143e-001
 -4.4217687e-001 -7.9591837e-001
 -4.2857143e-001 -3.4013605e-002
 -4.1496599e-001  7.2789116e-001
 -4.0136054e-001 -4.9659864e-001
 -3.8775510e-001  2.6530612e-001
 -3.7414966e-001 -9.5918367e-001
 -3.6054422e-001 -1.9727891e-001
 -3.4693878e-001  5.6462585e-001
 -3.3333333e-001 -6.5986395e-001
 -3.1972789e-001  1.0204082e-001
 -3.0612245e-001  8.6394558e-001
 -2.9251701e-001 -3.6054422e-001
 -2.7891156e-001  4.0136054e-001
 -2.6530612e-001 -8.2312925e-001
 -2.5170068e-001 -6.1224490e-002
 -2.3809524e-001  7.0068027e-001
 -2.2448980e-001 -5.2380952e-001
 -2.1088435e-001  2.3809524e-001
 -1.9727891e-001  1.0000000e+000
 -1.8367347e-001 -9.8639456e-001
 -1.7006803e-001 -2.2448980e-001
 -1.5646259e-001  5.3741497e-001
 -1.4285714e-001 -6.8707483e-001
 -1.2925170e-001  7.4829932e-002
 -1.1564626e-001  8.3673469e-001
 -1.0204082e-001 -3.8775510e-001
 -8.8435374e-002  3.7414966e-001
 -7.4829932e-002 -8.5034014e-001
 -6.1224490e-002 -8.8435374e-002
 -4.7619048e-002  6.7346939e-001
 -3.4013605e-002 -5.5102041e-001
 -2.0408163e-002  2.1088435e-001
 -6.8027211e-003  9.7278912e-001
  6.8027211e-003 -1.0000000e+000
  2.0408163e-002 -2.3809524e-001
  3.4013605e-002  5.2380952e-001
  4.7619048e-002 -7.0068027e-001
  6.1224490e-002  6.1224490e-002
  7.4829932e-002  8.2312925e-001
  8.8435374e-002 -4.0136054e-001
  1.0204082e-001  3.6054422e-001
  1.1564626e-001 -8.6394558e-001
  1.2925170e-001 -1.0204082e-001
  1.4285714e-001  6.5986395e-001
  1.5646259e-001 -5.6462585e-001
  1.7006803e-001  1.9727891e-001
  1.8367347e-001  9.5918367e-001
  1.9727891e-001 -2.6530612e-001
  2.1088435e-001  4.9659864e-001
  2.2448980e-001 -7.2789116e-001
  2.3809524e-001  3.4013605e-002
  2.5170068e-001  7.9591837e-001
  2.6530612e-001 -4.2857143e-001
  2.7891156e-001  3.3333333e-001
  2.9251701e-001 -8.9115646e-001
  3.0612245e-001 -1.2925170e-001
  3.1972789e-001  6.3265306e-001
  3.3333333e-001 -5.9183673e-001
  3.4693878e-001  1.7006803e-001
  3.6054422e-001  9.3197279e-001
  3.7414966e-001 -2.9251701e-001
  3.8775510e-001  4.6938776e-001
  4.0136054e-001 -7.5510204e-001
  4.1496599e-001  6.8027211e-003
  4.2857143e-001  7.6870748e-001
  4.4217687e-001 -4.5578231e-001
  4.5578231e-001  3.0612245e-001
  4.6938776e-001 -9.1836735e-001
  4.8299320e-001 -1.5646259e-001
  4.9659864e-001  6.0544218e-001
  5.1020408e-001 -6.1904762e-001
  5.2380952e-001  1.4285714e-001
  5.3741497e-001  9.0476190e-001
  5.5102041e-001 -3.1972789e-001
  5.6462585e-001  4.4217687e-001
  5.7823129e-001 -7.8231293e-001
  5.9183673e-001 -2.0408163e-002
  6.0544218e-001  7.4149660e-001
  6.1904762e-001 -4.8299320e-001
  6.3265306e-001  2.7891156e-001
  6.4625850e-001 -9.4557823e-001
  6.5986395e-001 -1.8367347e-001
  6.7346939e-001  5.7823129e-001
  6.8707483e-001 -6.4625850e-001
  7.0068027e-001  1.1564626e-001
  7.1428571e-001  8.7755102e-001
  7.2789116e-001 -3.4693878e-001
  7.4149660e-001  4.1496599e-001
  7.5510204e-001 -8.0952381e-001
  7.6870748e-001 -4.7619048e-002
  7.8231293e-001  7.1428571e-001
  7.9591837e-001 -5.1020408e-001
  8.0952381e-001  2.5170068e-001
  8.2312925e-001 -9.7278912e-001
  8.3673469e-001 -2.1088435e-001
  8.5034014e-001  5.5102041e-001
  8.6394558e-001 -6.7346939e-001
  8.7755102e-001  8.8435374e-002
  8.9115646e-001  8.5034014e-001
  9.0476190e-001 -3.7414966e-001
  9.1836735e-001  3.8775510e-001
  9.3197279e-001 -8.3673469e-001
  9.4557823e-001 -7.4829932e-002
  9.5918367e-001  6.8707483e-001
  9.7278912e-001 -5.3741497e-001
  9.8639456e-001  2.2448980e-001
  1.0000000e+000  9.8639456e-001
