 -1.0000000e+000 -1.3157895e-001
 -9.7368421e-001  7.6315789e-001
 -9.4736842e-001 -3.6842105e-001
 -9.2105263e-001  5.2631579e-001
 -8.9473684e-001 -6.0526316e-001
 -8.6842105e-001  2.8947368e-001
 -8.4210526e-001 -8.4210526e-001
 -8.1578947e-001  5.2631579e-002
 -7.8947368e-001  9.4736842e-001
 -7.6315789e-001 -1.8421053e-001
 -7.3684211e-001  7.1052632e-001
 -7.1052632e-001 -4.2105263e-001
 -6.8421053e-001  4.7368421e-001
 -6.5789474e-001 -6.5789474e-001
 -6.3157895e-001  2.3684211e-001
 -6.0526316e-001 -8.9473684e-001
 -5.7894737e-001  0.0000000e+000
 -5.5263158e-001  8.9473684e-001
 -5.2631579e-001 -2.3684211e-001
 -5.0000000e-001  6.5789474e-001
 -4.7368421e-001 -4.7368421e-001
 -4.4736842e-001  4.2105263e-001
 -4.2105263e-001 -7.1052632e-001
 -3.9473684e-001  1.8421053e-001
 -3.6842105e-001 -9.4736842e-001
 -3.4210526e-001 -5.2631579e-002
 -3.1578947e-001  8.4210526e-001
 -2.8947368e-001 -2.8947368e-001
 -2.6315789e-001  6.0526316e-001
 -2.3684211e-001 -5.2631579e-001
 -2.1052632e-001  3.6842105e-001
 -1.8421053e-001 -7.6315789e-001
 -1.5789474e-001  1.3157895e-001
 -1.3157895e-001 -1.0000000e+000
 -1.0526316e-001 -1.0526316e-001
 -7.8947368e-002  7.8947368e-001
 -5.2631579e-002 -3.4210526e-001
 -2.6315789e-002  5.5263158e-001
  0.0000000e+000 -5.7894737e-001
  2.6315789e-002  3.1578947e-001
  5.2631579e-002 -8.1578947e-001
  7.8947368e-002  7.8947368e-002
  1.0526316e-001  9.7368421e-001
  1.3157895e-001 -1.5789474e-001
  1.5789474e-001  7.3684211e-001
  1.8421053e-001 -3.9473684e-001
  2.1052632e-001  5.0000000e-001
  2.3684211e-001 -6.3157895e-001
  2.6315789e-001  2.6315789e-001
  2.8947368e-001 -8.6842105e-001
  3.1578947e-001  2.6315789e-002
  3.4210526e-001  9.2105263e-001
  3.6842105e-001 -2.1052632e-001
  3.9473684e-001  6.8421053e-001
  4.2105263e-001 -4.4736842e-001
  4.4736842e-001  4.4736842e-001
  4.7368421e-001 -6.8421053e-001
  5.0000000e-001  2.1052632e-001
  5.2631579e-001 -9.2105263e-001
  5.5263158e-001 -2.6315789e-002
  5.7894737e-001  8.6842105e-001
  6.0526316e-001 -2.6315789e-001
  6.3157895e-001  6.3157895e-001
  6.5789474e-001 -5.0000000e-001
  6.8421053e-001  3.9473684e-001
  7.1052632e-001 -7.3684211e-001
  7.3684211e-001  1.5789474e-001
  7.6315789e-001 -9.7368421e-001
  7.8947368e-001 -7.8947368e-002
  8.1578947e-001  8.1578947e-001
  8.4210526e-001 -3.1578947e-001
  8.6842105e-001  5.7894737e-001
  8.9473684e-001 -5.5263158e-001
  9.2105263e-001  3.4210526e-001
  9.4736842e-001 -7.8947368e-001
  9.7368421e-001  1.0526316e-001
  1.0000000e+000  1.0000000e+000
