 -1.0000000e+000 -2.6153846e-001
 -9.6923077e-001  5.0769231e-001
 -9.3846154e-001 -7.5384615e-001
 -9.0769231e-001  1.5384615e-002
 -8.7692308e-001  7.8461538e-001
 -8.4615385e-001 -4.7692308e-001
 -8.1538462e-001  2.9230769e-001
 -7.8461538e-001 -9.6923077e-001
 -7.5384615e-001 -2.0000000e-001
 -7.2307692e-001  5.6923077e-001
 -6.9230769e-001 -6.9230769e-001
 -6.6153846e-001  7.6923077e-002
 -6.3076923e-001  8.4615385e-001
 -6.0000000e-001 -4.1538462e-001
 -5.6923077e-001  3.5384615e-001
 -5.3846154e-001 -9.0769231e-001
 -5.0769231e-001 -1.3846154e-001
 -4.7692308e-001  6.3076923e-001
 -4.4615385e-001 -6.3076923e-001
 -4.1538462e-001  1.3846154e-001
 -3.8461538e-001  9.0769231e-001
 -3.5384615e-001 -3.5384615e-001
 -3.2307692e-001  4.1538462e-001
 -2.9230769e-001 -8.4615385e-001
 -2.6153846e-001 -7.6923077e-002
 -2.3076923e-001  6.9230769e-001
 -2.0000000e-001 -5.6923077e-001
 -1.6923077e-001  2.0000000e-001
 -1.3846154e-001  9.6923077e-001
 -1.0769231e-001 -2.9230769e-001
 -7.6923077e-002  4.7692308e-001
 -4.6153846e-002 -7.8461538e-001
 -1.5384615e-002 -1.5384615e-002
  1.5384615e-002  7.5384615e-001
  4.6153846e-002 -5.0769231e-001
  7.6923077e-002  2.6153846e-001
  1.0769231e-001 -1.0000000e+000
  1.3846154e-001 -2.3076923e-001
  1.6923077e-001  5.3846154e-001
  2.0000000e-001 -7.2307692e-001
  2.3076923e-001  4.6153846e-002
  2.6153846e-001  8.1538462e-001
  2.9230769e-001 -4.4615385e-001
  3.2307692e-001  3.2307692e-001
  3.5384615e-001 -9.3846154e-001
  3.8461538e-001 -1.6923077e-001
  4.1538462e-001  6.0000000e-001
  4.4615385e-001 -6.6153846e-001
  4.7692308e-001  1.0769231e-001
  5.0769231e-001  8.7692308e-001
  5.3846154e-001 -3.8461538e-001
  5.6923077e-001  3.8461538e-001
  6.0000000e-001 -8.7692308e-001
  6.3076923e-001 -1.0769231e-001
  6.6153846e-001  6.6153846e-001
  6.9230769e-001 -6.0000000e-001
  7.2307692e-001  1.6923077e-001
  7.5384615e-001  9.3846154e-001
  7.8461538e-001 -3.2307692e-001
  8.1538462e-001  4.4615385e-001
  8.4615385e-001 -8.1538462e-001
  8.7692308e-001 -4.6153846e-002
  9.0769231e-001  7.2307692e-001
  9.3846154e-001 -5.3846154e-001
  9.6923077e-001  2.3076923e-001
  1.0000000e+000  1.0000000e+000
