 -1.0000000e+000 -8.4415584e-001
 -9.8701299e-001 -6.7532468e-001
 -9.7402597e-001 -5.0649351e-001
 -9.6103896e-001 -3.3766234e-001
 -9.4805195e-001 -1.6883117e-001
 -9.3506494e-001  0.0000000e+000
 -9.2207792e-001  1.6883117e-001
 -9.0909091e-001  3.3766234e-001
 -8.9610390e-001  5.0649351e-001
 -8.8311688e-001  6.7532468e-001
 -8.7012987e-001  8.4415584e-001
 -8.5714286e-001 -9.3506494e-001
 -8.4415584e-001 -7.6623377e-001
 -8.3116883e-001 -5.9740260e-001
 -8.1818182e-001 -4.2857143e-001
 -8.0519481e-001 -2.5974026e-001
 -7.9220779e-001 -9.0909091e-002
 -7.7922078e-001  7.7922078e-002
 -7.6623377e-001  2.4675325e-001
 -7.5324675e-001  4.1558442e-001
 -7.4025974e-001  5.8441558e-001
 -7.2727273e-001  7.5324675e-001
 -7.1428571e-001  9.2207792e-001
 -7.0129870e-001 -8.5714286e-001
 -6.8831169e-001 -6.8831169e-001
 -6.7532468e-001 -5.1948052e-001
 -6.6233766e-001 -3.5064935e-001
 -6.4935065e-001 -1.8181818e-001
 -6.3636364e-001 -1.2987013e-002
 -6.2337662e-001  1.5584416e-001
 -6.1038961e-001  3.2467532e-001
 -5.9740260e-001  4.9350649e-001
 -5.8441558e-001  6.6233766e-001
 -5.7142857e-001  8.3116883e-001
 -5.5844156e-001  1.0000000e+000
 -5.4545455e-001 -9.4805195e-001
 -5.3246753e-001 -7.7922078e-001
 -5.1948052e-001 -6.1038961e-001
 -5.0649351e-001 -4.4155844e-001
 -4.9350649e-001 -2.7272727e-001
 -4.8051948e-001 -1.0389610e-001
 -4.6753247e-001  6.4935065e-002
 -4.5454545e-001  2.3376623e-001
 -4.4155844e-001  4.0259740e-001
 -4.2857143e-001  5.7142857e-001
 -4.1558442e-001  7.4025974e-001
 -4.0259740e-001  9.0909091e-001
 -3.8961039e-001 -8.7012987e-001
 -3.7662338e-001 -7.0129870e-001
 -3.6363636e-001 -5.3246753e-001
 -3.5064935e-001 -3.6363636e-001
 -3.3766234e-001 -1.9480519e-001
 -3.2467532e-001 -2.5974026e-002
 -3.1168831e-001  1.4285714e-001
 -2.9870130e-001  3.1168831e-001
 -2.8571429e-001  4.8051948e-001
 -2.7272727e-001  6.4935065e-001
 -2.5974026e-001  8.1818182e-001
 -2.4675325e-001  9.8701299e-001
 -2.3376623e-001 -9.6103896e-001
 -2.2077922e-001 -7.9220779e-001
 -2.0779221e-001 -6.2337662e-001
 -1.9480519e-001 -4.5454545e-001
 -1.8181818e-001 -2.8571429e-001
 -1.6883117e-001 -1.1688312e-001
 -1.5584416e-001  5.1948052e-002
 -1.4285714e-001  2.2077922e-001
 -1.2987013e-001  3.8961039e-001
 -1.1688312e-001  5.5844156e-001
 -1.0389610e-001  7.2727273e-001
 -9.0909091e-002  8.9610390e-001
 -7.7922078e-002 -8.8311688e-001
 -6.4935065e-002 -7.1428571e-001
 -5.1948052e-002 -5.4545455e-001
 -3.8961039e-002 -3.7662338e-001
 -2.5974026e-002 -2.0779221e-001
 -1.2987013e-002 -3.8961039e-002
  0.0000000e+000  1.2987013e-001
  1.2987013e-002  2.9870130e-001
  2.5974026e-002  4.6753247e-001
  3.8961039e-002  6.3636364e-001
  5.1948052e-002  8.0519481e-001
  6.4935065e-002  9.7402597e-001
  7.7922078e-002 -9.7402597e-001
  9.0909091e-002 -8.0519481e-001
  1.0389610e-001 -6.3636364e-001
  1.1688312e-001 -4.6753247e-001
  1.2987013e-001 -2.9870130e-001
  1.4285714e-001 -1.2987013e-001
  1.5584416e-001  3.8961039e-002
  1.6883117e-001  2.0779221e-001
  1.8181818e-001  3.7662338e-001
  1.9480519e-001  5.4545455e-001
  2.0779221e-001  7.1428571e-001
  2.2077922e-001  8.8311688e-001
  2.3376623e-001 -8.9610390e-001
  2.4675325e-001 -7.2727273e-001
  2.5974026e-001 -5.5844156e-001
  2.7272727e-001 -3.8961039e-001
  2.8571429e-001 -2.2077922e-001
  2.9870130e-001 -5.1948052e-002
  3.1168831e-001  1.1688312e-001
  3.2467532e-001  2.8571429e-001
  3.3766234e-001  4.5454545e-001
  3.5064935e-001  6.2337662e-001
  3.6363636e-001  7.9220779e-001
  3.7662338e-001  9.6103896e-001
  3.8961039e-001 -9.8701299e-001
  4.0259740e-001 -8.1818182e-001
  4.1558442e-001 -6.4935065e-001
  4.2857143e-001 -4.8051948e-001
  4.4155844e-001 -3.1168831e-001
  4.5454545e-001 -1.4285714e-001
  4.6753247e-001  2.5974026e-002
  4.8051948e-001  1.9480519e-001
  4.9350649e-001  3.6363636e-001
  5.0649351e-001  5.3246753e-001
  5.1948052e-001  7.0129870e-001
  5.3246753e-001  8.7012987e-001
  5.4545455e-001 -9.0909091e-001
  5.5844156e-001 -7.4025974e-001
  5.7142857e-001 -5.7142857e-001
  5.8441558e-001 -4.0259740e-001
  5.9740260e-001 -2.3376623e-001
  6.1038961e-001 -6.4935065e-002
  6.2337662e-001  1.0389610e-001
  6.3636364e-001  2.7272727e-001
  6.4935065e-001  4.4155844e-001
  6.6233766e-001  6.1038961e-001
  6.7532468e-001  7.7922078e-001
  6.8831169e-001  9.4805195e-001
  7.0129870e-001 -1.0000000e+000
  7.1428571e-001 -8.3116883e-001
  7.2727273e-001 -6.6233766e-001
  7.4025974e-001 -4.9350649e-001
  7.5324675e-001 -3.2467532e-001
  7.6623377e-001 -1.5584416e-001
  7.7922078e-001  1.2987013e-002
  7.9220779e-001  1.8181818e-001
  8.0519481e-001  3.5064935e-001
  8.1818182e-001  5.1948052e-001
  8.3116883e-001  6.8831169e-001
  8.4415584e-001  8.5714286e-001
  8.5714286e-001 -9.2207792e-001
  8.7012987e-001 -7.5324675e-001
  8.8311688e-001 -5.8441558e-001
  8.9610390e-001 -4.1558442e-001
  9.0909091e-001 -2.4675325e-001
  9.2207792e-001 -7.7922078e-002
  9.3506494e-001  9.0909091e-002
  9.4805195e-001  2.5974026e-001
  9.6103896e-001  4.2857143e-001
  9.7402597e-001  5.9740260e-001
  9.8701299e-001  7.6623377e-001
  1.0000000e+000  9.3506494e-001
