 -1.0000000e+000 -5.7541899e-001
 -9.8882682e-001 -1.3966480e-001
 -9.7765363e-001  2.9608939e-001
 -9.6648045e-001  7.3184358e-001
 -9.5530726e-001 -8.5474860e-001
 -9.4413408e-001 -4.1899441e-001
 -9.3296089e-001  1.6759777e-002
 -9.2178771e-001  4.5251397e-001
 -9.1061453e-001  8.8826816e-001
 -8.9944134e-001 -6.9832402e-001
 -8.8826816e-001 -2.6256983e-001
 -8.7709497e-001  1.7318436e-001
 -8.6592179e-001  6.0893855e-001
 -8.5474860e-001 -9.7765363e-001
 -8.4357542e-001 -5.4189944e-001
 -8.3240223e-001 -1.0614525e-001
 -8.2122905e-001  3.2960894e-001
 -8.1005587e-001  7.6536313e-001
 -7.9888268e-001 -8.2122905e-001
 -7.8770950e-001 -3.8547486e-001
 -7.7653631e-001  5.0279330e-002
 -7.6536313e-001  4.8603352e-001
 -7.5418994e-001  9.2178771e-001
 -7.4301676e-001 -6.6480447e-001
 -7.3184358e-001 -2.2905028e-001
 -7.2067039e-001  2.0670391e-001
 -7.0949721e-001  6.4245810e-001
 -6.9832402e-001 -9.4413408e-001
 -6.8715084e-001 -5.0837989e-001
 -6.7597765e-001 -7.2625698e-002
 -6.6480447e-001  3.6312849e-001
 -6.5363128e-001  7.9888268e-001
 -6.4245810e-001 -7.8770950e-001
 -6.3128492e-001 -3.5195531e-001
 -6.2011173e-001  8.3798883e-002
 -6.0893855e-001  5.1955307e-001
 -5.9776536e-001  9.5530726e-001
 -5.8659218e-001 -6.3128492e-001
 -5.7541899e-001 -1.9553073e-001
 -5.6424581e-001  2.4022346e-001
 -5.5307263e-001  6.7597765e-001
 -5.4189944e-001 -9.1061453e-001
 -5.3072626e-001 -4.7486034e-001
 -5.1955307e-001 -3.9106145e-002
 -5.0837989e-001  3.9664804e-001
 -4.9720670e-001  8.3240223e-001
 -4.8603352e-001 -7.5418994e-001
 -4.7486034e-001 -3.1843575e-001
 -4.6368715e-001  1.1731844e-001
 -4.5251397e-001  5.5307263e-001
 -4.4134078e-001  9.8882682e-001
 -4.3016760e-001 -5.9776536e-001
 -4.1899441e-001 -1.6201117e-001
 -4.0782123e-001  2.7374302e-001
 -3.9664804e-001  7.0949721e-001
 -3.8547486e-001 -8.7709497e-001
 -3.7430168e-001 -4.4134078e-001
 -3.6312849e-001 -5.5865922e-003
 -3.5195531e-001  4.3016760e-001
 -3.4078212e-001  8.6592179e-001
 -3.2960894e-001 -7.2067039e-001
 -3.1843575e-001 -2.8491620e-001
 -3.0726257e-001  1.5083799e-001
 -2.9608939e-001  5.8659218e-001
 -2.8491620e-001 -1.0000000e+000
 -2.7374302e-001 -5.6424581e-001
 -2.6256983e-001 -1.2849162e-001
 -2.5139665e-001  3.0726257e-001
 -2.4022346e-001  7.4301676e-001
 -2.2905028e-001 -8.4357542e-001
 -2.1787709e-001 -4.0782123e-001
 -2.0670391e-001  2.7932961e-002
 -1.9553073e-001  4.6368715e-001
 -1.8435754e-001  8.9944134e-001
 -1.7318436e-001 -6.8715084e-001
 -1.6201117e-001 -2.5139665e-001
 -1.5083799e-001  1.8435754e-001
 -1.3966480e-001  6.2011173e-001
 -1.2849162e-001 -9.6648045e-001
 -1.1731844e-001 -5.3072626e-001
 -1.0614525e-001 -9.4972067e-002
 -9.4972067e-002  3.4078212e-001
 -8.3798883e-002  7.7653631e-001
 -7.2625698e-002 -8.1005587e-001
 -6.1452514e-002 -3.7430168e-001
 -5.0279330e-002  6.1452514e-002
 -3.9106145e-002  4.9720670e-001
 -2.7932961e-002  9.3296089e-001
 -1.6759777e-002 -6.5363128e-001
 -5.5865922e-003 -2.1787709e-001
  5.5865922e-003  2.1787709e-001
  1.6759777e-002  6.5363128e-001
  2.7932961e-002 -9.3296089e-001
  3.9106145e-002 -4.9720670e-001
  5.0279330e-002 -6.1452514e-002
  6.1452514e-002  3.7430168e-001
  7.2625698e-002  8.1005587e-001
  8.3798883e-002 -7.7653631e-001
  9.4972067e-002 -3.4078212e-001
  1.0614525e-001  9.4972067e-002
  1.1731844e-001  5.3072626e-001
  1.2849162e-001  9.6648045e-001
  1.3966480e-001 -6.2011173e-001
  1.5083799e-001 -1.8435754e-001
  1.6201117e-001  2.5139665e-001
  1.7318436e-001  6.8715084e-001
  1.8435754e-001 -8.9944134e-001
  1.9553073e-001 -4.6368715e-001
  2.0670391e-001 -2.7932961e-002
  2.1787709e-001  4.0782123e-001
  2.2905028e-001  8.4357542e-001
  2.4022346e-001 -7.4301676e-001
  2.5139665e-001 -3.0726257e-001
  2.6256983e-001  1.2849162e-001
  2.7374302e-001  5.6424581e-001
  2.8491620e-001  1.0000000e+000
  2.9608939e-001 -5.8659218e-001
  3.0726257e-001 -1.5083799e-001
  3.1843575e-001  2.8491620e-001
  3.2960894e-001  7.2067039e-001
  3.4078212e-001 -8.6592179e-001
  3.5195531e-001 -4.3016760e-001
  3.6312849e-001  5.5865922e-003
  3.7430168e-001  4.4134078e-001
  3.8547486e-001  8.7709497e-001
  3.9664804e-001 -7.0949721e-001
  4.0782123e-001 -2.7374302e-001
  4.1899441e-001  1.6201117e-001
  4.3016760e-001  5.9776536e-001
  4.4134078e-001 -9.8882682e-001
  4.5251397e-001 -5.5307263e-001
  4.6368715e-001 -1.1731844e-001
  4.7486034e-001  3.1843575e-001
  4.8603352e-001  7.5418994e-001
  4.9720670e-001 -8.3240223e-001
  5.0837989e-001 -3.9664804e-001
  5.1955307e-001  3.9106145e-002
  5.3072626e-001  4.7486034e-001
  5.4189944e-001  9.1061453e-001
  5.5307263e-001 -6.7597765e-001
  5.6424581e-001 -2.4022346e-001
  5.7541899e-001  1.9553073e-001
  5.8659218e-001  6.3128492e-001
  5.9776536e-001 -9.5530726e-001
  6.0893855e-001 -5.1955307e-001
  6.2011173e-001 -8.3798883e-002
  6.3128492e-001  3.5195531e-001
  6.4245810e-001  7.8770950e-001
  6.5363128e-001 -7.9888268e-001
  6.6480447e-001 -3.6312849e-001
  6.7597765e-001  7.2625698e-002
  6.8715084e-001  5.0837989e-001
  6.9832402e-001  9.4413408e-001
  7.0949721e-001 -6.4245810e-001
  7.2067039e-001 -2.0670391e-001
  7.3184358e-001  2.2905028e-001
  7.4301676e-001  6.6480447e-001
  7.5418994e-001 -9.2178771e-001
  7.6536313e-001 -4.8603352e-001
  7.7653631e-001 -5.0279330e-002
  7.8770950e-001  3.8547486e-001
  7.9888268e-001  8.2122905e-001
  8.1005587e-001 -7.6536313e-001
  8.2122905e-001 -3.2960894e-001
  8.3240223e-001  1.0614525e-001
  8.4357542e-001  5.4189944e-001
  8.5474860e-001  9.7765363e-001
  8.6592179e-001 -6.0893855e-001
  8.7709497e-001 -1.7318436e-001
  8.8826816e-001  2.6256983e-001
  8.9944134e-001  6.9832402e-001
  9.1061453e-001 -8.8826816e-001
  9.2178771e-001 -4.5251397e-001
  9.3296089e-001 -1.6759777e-002
  9.4413408e-001  4.1899441e-001
  9.5530726e-001  8.5474860e-001
  9.6648045e-001 -7.3184358e-001
  9.7765363e-001 -2.9608939e-001
  9.8882682e-001  1.3966480e-001
  1.0000000e+000  5.7541899e-001
