 -1.0000000e+000 -4.1573034e-001
 -9.7752809e-001  1.9101124e-001
 -9.5505618e-001  7.9775281e-001
 -9.3258427e-001 -6.4044944e-001
 -9.1011236e-001 -3.3707865e-002
 -8.8764045e-001  5.7303371e-001
 -8.6516854e-001 -8.6516854e-001
 -8.4269663e-001 -2.5842697e-001
 -8.2022472e-001  3.4831461e-001
 -7.9775281e-001  9.5505618e-001
 -7.7528090e-001 -4.8314607e-001
 -7.5280899e-001  1.2359551e-001
 -7.3033708e-001  7.3033708e-001
 -7.0786517e-001 -7.0786517e-001
 -6.8539326e-001 -1.0112360e-001
 -6.6292135e-001  5.0561798e-001
 -6.4044944e-001 -9.3258427e-001
 -6.1797753e-001 -3.2584270e-001
 -5.9550562e-001  2.8089888e-001
 -5.7303371e-001  8.8764045e-001
 -5.5056180e-001 -5.5056180e-001
 -5.2808989e-001  5.6179775e-002
 -5.0561798e-001  6.6292135e-001
 -4.8314607e-001 -7.7528090e-001
 -4.6067416e-001 -1.6853933e-001
 -4.3820225e-001  4.3820225e-001
 -4.1573034e-001 -1.0000000e+000
 -3.9325843e-001 -3.9325843e-001
 -3.7078652e-001  2.1348315e-001
 -3.4831461e-001  8.2022472e-001
 -3.2584270e-001 -6.1797753e-001
 -3.0337079e-001 -1.1235955e-002
 -2.8089888e-001  5.9550562e-001
 -2.5842697e-001 -8.4269663e-001
 -2.3595506e-001 -2.3595506e-001
 -2.1348315e-001  3.7078652e-001
 -1.9101124e-001  9.7752809e-001
 -1.6853933e-001 -4.6067416e-001
 -1.4606742e-001  1.4606742e-001
 -1.2359551e-001  7.5280899e-001
 -1.0112360e-001 -6.8539326e-001
 -7.8651685e-002 -7.8651685e-002
 -5.6179775e-002  5.2808989e-001
 -3.3707865e-002 -9.1011236e-001
 -1.1235955e-002 -3.0337079e-001
  1.1235955e-002  3.0337079e-001
  3.3707865e-002  9.1011236e-001
  5.6179775e-002 -5.2808989e-001
  7.8651685e-002  7.8651685e-002
  1.0112360e-001  6.8539326e-001
  1.2359551e-001 -7.5280899e-001
  1.4606742e-001 -1.4606742e-001
  1.6853933e-001  4.6067416e-001
  1.9101124e-001 -9.7752809e-001
  2.1348315e-001 -3.7078652e-001
  2.3595506e-001  2.3595506e-001
  2.5842697e-001  8.4269663e-001
  2.8089888e-001 -5.9550562e-001
  3.0337079e-001  1.1235955e-002
  3.2584270e-001  6.1797753e-001
  3.4831461e-001 -8.2022472e-001
  3.7078652e-001 -2.1348315e-001
  3.9325843e-001  3.9325843e-001
  4.1573034e-001  1.0000000e+000
  4.3820225e-001 -4.3820225e-001
  4.6067416e-001  1.6853933e-001
  4.8314607e-001  7.7528090e-001
  5.0561798e-001 -6.6292135e-001
  5.2808989e-001 -5.6179775e-002
  5.5056180e-001  5.5056180e-001
  5.7303371e-001 -8.8764045e-001
  5.9550562e-001 -2.8089888e-001
  6.1797753e-001  3.2584270e-001
  6.4044944e-001  9.3258427e-001
  6.6292135e-001 -5.0561798e-001
  6.8539326e-001  1.0112360e-001
  7.0786517e-001  7.0786517e-001
  7.3033708e-001 -7.3033708e-001
  7.5280899e-001 -1.2359551e-001
  7.7528090e-001  4.8314607e-001
  7.9775281e-001 -9.5505618e-001
  8.2022472e-001 -3.4831461e-001
  8.4269663e-001  2.5842697e-001
  8.6516854e-001  8.6516854e-001
  8.8764045e-001 -5.7303371e-001
  9.1011236e-001  3.3707865e-002
  9.3258427e-001  6.4044944e-001
  9.5505618e-001 -7.9775281e-001
  9.7752809e-001 -1.9101124e-001
  1.0000000e+000  4.1573034e-001
