 -1.0000000e+000 -1.4285714e-001
 -9.7402597e-001  7.4025974e-001
 -9.4805195e-001 -3.7662338e-001
 -9.2207792e-001  5.0649351e-001
 -8.9610390e-001 -6.1038961e-001
 -8.7012987e-001  2.7272727e-001
 -8.4415584e-001 -8.4415584e-001
 -8.1818182e-001  3.8961039e-002
 -7.9220779e-001  9.2207792e-001
 -7.6623377e-001 -1.9480519e-001
 -7.4025974e-001  6.8831169e-001
 -7.1428571e-001 -4.2857143e-001
 -6.8831169e-001  4.5454545e-001
 -6.6233766e-001 -6.6233766e-001
 -6.3636364e-001  2.2077922e-001
 -6.1038961e-001 -8.9610390e-001
 -5.8441558e-001 -1.2987013e-002
 -5.5844156e-001  8.7012987e-001
 -5.3246753e-001 -2.4675325e-001
 -5.0649351e-001  6.3636364e-001
 -4.8051948e-001 -4.8051948e-001
 -4.5454545e-001  4.0259740e-001
 -4.2857143e-001 -7.1428571e-001
 -4.0259740e-001  1.6883117e-001
 -3.7662338e-001 -9.4805195e-001
 -3.5064935e-001 -6.4935065e-002
 -3.2467532e-001  8.1818182e-001
 -2.9870130e-001 -2.9870130e-001
 -2.7272727e-001  5.8441558e-001
 -2.4675325e-001 -5.3246753e-001
 -2.2077922e-001  3.5064935e-001
 -1.9480519e-001 -7.6623377e-001
 -1.6883117e-001  1.1688312e-001
 -1.4285714e-001  1.0000000e+000
 -1.1688312e-001 -1.0000000e+000
 -9.0909091e-002 -1.1688312e-001
 -6.4935065e-002  7.6623377e-001
 -3.8961039e-002 -3.5064935e-001
 -1.2987013e-002  5.3246753e-001
  1.2987013e-002 -5.8441558e-001
  3.8961039e-002  2.9870130e-001
  6.4935065e-002 -8.1818182e-001
  9.0909091e-002  6.4935065e-002
  1.1688312e-001  9.4805195e-001
  1.4285714e-001 -1.6883117e-001
  1.6883117e-001  7.1428571e-001
  1.9480519e-001 -4.0259740e-001
  2.2077922e-001  4.8051948e-001
  2.4675325e-001 -6.3636364e-001
  2.7272727e-001  2.4675325e-001
  2.9870130e-001 -8.7012987e-001
  3.2467532e-001  1.2987013e-002
  3.5064935e-001  8.9610390e-001
  3.7662338e-001 -2.2077922e-001
  4.0259740e-001  6.6233766e-001
  4.2857143e-001 -4.5454545e-001
  4.5454545e-001  4.2857143e-001
  4.8051948e-001 -6.8831169e-001
  5.0649351e-001  1.9480519e-001
  5.3246753e-001 -9.2207792e-001
  5.5844156e-001 -3.8961039e-002
  5.8441558e-001  8.4415584e-001
  6.1038961e-001 -2.7272727e-001
  6.3636364e-001  6.1038961e-001
  6.6233766e-001 -5.0649351e-001
  6.8831169e-001  3.7662338e-001
  7.1428571e-001 -7.4025974e-001
  7.4025974e-001  1.4285714e-001
  7.6623377e-001 -9.7402597e-001
  7.9220779e-001 -9.0909091e-002
  8.1818182e-001  7.9220779e-001
  8.4415584e-001 -3.2467532e-001
  8.7012987e-001  5.5844156e-001
  8.9610390e-001 -5.5844156e-001
  9.2207792e-001  3.2467532e-001
  9.4805195e-001 -7.9220779e-001
  9.7402597e-001  9.0909091e-002
  1.0000000e+000  9.7402597e-001
