 -1.0000000e+000 -8.3783784e-001
 -9.8648649e-001 -6.6216216e-001
 -9.7297297e-001 -4.8648649e-001
 -9.5945946e-001 -3.1081081e-001
 -9.4594595e-001 -1.3513514e-001
 -9.3243243e-001  4.0540541e-002
 -9.1891892e-001  2.1621622e-001
 -9.0540541e-001  3.9189189e-001
 -8.9189189e-001  5.6756757e-001
 -8.7837838e-001  7.4324324e-001
 -8.6486486e-001  9.1891892e-001
 -8.5135135e-001 -9.3243243e-001
 -8.3783784e-001 -7.5675676e-001
 -8.2432432e-001 -5.8108108e-001
 -8.1081081e-001 -4.0540541e-001
 -7.9729730e-001 -2.2972973e-001
 -7.8378378e-001 -5.4054054e-002
 -7.7027027e-001  1.2162162e-001
 -7.5675676e-001  2.9729730e-001
 -7.4324324e-001  4.7297297e-001
 -7.2972973e-001  6.4864865e-001
 -7.1621622e-001  8.2432432e-001
 -7.0270270e-001  1.0000000e+000
 -6.8918919e-001 -8.5135135e-001
 -6.7567568e-001 -6.7567568e-001
 -6.6216216e-001 -5.0000000e-001
 -6.4864865e-001 -3.2432432e-001
 -6.3513514e-001 -1.4864865e-001
 -6.2162162e-001  2.7027027e-002
 -6.0810811e-001  2.0270270e-001
 -5.9459459e-001  3.7837838e-001
 -5.8108108e-001  5.5405405e-001
 -5.6756757e-001  7.2972973e-001
 -5.5405405e-001  9.0540541e-001
 -5.4054054e-001 -9.4594595e-001
 -5.2702703e-001 -7.7027027e-001
 -5.1351351e-001 -5.9459459e-001
 -5.0000000e-001 -4.1891892e-001
 -4.8648649e-001 -2.4324324e-001
 -4.7297297e-001 -6.7567568e-002
 -4.5945946e-001  1.0810811e-001
 -4.4594595e-001  2.8378378e-001
 -4.3243243e-001  4.5945946e-001
 -4.1891892e-001  6.3513514e-001
 -4.0540541e-001  8.1081081e-001
 -3.9189189e-001  9.8648649e-001
 -3.7837838e-001 -8.6486486e-001
 -3.6486486e-001 -6.8918919e-001
 -3.5135135e-001 -5.1351351e-001
 -3.3783784e-001 -3.3783784e-001
 -3.2432432e-001 -1.6216216e-001
 -3.1081081e-001  1.3513514e-002
 -2.9729730e-001  1.8918919e-001
 -2.8378378e-001  3.6486486e-001
 -2.7027027e-001  5.4054054e-001
 -2.5675676e-001  7.1621622e-001
 -2.4324324e-001  8.9189189e-001
 -2.2972973e-001 -9.5945946e-001
 -2.1621622e-001 -7.8378378e-001
 -2.0270270e-001 -6.0810811e-001
 -1.8918919e-001 -4.3243243e-001
 -1.7567568e-001 -2.5675676e-001
 -1.6216216e-001 -8.1081081e-002
 -1.4864865e-001  9.4594595e-002
 -1.3513514e-001  2.7027027e-001
 -1.2162162e-001  4.4594595e-001
 -1.0810811e-001  6.2162162e-001
 -9.4594595e-002  7.9729730e-001
 -8.1081081e-002  9.7297297e-001
 -6.7567568e-002 -8.7837838e-001
 -5.4054054e-002 -7.0270270e-001
 -4.0540541e-002 -5.2702703e-001
 -2.7027027e-002 -3.5135135e-001
 -1.3513514e-002 -1.7567568e-001
  0.0000000e+000  0.0000000e+000
  1.3513514e-002  1.7567568e-001
  2.7027027e-002  3.5135135e-001
  4.0540541e-002  5.2702703e-001
  5.4054054e-002  7.0270270e-001
  6.7567568e-002  8.7837838e-001
  8.1081081e-002 -9.7297297e-001
  9.4594595e-002 -7.9729730e-001
  1.0810811e-001 -6.2162162e-001
  1.2162162e-001 -4.4594595e-001
  1.3513514e-001 -2.7027027e-001
  1.4864865e-001 -9.4594595e-002
  1.6216216e-001  8.1081081e-002
  1.7567568e-001  2.5675676e-001
  1.8918919e-001  4.3243243e-001
  2.0270270e-001  6.0810811e-001
  2.1621622e-001  7.8378378e-001
  2.2972973e-001  9.5945946e-001
  2.4324324e-001 -8.9189189e-001
  2.5675676e-001 -7.1621622e-001
  2.7027027e-001 -5.4054054e-001
  2.8378378e-001 -3.6486486e-001
  2.9729730e-001 -1.8918919e-001
  3.1081081e-001 -1.3513514e-002
  3.2432432e-001  1.6216216e-001
  3.3783784e-001  3.3783784e-001
  3.5135135e-001  5.1351351e-001
  3.6486486e-001  6.8918919e-001
  3.7837838e-001  8.6486486e-001
  3.9189189e-001 -9.8648649e-001
  4.0540541e-001 -8.1081081e-001
  4.1891892e-001 -6.3513514e-001
  4.3243243e-001 -4.5945946e-001
  4.4594595e-001 -2.8378378e-001
  4.5945946e-001 -1.0810811e-001
  4.7297297e-001  6.7567568e-002
  4.8648649e-001  2.4324324e-001
  5.0000000e-001  4.1891892e-001
  5.1351351e-001  5.9459459e-001
  5.2702703e-001  7.7027027e-001
  5.4054054e-001  9.4594595e-001
  5.5405405e-001 -9.0540541e-001
  5.6756757e-001 -7.2972973e-001
  5.8108108e-001 -5.5405405e-001
  5.9459459e-001 -3.7837838e-001
  6.0810811e-001 -2.0270270e-001
  6.2162162e-001 -2.7027027e-002
  6.3513514e-001  1.4864865e-001
  6.4864865e-001  3.2432432e-001
  6.6216216e-001  5.0000000e-001
  6.7567568e-001  6.7567568e-001
  6.8918919e-001  8.5135135e-001
  7.0270270e-001 -1.0000000e+000
  7.1621622e-001 -8.2432432e-001
  7.2972973e-001 -6.4864865e-001
  7.4324324e-001 -4.7297297e-001
  7.5675676e-001 -2.9729730e-001
  7.7027027e-001 -1.2162162e-001
  7.8378378e-001  5.4054054e-002
  7.9729730e-001  2.2972973e-001
  8.1081081e-001  4.0540541e-001
  8.2432432e-001  5.8108108e-001
  8.3783784e-001  7.5675676e-001
  8.5135135e-001  9.3243243e-001
  8.6486486e-001 -9.1891892e-001
  8.7837838e-001 -7.4324324e-001
  8.9189189e-001 -5.6756757e-001
  9.0540541e-001 -3.9189189e-001
  9.1891892e-001 -2.1621622e-001
  9.3243243e-001 -4.0540541e-002
  9.4594595e-001  1.3513514e-001
  9.5945946e-001  3.1081081e-001
  9.7297297e-001  4.8648649e-001
  9.8648649e-001  6.6216216e-001
  1.0000000e+000  8.3783784e-001
