 -1.0000000e+000 -8.5227273e-001
 -9.8863636e-001 -6.9318182e-001
 -9.7727273e-001 -5.3409091e-001
 -9.6590909e-001 -3.7500000e-001
 -9.5454545e-001 -2.1590909e-001
 -9.4318182e-001 -5.6818182e-002
 -9.3181818e-001  1.0227273e-001
 -9.2045455e-001  2.6136364e-001
 -9.0909091e-001  4.2045455e-001
 -8.9772727e-001  5.7954545e-001
 -8.8636364e-001  7.3863636e-001
 -8.7500000e-001  8.9772727e-001
 -8.6363636e-001 -9.4318182e-001
 -8.5227273e-001 -7.8409091e-001
 -8.4090909e-001 -6.2500000e-001
 -8.2954545e-001 -4.6590909e-001
 -8.1818182e-001 -3.0681818e-001
 -8.0681818e-001 -1.4772727e-001
 -7.9545455e-001  1.1363636e-002
 -7.8409091e-001  1.7045455e-001
 -7.7272727e-001  3.2954545e-001
 -7.6136364e-001  4.8863636e-001
 -7.5000000e-001  6.4772727e-001
 -7.3863636e-001  8.0681818e-001
 -7.2727273e-001  9.6590909e-001
 -7.1590909e-001 -8.7500000e-001
 -7.0454545e-001 -7.1590909e-001
 -6.9318182e-001 -5.5681818e-001
 -6.8181818e-001 -3.9772727e-001
 -6.7045455e-001 -2.3863636e-001
 -6.5909091e-001 -7.9545455e-002
 -6.4772727e-001  7.9545455e-002
 -6.3636364e-001  2.3863636e-001
 -6.2500000e-001  3.9772727e-001
 -6.1363636e-001  5.5681818e-001
 -6.0227273e-001  7.1590909e-001
 -5.9090909e-001  8.7500000e-001
 -5.7954545e-001 -9.6590909e-001
 -5.6818182e-001 -8.0681818e-001
 -5.5681818e-001 -6.4772727e-001
 -5.4545455e-001 -4.8863636e-001
 -5.3409091e-001 -3.2954545e-001
 -5.2272727e-001 -1.7045455e-001
 -5.1136364e-001 -1.1363636e-002
 -5.0000000e-001  1.4772727e-001
 -4.8863636e-001  3.0681818e-001
 -4.7727273e-001  4.6590909e-001
 -4.6590909e-001  6.2500000e-001
 -4.5454545e-001  7.8409091e-001
 -4.4318182e-001  9.4318182e-001
 -4.3181818e-001 -8.9772727e-001
 -4.2045455e-001 -7.3863636e-001
 -4.0909091e-001 -5.7954545e-001
 -3.9772727e-001 -4.2045455e-001
 -3.8636364e-001 -2.6136364e-001
 -3.7500000e-001 -1.0227273e-001
 -3.6363636e-001  5.6818182e-002
 -3.5227273e-001  2.1590909e-001
 -3.4090909e-001  3.7500000e-001
 -3.2954545e-001  5.3409091e-001
 -3.1818182e-001  6.9318182e-001
 -3.0681818e-001  8.5227273e-001
 -2.9545455e-001 -9.8863636e-001
 -2.8409091e-001 -8.2954545e-001
 -2.7272727e-001 -6.7045455e-001
 -2.6136364e-001 -5.1136364e-001
 -2.5000000e-001 -3.5227273e-001
 -2.3863636e-001 -1.9318182e-001
 -2.2727273e-001 -3.4090909e-002
 -2.1590909e-001  1.2500000e-001
 -2.0454545e-001  2.8409091e-001
 -1.9318182e-001  4.4318182e-001
 -1.8181818e-001  6.0227273e-001
 -1.7045455e-001  7.6136364e-001
 -1.5909091e-001  9.2045455e-001
 -1.4772727e-001 -9.2045455e-001
 -1.3636364e-001 -7.6136364e-001
 -1.2500000e-001 -6.0227273e-001
 -1.1363636e-001 -4.4318182e-001
 -1.0227273e-001 -2.8409091e-001
 -9.0909091e-002 -1.2500000e-001
 -7.9545455e-002  3.4090909e-002
 -6.8181818e-002  1.9318182e-001
 -5.6818182e-002  3.5227273e-001
 -4.5454545e-002  5.1136364e-001
 -3.4090909e-002  6.7045455e-001
 -2.2727273e-002  8.2954545e-001
 -1.1363636e-002  9.8863636e-001
  0.0000000e+000 -1.0000000e+000
  1.1363636e-002 -8.4090909e-001
  2.2727273e-002 -6.8181818e-001
  3.4090909e-002 -5.2272727e-001
  4.5454545e-002 -3.6363636e-001
  5.6818182e-002 -2.0454545e-001
  6.8181818e-002 -4.5454545e-002
  7.9545455e-002  1.1363636e-001
  9.0909091e-002  2.7272727e-001
  1.0227273e-001  4.3181818e-001
  1.1363636e-001  5.9090909e-001
  1.2500000e-001  7.5000000e-001
  1.3636364e-001  9.0909091e-001
  1.4772727e-001 -9.3181818e-001
  1.5909091e-001 -7.7272727e-001
  1.7045455e-001 -6.1363636e-001
  1.8181818e-001 -4.5454545e-001
  1.9318182e-001 -2.9545455e-001
  2.0454545e-001 -1.3636364e-001
  2.1590909e-001  2.2727273e-002
  2.2727273e-001  1.8181818e-001
  2.3863636e-001  3.4090909e-001
  2.5000000e-001  5.0000000e-001
  2.6136364e-001  6.5909091e-001
  2.7272727e-001  8.1818182e-001
  2.8409091e-001  9.7727273e-001
  2.9545455e-001 -8.6363636e-001
  3.0681818e-001 -7.0454545e-001
  3.1818182e-001 -5.4545455e-001
  3.2954545e-001 -3.8636364e-001
  3.4090909e-001 -2.2727273e-001
  3.5227273e-001 -6.8181818e-002
  3.6363636e-001  9.0909091e-002
  3.7500000e-001  2.5000000e-001
  3.8636364e-001  4.0909091e-001
  3.9772727e-001  5.6818182e-001
  4.0909091e-001  7.2727273e-001
  4.2045455e-001  8.8636364e-001
  4.3181818e-001 -9.5454545e-001
  4.4318182e-001 -7.9545455e-001
  4.5454545e-001 -6.3636364e-001
  4.6590909e-001 -4.7727273e-001
  4.7727273e-001 -3.1818182e-001
  4.8863636e-001 -1.5909091e-001
  5.0000000e-001  0.0000000e+000
  5.1136364e-001  1.5909091e-001
  5.2272727e-001  3.1818182e-001
  5.3409091e-001  4.7727273e-001
  5.4545455e-001  6.3636364e-001
  5.5681818e-001  7.9545455e-001
  5.6818182e-001  9.5454545e-001
  5.7954545e-001 -8.8636364e-001
  5.9090909e-001 -7.2727273e-001
  6.0227273e-001 -5.6818182e-001
  6.1363636e-001 -4.0909091e-001
  6.2500000e-001 -2.5000000e-001
  6.3636364e-001 -9.0909091e-002
  6.4772727e-001  6.8181818e-002
  6.5909091e-001  2.2727273e-001
  6.7045455e-001  3.8636364e-001
  6.8181818e-001  5.4545455e-001
  6.9318182e-001  7.0454545e-001
  7.0454545e-001  8.6363636e-001
  7.1590909e-001 -9.7727273e-001
  7.2727273e-001 -8.1818182e-001
  7.3863636e-001 -6.5909091e-001
  7.5000000e-001 -5.0000000e-001
  7.6136364e-001 -3.4090909e-001
  7.7272727e-001 -1.8181818e-001
  7.8409091e-001 -2.2727273e-002
  7.9545455e-001  1.3636364e-001
  8.0681818e-001  2.9545455e-001
  8.1818182e-001  4.5454545e-001
  8.2954545e-001  6.1363636e-001
  8.4090909e-001  7.7272727e-001
  8.5227273e-001  9.3181818e-001
  8.6363636e-001 -9.0909091e-001
  8.7500000e-001 -7.5000000e-001
  8.8636364e-001 -5.9090909e-001
  8.9772727e-001 -4.3181818e-001
  9.0909091e-001 -2.7272727e-001
  9.2045455e-001 -1.1363636e-001
  9.3181818e-001  4.5454545e-002
  9.4318182e-001  2.0454545e-001
  9.5454545e-001  3.6363636e-001
  9.6590909e-001  5.2272727e-001
  9.7727273e-001  6.8181818e-001
  9.8863636e-001  8.4090909e-001
  1.0000000e+000  1.0000000e+000
