 -1.0000000e+000 -8.2352941e-001
 -9.8529412e-001 -6.3235294e-001
 -9.7058824e-001 -4.4117647e-001
 -9.5588235e-001 -2.5000000e-001
 -9.4117647e-001 -5.8823529e-002
 -9.2647059e-001  1.3235294e-001
 -9.1176471e-001  3.2352941e-001
 -8.9705882e-001  5.1470588e-001
 -8.8235294e-001  7.0588235e-001
 -8.6764706e-001  8.9705882e-001
 -8.5294118e-001 -9.2647059e-001
 -8.3823529e-001 -7.3529412e-001
 -8.2352941e-001 -5.4411765e-001
 -8.0882353e-001 -3.5294118e-001
 -7.9411765e-001 -1.6176471e-001
 -7.7941176e-001  2.9411765e-002
 -7.6470588e-001  2.2058824e-001
 -7.5000000e-001  4.1176471e-001
 -7.3529412e-001  6.0294118e-001
 -7.2058824e-001  7.9411765e-001
 -7.0588235e-001  9.8529412e-001
 -6.9117647e-001 -8.3823529e-001
 -6.7647059e-001 -6.4705882e-001
 -6.6176471e-001 -4.5588235e-001
 -6.4705882e-001 -2.6470588e-001
 -6.3235294e-001 -7.3529412e-002
 -6.1764706e-001  1.1764706e-001
 -6.0294118e-001  3.0882353e-001
 -5.8823529e-001  5.0000000e-001
 -5.7352941e-001  6.9117647e-001
 -5.5882353e-001  8.8235294e-001
 -5.4411765e-001 -9.4117647e-001
 -5.2941176e-001 -7.5000000e-001
 -5.1470588e-001 -5.5882353e-001
 -5.0000000e-001 -3.6764706e-001
 -4.8529412e-001 -1.7647059e-001
 -4.7058824e-001  1.4705882e-002
 -4.5588235e-001  2.0588235e-001
 -4.4117647e-001  3.9705882e-001
 -4.2647059e-001  5.8823529e-001
 -4.1176471e-001  7.7941176e-001
 -3.9705882e-001  9.7058824e-001
 -3.8235294e-001 -8.5294118e-001
 -3.6764706e-001 -6.6176471e-001
 -3.5294118e-001 -4.7058824e-001
 -3.3823529e-001 -2.7941176e-001
 -3.2352941e-001 -8.8235294e-002
 -3.0882353e-001  1.0294118e-001
 -2.9411765e-001  2.9411765e-001
 -2.7941176e-001  4.8529412e-001
 -2.6470588e-001  6.7647059e-001
 -2.5000000e-001  8.6764706e-001
 -2.3529412e-001 -9.5588235e-001
 -2.2058824e-001 -7.6470588e-001
 -2.0588235e-001 -5.7352941e-001
 -1.9117647e-001 -3.8235294e-001
 -1.7647059e-001 -1.9117647e-001
 -1.6176471e-001  0.0000000e+000
 -1.4705882e-001  1.9117647e-001
 -1.3235294e-001  3.8235294e-001
 -1.1764706e-001  5.7352941e-001
 -1.0294118e-001  7.6470588e-001
 -8.8235294e-002  9.5588235e-001
 -7.3529412e-002 -8.6764706e-001
 -5.8823529e-002 -6.7647059e-001
 -4.4117647e-002 -4.8529412e-001
 -2.9411765e-002 -2.9411765e-001
 -1.4705882e-002 -1.0294118e-001
  0.0000000e+000  8.8235294e-002
  1.4705882e-002  2.7941176e-001
  2.9411765e-002  4.7058824e-001
  4.4117647e-002  6.6176471e-001
  5.8823529e-002  8.5294118e-001
  7.3529412e-002 -9.7058824e-001
  8.8235294e-002 -7.7941176e-001
  1.0294118e-001 -5.8823529e-001
  1.1764706e-001 -3.9705882e-001
  1.3235294e-001 -2.0588235e-001
  1.4705882e-001 -1.4705882e-002
  1.6176471e-001  1.7647059e-001
  1.7647059e-001  3.6764706e-001
  1.9117647e-001  5.5882353e-001
  2.0588235e-001  7.5000000e-001
  2.2058824e-001  9.4117647e-001
  2.3529412e-001 -8.8235294e-001
  2.5000000e-001 -6.9117647e-001
  2.6470588e-001 -5.0000000e-001
  2.7941176e-001 -3.0882353e-001
  2.9411765e-001 -1.1764706e-001
  3.0882353e-001  7.3529412e-002
  3.2352941e-001  2.6470588e-001
  3.3823529e-001  4.5588235e-001
  3.5294118e-001  6.4705882e-001
  3.6764706e-001  8.3823529e-001
  3.8235294e-001 -9.8529412e-001
  3.9705882e-001 -7.9411765e-001
  4.1176471e-001 -6.0294118e-001
  4.2647059e-001 -4.1176471e-001
  4.4117647e-001 -2.2058824e-001
  4.5588235e-001 -2.9411765e-002
  4.7058824e-001  1.6176471e-001
  4.8529412e-001  3.5294118e-001
  5.0000000e-001  5.4411765e-001
  5.1470588e-001  7.3529412e-001
  5.2941176e-001  9.2647059e-001
  5.4411765e-001 -8.9705882e-001
  5.5882353e-001 -7.0588235e-001
  5.7352941e-001 -5.1470588e-001
  5.8823529e-001 -3.2352941e-001
  6.0294118e-001 -1.3235294e-001
  6.1764706e-001  5.8823529e-002
  6.3235294e-001  2.5000000e-001
  6.4705882e-001  4.4117647e-001
  6.6176471e-001  6.3235294e-001
  6.7647059e-001  8.2352941e-001
  6.9117647e-001 -1.0000000e+000
  7.0588235e-001 -8.0882353e-001
  7.2058824e-001 -6.1764706e-001
  7.3529412e-001 -4.2647059e-001
  7.5000000e-001 -2.3529412e-001
  7.6470588e-001 -4.4117647e-002
  7.7941176e-001  1.4705882e-001
  7.9411765e-001  3.3823529e-001
  8.0882353e-001  5.2941176e-001
  8.2352941e-001  7.2058824e-001
  8.3823529e-001  9.1176471e-001
  8.5294118e-001 -9.1176471e-001
  8.6764706e-001 -7.2058824e-001
  8.8235294e-001 -5.2941176e-001
  8.9705882e-001 -3.3823529e-001
  9.1176471e-001 -1.4705882e-001
  9.2647059e-001  4.4117647e-002
  9.4117647e-001  2.3529412e-001
  9.5588235e-001  4.2647059e-001
  9.7058824e-001  6.1764706e-001
  9.8529412e-001  8.0882353e-001
  1.0000000e+000  1.0000000e+000
