 -1.0000000e+000 -4.6938776e-001
 -9.5918367e-001  1.0204082e-001
 -9.1836735e-001  6.7346939e-001
 -8.7755102e-001 -7.9591837e-001
 -8.3673469e-001 -2.2448980e-001
 -7.9591837e-001  3.4693878e-001
 -7.5510204e-001  9.1836735e-001
 -7.1428571e-001 -5.5102041e-001
 -6.7346939e-001  2.0408163e-002
 -6.3265306e-001  5.9183673e-001
 -5.9183673e-001 -8.7755102e-001
 -5.5102041e-001 -3.0612245e-001
 -5.1020408e-001  2.6530612e-001
 -4.6938776e-001  8.3673469e-001
 -4.2857143e-001 -6.3265306e-001
 -3.8775510e-001 -6.1224490e-002
 -3.4693878e-001  5.1020408e-001
 -3.0612245e-001 -9.5918367e-001
 -2.6530612e-001 -3.8775510e-001
 -2.2448980e-001  1.8367347e-001
 -1.8367347e-001  7.5510204e-001
 -1.4285714e-001 -7.1428571e-001
 -1.0204082e-001 -1.4285714e-001
 -6.1224490e-002  4.2857143e-001
 -2.0408163e-002  1.0000000e+000
  2.0408163e-002 -1.0000000e+000
  6.1224490e-002 -4.2857143e-001
  1.0204082e-001  1.4285714e-001
  1.4285714e-001  7.1428571e-001
  1.8367347e-001 -7.5510204e-001
  2.2448980e-001 -1.8367347e-001
  2.6530612e-001  3.8775510e-001
  3.0612245e-001  9.5918367e-001
  3.4693878e-001 -5.1020408e-001
  3.8775510e-001  6.1224490e-002
  4.2857143e-001  6.3265306e-001
  4.6938776e-001 -8.3673469e-001
  5.1020408e-001 -2.6530612e-001
  5.5102041e-001  3.0612245e-001
  5.9183673e-001  8.7755102e-001
  6.3265306e-001 -5.9183673e-001
  6.7346939e-001 -2.0408163e-002
  7.1428571e-001  5.5102041e-001
  7.5510204e-001 -9.1836735e-001
  7.9591837e-001 -3.4693878e-001
  8.3673469e-001  2.2448980e-001
  8.7755102e-001  7.9591837e-001
  9.1836735e-001 -6.7346939e-001
  9.5918367e-001 -1.0204082e-001
  1.0000000e+000  4.6938776e-001
