 -1.0000000e+000 -2.7927928e-001
 -9.8198198e-001  4.5945946e-001
 -9.6396396e-001 -8.1981982e-001
 -9.4594595e-001 -8.1081081e-002
 -9.2792793e-001  6.5765766e-001
 -9.0990991e-001 -6.2162162e-001
 -8.9189189e-001  1.1711712e-001
 -8.7387387e-001  8.5585586e-001
 -8.5585586e-001 -4.2342342e-001
 -8.3783784e-001  3.1531532e-001
 -8.1981982e-001 -9.6396396e-001
 -8.0180180e-001 -2.2522523e-001
 -7.8378378e-001  5.1351351e-001
 -7.6576577e-001 -7.6576577e-001
 -7.4774775e-001 -2.7027027e-002
 -7.2972973e-001  7.1171171e-001
 -7.1171171e-001 -5.6756757e-001
 -6.9369369e-001  1.7117117e-001
 -6.7567568e-001  9.0990991e-001
 -6.5765766e-001 -3.6936937e-001
 -6.3963964e-001  3.6936937e-001
 -6.2162162e-001 -9.0990991e-001
 -6.0360360e-001 -1.7117117e-001
 -5.8558559e-001  5.6756757e-001
 -5.6756757e-001 -7.1171171e-001
 -5.4954955e-001  2.7027027e-002
 -5.3153153e-001  7.6576577e-001
 -5.1351351e-001 -5.1351351e-001
 -4.9549550e-001  2.2522523e-001
 -4.7747748e-001  9.6396396e-001
 -4.5945946e-001 -3.1531532e-001
 -4.4144144e-001  4.2342342e-001
 -4.2342342e-001 -8.5585586e-001
 -4.0540541e-001 -1.1711712e-001
 -3.8738739e-001  6.2162162e-001
 -3.6936937e-001 -6.5765766e-001
 -3.5135135e-001  8.1081081e-002
 -3.3333333e-001  8.1981982e-001
 -3.1531532e-001 -4.5945946e-001
 -2.9729730e-001  2.7927928e-001
 -2.7927928e-001 -1.0000000e+000
 -2.6126126e-001 -2.6126126e-001
 -2.4324324e-001  4.7747748e-001
 -2.2522523e-001 -8.0180180e-001
 -2.0720721e-001 -6.3063063e-002
 -1.8918919e-001  6.7567568e-001
 -1.7117117e-001 -6.0360360e-001
 -1.5315315e-001  1.3513514e-001
 -1.3513514e-001  8.7387387e-001
 -1.1711712e-001 -4.0540541e-001
 -9.9099099e-002  3.3333333e-001
 -8.1081081e-002 -9.4594595e-001
 -6.3063063e-002 -2.0720721e-001
 -4.5045045e-002  5.3153153e-001
 -2.7027027e-002 -7.4774775e-001
 -9.0090090e-003 -9.0090090e-003
  9.0090090e-003  7.2972973e-001
  2.7027027e-002 -5.4954955e-001
  4.5045045e-002  1.8918919e-001
  6.3063063e-002  9.2792793e-001
  8.1081081e-002 -3.5135135e-001
  9.9099099e-002  3.8738739e-001
  1.1711712e-001 -8.9189189e-001
  1.3513514e-001 -1.5315315e-001
  1.5315315e-001  5.8558559e-001
  1.7117117e-001 -6.9369369e-001
  1.8918919e-001  4.5045045e-002
  2.0720721e-001  7.8378378e-001
  2.2522523e-001 -4.9549550e-001
  2.4324324e-001  2.4324324e-001
  2.6126126e-001  9.8198198e-001
  2.7927928e-001 -2.9729730e-001
  2.9729730e-001  4.4144144e-001
  3.1531532e-001 -8.3783784e-001
  3.3333333e-001 -9.9099099e-002
  3.5135135e-001  6.3963964e-001
  3.6936937e-001 -6.3963964e-001
  3.8738739e-001  9.9099099e-002
  4.0540541e-001  8.3783784e-001
  4.2342342e-001 -4.4144144e-001
  4.4144144e-001  2.9729730e-001
  4.5945946e-001 -9.8198198e-001
  4.7747748e-001 -2.4324324e-001
  4.9549550e-001  4.9549550e-001
  5.1351351e-001 -7.8378378e-001
  5.3153153e-001 -4.5045045e-002
  5.4954955e-001  6.9369369e-001
  5.6756757e-001 -5.8558559e-001
  5.8558559e-001  1.5315315e-001
  6.0360360e-001  8.9189189e-001
  6.2162162e-001 -3.8738739e-001
  6.3963964e-001  3.5135135e-001
  6.5765766e-001 -9.2792793e-001
  6.7567568e-001 -1.8918919e-001
  6.9369369e-001  5.4954955e-001
  7.1171171e-001 -7.2972973e-001
  7.2972973e-001  9.0090090e-003
  7.4774775e-001  7.4774775e-001
  7.6576577e-001 -5.3153153e-001
  7.8378378e-001  2.0720721e-001
  8.0180180e-001  9.4594595e-001
  8.1981982e-001 -3.3333333e-001
  8.3783784e-001  4.0540541e-001
  8.5585586e-001 -8.7387387e-001
  8.7387387e-001 -1.3513514e-001
  8.9189189e-001  6.0360360e-001
  9.0990991e-001 -6.7567568e-001
  9.2792793e-001  6.3063063e-002
  9.4594595e-001  8.0180180e-001
  9.6396396e-001 -4.7747748e-001
  9.8198198e-001  2.6126126e-001
  1.0000000e+000  1.0000000e+000
