 -1.0000000e+000 -1.8518519e-001
 -9.7530864e-001  6.5432099e-001
 -9.5061728e-001 -4.0740741e-001
 -9.2592593e-001  4.3209877e-001
 -9.0123457e-001 -6.2962963e-001
 -8.7654321e-001  2.0987654e-001
 -8.5185185e-001 -8.5185185e-001
 -8.2716049e-001 -1.2345679e-002
 -8.0246914e-001  8.2716049e-001
 -7.7777778e-001 -2.3456790e-001
 -7.5308642e-001  6.0493827e-001
 -7.2839506e-001 -4.5679012e-001
 -7.0370370e-001  3.8271605e-001
 -6.7901235e-001 -6.7901235e-001
 -6.5432099e-001  1.6049383e-001
 -6.2962963e-001  1.0000000e+000
 -6.0493827e-001 -9.0123457e-001
 -5.8024691e-001 -6.1728395e-002
 -5.5555556e-001  7.7777778e-001
 -5.3086420e-001 -2.8395062e-001
 -5.0617284e-001  5.5555556e-001
 -4.8148148e-001 -5.0617284e-001
 -4.5679012e-001  3.3333333e-001
 -4.3209877e-001 -7.2839506e-001
 -4.0740741e-001  1.1111111e-001
 -3.8271605e-001  9.5061728e-001
 -3.5802469e-001 -9.5061728e-001
 -3.3333333e-001 -1.1111111e-001
 -3.0864198e-001  7.2839506e-001
 -2.8395062e-001 -3.3333333e-001
 -2.5925926e-001  5.0617284e-001
 -2.3456790e-001 -5.5555556e-001
 -2.0987654e-001  2.8395062e-001
 -1.8518519e-001 -7.7777778e-001
 -1.6049383e-001  6.1728395e-002
 -1.3580247e-001  9.0123457e-001
 -1.1111111e-001 -1.0000000e+000
 -8.6419753e-002 -1.6049383e-001
 -6.1728395e-002  6.7901235e-001
 -3.7037037e-002 -3.8271605e-001
 -1.2345679e-002  4.5679012e-001
  1.2345679e-002 -6.0493827e-001
  3.7037037e-002  2.3456790e-001
  6.1728395e-002 -8.2716049e-001
  8.6419753e-002  1.2345679e-002
  1.1111111e-001  8.5185185e-001
  1.3580247e-001 -2.0987654e-001
  1.6049383e-001  6.2962963e-001
  1.8518519e-001 -4.3209877e-001
  2.0987654e-001  4.0740741e-001
  2.3456790e-001 -6.5432099e-001
  2.5925926e-001  1.8518519e-001
  2.8395062e-001 -8.7654321e-001
  3.0864198e-001 -3.7037037e-002
  3.3333333e-001  8.0246914e-001
  3.5802469e-001 -2.5925926e-001
  3.8271605e-001  5.8024691e-001
  4.0740741e-001 -4.8148148e-001
  4.3209877e-001  3.5802469e-001
  4.5679012e-001 -7.0370370e-001
  4.8148148e-001  1.3580247e-001
  5.0617284e-001  9.7530864e-001
  5.3086420e-001 -9.2592593e-001
  5.5555556e-001 -8.6419753e-002
  5.8024691e-001  7.5308642e-001
  6.0493827e-001 -3.0864198e-001
  6.2962963e-001  5.3086420e-001
  6.5432099e-001 -5.3086420e-001
  6.7901235e-001  3.0864198e-001
  7.0370370e-001 -7.5308642e-001
  7.2839506e-001  8.6419753e-002
  7.5308642e-001  9.2592593e-001
  7.7777778e-001 -9.7530864e-001
  8.0246914e-001 -1.3580247e-001
  8.2716049e-001  7.0370370e-001
  8.5185185e-001 -3.5802469e-001
  8.7654321e-001  4.8148148e-001
  9.0123457e-001 -5.8024691e-001
  9.2592593e-001  2.5925926e-001
  9.5061728e-001 -8.0246914e-001
  9.7530864e-001  3.7037037e-002
  1.0000000e+000  8.7654321e-001
