 -1.0000000e+000 -1.6455696e-001
 -9.7468354e-001  6.9620253e-001
 -9.4936709e-001 -3.9240506e-001
 -9.2405063e-001  4.6835443e-001
 -8.9873418e-001 -6.2025316e-001
 -8.7341772e-001  2.4050633e-001
 -8.4810127e-001 -8.4810127e-001
 -8.2278481e-001  1.2658228e-002
 -7.9746835e-001  8.7341772e-001
 -7.7215190e-001 -2.1518987e-001
 -7.4683544e-001  6.4556962e-001
 -7.2151899e-001 -4.4303797e-001
 -6.9620253e-001  4.1772152e-001
 -6.7088608e-001 -6.7088608e-001
 -6.4556962e-001  1.8987342e-001
 -6.2025316e-001 -8.9873418e-001
 -5.9493671e-001 -3.7974684e-002
 -5.6962025e-001  8.2278481e-001
 -5.4430380e-001 -2.6582278e-001
 -5.1898734e-001  5.9493671e-001
 -4.9367089e-001 -4.9367089e-001
 -4.6835443e-001  3.6708861e-001
 -4.4303797e-001 -7.2151899e-001
 -4.1772152e-001  1.3924051e-001
 -3.9240506e-001  1.0000000e+000
 -3.6708861e-001 -9.4936709e-001
 -3.4177215e-001 -8.8607595e-002
 -3.1645570e-001  7.7215190e-001
 -2.9113924e-001 -3.1645570e-001
 -2.6582278e-001  5.4430380e-001
 -2.4050633e-001 -5.4430380e-001
 -2.1518987e-001  3.1645570e-001
 -1.8987342e-001 -7.7215190e-001
 -1.6455696e-001  8.8607595e-002
 -1.3924051e-001  9.4936709e-001
 -1.1392405e-001 -1.0000000e+000
 -8.8607595e-002 -1.3924051e-001
 -6.3291139e-002  7.2151899e-001
 -3.7974684e-002 -3.6708861e-001
 -1.2658228e-002  4.9367089e-001
  1.2658228e-002 -5.9493671e-001
  3.7974684e-002  2.6582278e-001
  6.3291139e-002 -8.2278481e-001
  8.8607595e-002  3.7974684e-002
  1.1392405e-001  8.9873418e-001
  1.3924051e-001 -1.8987342e-001
  1.6455696e-001  6.7088608e-001
  1.8987342e-001 -4.1772152e-001
  2.1518987e-001  4.4303797e-001
  2.4050633e-001 -6.4556962e-001
  2.6582278e-001  2.1518987e-001
  2.9113924e-001 -8.7341772e-001
  3.1645570e-001 -1.2658228e-002
  3.4177215e-001  8.4810127e-001
  3.6708861e-001 -2.4050633e-001
  3.9240506e-001  6.2025316e-001
  4.1772152e-001 -4.6835443e-001
  4.4303797e-001  3.9240506e-001
  4.6835443e-001 -6.9620253e-001
  4.9367089e-001  1.6455696e-001
  5.1898734e-001 -9.2405063e-001
  5.4430380e-001 -6.3291139e-002
  5.6962025e-001  7.9746835e-001
  5.9493671e-001 -2.9113924e-001
  6.2025316e-001  5.6962025e-001
  6.4556962e-001 -5.1898734e-001
  6.7088608e-001  3.4177215e-001
  6.9620253e-001 -7.4683544e-001
  7.2151899e-001  1.1392405e-001
  7.4683544e-001  9.7468354e-001
  7.7215190e-001 -9.7468354e-001
  7.9746835e-001 -1.1392405e-001
  8.2278481e-001  7.4683544e-001
  8.4810127e-001 -3.4177215e-001
  8.7341772e-001  5.1898734e-001
  8.9873418e-001 -5.6962025e-001
  9.2405063e-001  2.9113924e-001
  9.4936709e-001 -7.9746835e-001
  9.7468354e-001  6.3291139e-002
  1.0000000e+000  9.2405063e-001
