 -1.0000000e+000 -5.7647059e-001
 -9.8823529e-001 -1.4117647e-001
 -9.7647059e-001  2.9411765e-001
 -9.6470588e-001  7.2941176e-001
 -9.5294118e-001 -8.5882353e-001
 -9.4117647e-001 -4.2352941e-001
 -9.2941176e-001  1.1764706e-002
 -9.1764706e-001  4.4705882e-001
 -9.0588235e-001  8.8235294e-001
 -8.9411765e-001 -7.0588235e-001
 -8.8235294e-001 -2.7058824e-001
 -8.7058824e-001  1.6470588e-001
 -8.5882353e-001  6.0000000e-001
 -8.4705882e-001 -9.8823529e-001
 -8.3529412e-001 -5.5294118e-001
 -8.2352941e-001 -1.1764706e-001
 -8.1176471e-001  3.1764706e-001
 -8.0000000e-001  7.5294118e-001
 -7.8823529e-001 -8.3529412e-001
 -7.7647059e-001 -4.0000000e-001
 -7.6470588e-001  3.5294118e-002
 -7.5294118e-001  4.7058824e-001
 -7.4117647e-001  9.0588235e-001
 -7.2941176e-001 -6.8235294e-001
 -7.1764706e-001 -2.4705882e-001
 -7.0588235e-001  1.8823529e-001
 -6.9411765e-001  6.2352941e-001
 -6.8235294e-001 -9.6470588e-001
 -6.7058824e-001 -5.2941176e-001
 -6.5882353e-001 -9.4117647e-002
 -6.4705882e-001  3.4117647e-001
 -6.3529412e-001  7.7647059e-001
 -6.2352941e-001 -8.1176471e-001
 -6.1176471e-001 -3.7647059e-001
 -6.0000000e-001  5.8823529e-002
 -5.8823529e-001  4.9411765e-001
 -5.7647059e-001  9.2941176e-001
 -5.6470588e-001 -6.5882353e-001
 -5.5294118e-001 -2.2352941e-001
 -5.4117647e-001  2.1176471e-001
 -5.2941176e-001  6.4705882e-001
 -5.1764706e-001 -9.4117647e-001
 -5.0588235e-001 -5.0588235e-001
 -4.9411765e-001 -7.0588235e-002
 -4.8235294e-001  3.6470588e-001
 -4.7058824e-001  8.0000000e-001
 -4.5882353e-001 -7.8823529e-001
 -4.4705882e-001 -3.5294118e-001
 -4.3529412e-001  8.2352941e-002
 -4.2352941e-001  5.1764706e-001
 -4.1176471e-001  9.5294118e-001
 -4.0000000e-001 -6.3529412e-001
 -3.8823529e-001 -2.0000000e-001
 -3.7647059e-001  2.3529412e-001
 -3.6470588e-001  6.7058824e-001
 -3.5294118e-001 -9.1764706e-001
 -3.4117647e-001 -4.8235294e-001
 -3.2941176e-001 -4.7058824e-002
 -3.1764706e-001  3.8823529e-001
 -3.0588235e-001  8.2352941e-001
 -2.9411765e-001 -7.6470588e-001
 -2.8235294e-001 -3.2941176e-001
 -2.7058824e-001  1.0588235e-001
 -2.5882353e-001  5.4117647e-001
 -2.4705882e-001  9.7647059e-001
 -2.3529412e-001 -6.1176471e-001
 -2.2352941e-001 -1.7647059e-001
 -2.1176471e-001  2.5882353e-001
 -2.0000000e-001  6.9411765e-001
 -1.8823529e-001 -8.9411765e-001
 -1.7647059e-001 -4.5882353e-001
 -1.6470588e-001 -2.3529412e-002
 -1.5294118e-001  4.1176471e-001
 -1.4117647e-001  8.4705882e-001
 -1.2941176e-001 -7.4117647e-001
 -1.1764706e-001 -3.0588235e-001
 -1.0588235e-001  1.2941176e-001
 -9.4117647e-002  5.6470588e-001
 -8.2352941e-002  1.0000000e+000
 -7.0588235e-002 -5.8823529e-001
 -5.8823529e-002 -1.5294118e-001
 -4.7058824e-002  2.8235294e-001
 -3.5294118e-002  7.1764706e-001
 -2.3529412e-002 -8.7058824e-001
 -1.1764706e-002 -4.3529412e-001
  0.0000000e+000  0.0000000e+000
  1.1764706e-002  4.3529412e-001
  2.3529412e-002  8.7058824e-001
  3.5294118e-002 -7.1764706e-001
  4.7058824e-002 -2.8235294e-001
  5.8823529e-002  1.5294118e-001
  7.0588235e-002  5.8823529e-001
  8.2352941e-002 -1.0000000e+000
  9.4117647e-002 -5.6470588e-001
  1.0588235e-001 -1.2941176e-001
  1.1764706e-001  3.0588235e-001
  1.2941176e-001  7.4117647e-001
  1.4117647e-001 -8.4705882e-001
  1.5294118e-001 -4.1176471e-001
  1.6470588e-001  2.3529412e-002
  1.7647059e-001  4.5882353e-001
  1.8823529e-001  8.9411765e-001
  2.0000000e-001 -6.9411765e-001
  2.1176471e-001 -2.5882353e-001
  2.2352941e-001  1.7647059e-001
  2.3529412e-001  6.1176471e-001
  2.4705882e-001 -9.7647059e-001
  2.5882353e-001 -5.4117647e-001
  2.7058824e-001 -1.0588235e-001
  2.8235294e-001  3.2941176e-001
  2.9411765e-001  7.6470588e-001
  3.0588235e-001 -8.2352941e-001
  3.1764706e-001 -3.8823529e-001
  3.2941176e-001  4.7058824e-002
  3.4117647e-001  4.8235294e-001
  3.5294118e-001  9.1764706e-001
  3.6470588e-001 -6.7058824e-001
  3.7647059e-001 -2.3529412e-001
  3.8823529e-001  2.0000000e-001
  4.0000000e-001  6.3529412e-001
  4.1176471e-001 -9.5294118e-001
  4.2352941e-001 -5.1764706e-001
  4.3529412e-001 -8.2352941e-002
  4.4705882e-001  3.5294118e-001
  4.5882353e-001  7.8823529e-001
  4.7058824e-001 -8.0000000e-001
  4.8235294e-001 -3.6470588e-001
  4.9411765e-001  7.0588235e-002
  5.0588235e-001  5.0588235e-001
  5.1764706e-001  9.4117647e-001
  5.2941176e-001 -6.4705882e-001
  5.4117647e-001 -2.1176471e-001
  5.5294118e-001  2.2352941e-001
  5.6470588e-001  6.5882353e-001
  5.7647059e-001 -9.2941176e-001
  5.8823529e-001 -4.9411765e-001
  6.0000000e-001 -5.8823529e-002
  6.1176471e-001  3.7647059e-001
  6.2352941e-001  8.1176471e-001
  6.3529412e-001 -7.7647059e-001
  6.4705882e-001 -3.4117647e-001
  6.5882353e-001  9.4117647e-002
  6.7058824e-001  5.2941176e-001
  6.8235294e-001  9.6470588e-001
  6.9411765e-001 -6.2352941e-001
  7.0588235e-001 -1.8823529e-001
  7.1764706e-001  2.4705882e-001
  7.2941176e-001  6.8235294e-001
  7.4117647e-001 -9.0588235e-001
  7.5294118e-001 -4.7058824e-001
  7.6470588e-001 -3.5294118e-002
  7.7647059e-001  4.0000000e-001
  7.8823529e-001  8.3529412e-001
  8.0000000e-001 -7.5294118e-001
  8.1176471e-001 -3.1764706e-001
  8.2352941e-001  1.1764706e-001
  8.3529412e-001  5.5294118e-001
  8.4705882e-001  9.8823529e-001
  8.5882353e-001 -6.0000000e-001
  8.7058824e-001 -1.6470588e-001
  8.8235294e-001  2.7058824e-001
  8.9411765e-001  7.0588235e-001
  9.0588235e-001 -8.8235294e-001
  9.1764706e-001 -4.4705882e-001
  9.2941176e-001 -1.1764706e-002
  9.4117647e-001  4.2352941e-001
  9.5294118e-001  8.5882353e-001
  9.6470588e-001 -7.2941176e-001
  9.7647059e-001 -2.9411765e-001
  9.8823529e-001  1.4117647e-001
  1.0000000e+000  5.7647059e-001
