 -1.0000000e+000 -8.4313725e-001
 -9.8692810e-001 -6.7320261e-001
 -9.7385621e-001 -5.0326797e-001
 -9.6078431e-001 -3.3333333e-001
 -9.4771242e-001 -1.6339869e-001
 -9.3464052e-001  6.5359477e-003
 -9.2156863e-001  1.7647059e-001
 -9.0849673e-001  3.4640523e-001
 -8.9542484e-001  5.1633987e-001
 -8.8235294e-001  6.8627451e-001
 -8.6928105e-001  8.5620915e-001
 -8.5620915e-001 -9.3464052e-001
 -8.4313725e-001 -7.6470588e-001
 -8.3006536e-001 -5.9477124e-001
 -8.1699346e-001 -4.2483660e-001
 -8.0392157e-001 -2.5490196e-001
 -7.9084967e-001 -8.4967320e-002
 -7.7777778e-001  8.4967320e-002
 -7.6470588e-001  2.5490196e-001
 -7.5163399e-001  4.2483660e-001
 -7.3856209e-001  5.9477124e-001
 -7.2549020e-001  7.6470588e-001
 -7.1241830e-001  9.3464052e-001
 -6.9934641e-001 -8.5620915e-001
 -6.8627451e-001 -6.8627451e-001
 -6.7320261e-001 -5.1633987e-001
 -6.6013072e-001 -3.4640523e-001
 -6.4705882e-001 -1.7647059e-001
 -6.3398693e-001 -6.5359477e-003
 -6.2091503e-001  1.6339869e-001
 -6.0784314e-001  3.3333333e-001
 -5.9477124e-001  5.0326797e-001
 -5.8169935e-001  6.7320261e-001
 -5.6862745e-001  8.4313725e-001
 -5.5555556e-001 -9.4771242e-001
 -5.4248366e-001 -7.7777778e-001
 -5.2941176e-001 -6.0784314e-001
 -5.1633987e-001 -4.3790850e-001
 -5.0326797e-001 -2.6797386e-001
 -4.9019608e-001 -9.8039216e-002
 -4.7712418e-001  7.1895425e-002
 -4.6405229e-001  2.4183007e-001
 -4.5098039e-001  4.1176471e-001
 -4.3790850e-001  5.8169935e-001
 -4.2483660e-001  7.5163399e-001
 -4.1176471e-001  9.2156863e-001
 -3.9869281e-001 -8.6928105e-001
 -3.8562092e-001 -6.9934641e-001
 -3.7254902e-001 -5.2941176e-001
 -3.5947712e-001 -3.5947712e-001
 -3.4640523e-001 -1.8954248e-001
 -3.3333333e-001 -1.9607843e-002
 -3.2026144e-001  1.5032680e-001
 -3.0718954e-001  3.2026144e-001
 -2.9411765e-001  4.9019608e-001
 -2.8104575e-001  6.6013072e-001
 -2.6797386e-001  8.3006536e-001
 -2.5490196e-001  1.0000000e+000
 -2.4183007e-001 -9.6078431e-001
 -2.2875817e-001 -7.9084967e-001
 -2.1568627e-001 -6.2091503e-001
 -2.0261438e-001 -4.5098039e-001
 -1.8954248e-001 -2.8104575e-001
 -1.7647059e-001 -1.1111111e-001
 -1.6339869e-001  5.8823529e-002
 -1.5032680e-001  2.2875817e-001
 -1.3725490e-001  3.9869281e-001
 -1.2418301e-001  5.6862745e-001
 -1.1111111e-001  7.3856209e-001
 -9.8039216e-002  9.0849673e-001
 -8.4967320e-002 -8.8235294e-001
 -7.1895425e-002 -7.1241830e-001
 -5.8823529e-002 -5.4248366e-001
 -4.5751634e-002 -3.7254902e-001
 -3.2679739e-002 -2.0261438e-001
 -1.9607843e-002 -3.2679739e-002
 -6.5359477e-003  1.3725490e-001
  6.5359477e-003  3.0718954e-001
  1.9607843e-002  4.7712418e-001
  3.2679739e-002  6.4705882e-001
  4.5751634e-002  8.1699346e-001
  5.8823529e-002  9.8692810e-001
  7.1895425e-002 -9.7385621e-001
  8.4967320e-002 -8.0392157e-001
  9.8039216e-002 -6.3398693e-001
  1.1111111e-001 -4.6405229e-001
  1.2418301e-001 -2.9411765e-001
  1.3725490e-001 -1.2418301e-001
  1.5032680e-001  4.5751634e-002
  1.6339869e-001  2.1568627e-001
  1.7647059e-001  3.8562092e-001
  1.8954248e-001  5.5555556e-001
  2.0261438e-001  7.2549020e-001
  2.1568627e-001  8.9542484e-001
  2.2875817e-001 -8.9542484e-001
  2.4183007e-001 -7.2549020e-001
  2.5490196e-001 -5.5555556e-001
  2.6797386e-001 -3.8562092e-001
  2.8104575e-001 -2.1568627e-001
  2.9411765e-001 -4.5751634e-002
  3.0718954e-001  1.2418301e-001
  3.2026144e-001  2.9411765e-001
  3.3333333e-001  4.6405229e-001
  3.4640523e-001  6.3398693e-001
  3.5947712e-001  8.0392157e-001
  3.7254902e-001  9.7385621e-001
  3.8562092e-001 -9.8692810e-001
  3.9869281e-001 -8.1699346e-001
  4.1176471e-001 -6.4705882e-001
  4.2483660e-001 -4.7712418e-001
  4.3790850e-001 -3.0718954e-001
  4.5098039e-001 -1.3725490e-001
  4.6405229e-001  3.2679739e-002
  4.7712418e-001  2.0261438e-001
  4.9019608e-001  3.7254902e-001
  5.0326797e-001  5.4248366e-001
  5.1633987e-001  7.1241830e-001
  5.2941176e-001  8.8235294e-001
  5.4248366e-001 -9.0849673e-001
  5.5555556e-001 -7.3856209e-001
  5.6862745e-001 -5.6862745e-001
  5.8169935e-001 -3.9869281e-001
  5.9477124e-001 -2.2875817e-001
  6.0784314e-001 -5.8823529e-002
  6.2091503e-001  1.1111111e-001
  6.3398693e-001  2.8104575e-001
  6.4705882e-001  4.5098039e-001
  6.6013072e-001  6.2091503e-001
  6.7320261e-001  7.9084967e-001
  6.8627451e-001  9.6078431e-001
  6.9934641e-001 -1.0000000e+000
  7.1241830e-001 -8.3006536e-001
  7.2549020e-001 -6.6013072e-001
  7.3856209e-001 -4.9019608e-001
  7.5163399e-001 -3.2026144e-001
  7.6470588e-001 -1.5032680e-001
  7.7777778e-001  1.9607843e-002
  7.9084967e-001  1.8954248e-001
  8.0392157e-001  3.5947712e-001
  8.1699346e-001  5.2941176e-001
  8.3006536e-001  6.9934641e-001
  8.4313725e-001  8.6928105e-001
  8.5620915e-001 -9.2156863e-001
  8.6928105e-001 -7.5163399e-001
  8.8235294e-001 -5.8169935e-001
  8.9542484e-001 -4.1176471e-001
  9.0849673e-001 -2.4183007e-001
  9.2156863e-001 -7.1895425e-002
  9.3464052e-001  9.8039216e-002
  9.4771242e-001  2.6797386e-001
  9.6078431e-001  4.3790850e-001
  9.7385621e-001  6.0784314e-001
  9.8692810e-001  7.7777778e-001
  1.0000000e+000  9.4771242e-001
