 -1.0000000e+000 -2.9347826e-001
 -9.8913043e-001  4.2391304e-001
 -9.7826087e-001 -8.5869565e-001
 -9.6739130e-001 -1.4130435e-001
 -9.5652174e-001  5.7608696e-001
 -9.4565217e-001 -7.0652174e-001
 -9.3478261e-001  1.0869565e-002
 -9.2391304e-001  7.2826087e-001
 -9.1304348e-001 -5.5434783e-001
 -9.0217391e-001  1.6304348e-001
 -8.9130435e-001  8.8043478e-001
 -8.8043478e-001 -4.0217391e-001
 -8.6956522e-001  3.1521739e-001
 -8.5869565e-001 -9.6739130e-001
 -8.4782609e-001 -2.5000000e-001
 -8.3695652e-001  4.6739130e-001
 -8.2608696e-001 -8.1521739e-001
 -8.1521739e-001 -9.7826087e-002
 -8.0434783e-001  6.1956522e-001
 -7.9347826e-001 -6.6304348e-001
 -7.8260870e-001  5.4347826e-002
 -7.7173913e-001  7.7173913e-001
 -7.6086957e-001 -5.1086957e-001
 -7.5000000e-001  2.0652174e-001
 -7.3913043e-001  9.2391304e-001
 -7.2826087e-001 -3.5869565e-001
 -7.1739130e-001  3.5869565e-001
 -7.0652174e-001 -9.2391304e-001
 -6.9565217e-001 -2.0652174e-001
 -6.8478261e-001  5.1086957e-001
 -6.7391304e-001 -7.7173913e-001
 -6.6304348e-001 -5.4347826e-002
 -6.5217391e-001  6.6304348e-001
 -6.4130435e-001 -6.1956522e-001
 -6.3043478e-001  9.7826087e-002
 -6.1956522e-001  8.1521739e-001
 -6.0869565e-001 -4.6739130e-001
 -5.9782609e-001  2.5000000e-001
 -5.8695652e-001  9.6739130e-001
 -5.7608696e-001 -3.1521739e-001
 -5.6521739e-001  4.0217391e-001
 -5.5434783e-001 -8.8043478e-001
 -5.4347826e-001 -1.6304348e-001
 -5.3260870e-001  5.5434783e-001
 -5.2173913e-001 -7.2826087e-001
 -5.1086957e-001 -1.0869565e-002
 -5.0000000e-001  7.0652174e-001
 -4.8913043e-001 -5.7608696e-001
 -4.7826087e-001  1.4130435e-001
 -4.6739130e-001  8.5869565e-001
 -4.5652174e-001 -4.2391304e-001
 -4.4565217e-001  2.9347826e-001
 -4.3478261e-001 -9.8913043e-001
 -4.2391304e-001 -2.7173913e-001
 -4.1304348e-001  4.4565217e-001
 -4.0217391e-001 -8.3695652e-001
 -3.9130435e-001 -1.1956522e-001
 -3.8043478e-001  5.9782609e-001
 -3.6956522e-001 -6.8478261e-001
 -3.5869565e-001  3.2608696e-002
 -3.4782609e-001  7.5000000e-001
 -3.3695652e-001 -5.3260870e-001
 -3.2608696e-001  1.8478261e-001
 -3.1521739e-001  9.0217391e-001
 -3.0434783e-001 -3.8043478e-001
 -2.9347826e-001  3.3695652e-001
 -2.8260870e-001 -9.4565217e-001
 -2.7173913e-001 -2.2826087e-001
 -2.6086957e-001  4.8913043e-001
 -2.5000000e-001 -7.9347826e-001
 -2.3913043e-001 -7.6086957e-002
 -2.2826087e-001  6.4130435e-001
 -2.1739130e-001 -6.4130435e-001
 -2.0652174e-001  7.6086957e-002
 -1.9565217e-001  7.9347826e-001
 -1.8478261e-001 -4.8913043e-001
 -1.7391304e-001  2.2826087e-001
 -1.6304348e-001  9.4565217e-001
 -1.5217391e-001 -3.3695652e-001
 -1.4130435e-001  3.8043478e-001
 -1.3043478e-001 -9.0217391e-001
 -1.1956522e-001 -1.8478261e-001
 -1.0869565e-001  5.3260870e-001
 -9.7826087e-002 -7.5000000e-001
 -8.6956522e-002 -3.2608696e-002
 -7.6086957e-002  6.8478261e-001
 -6.5217391e-002 -5.9782609e-001
 -5.4347826e-002  1.1956522e-001
 -4.3478261e-002  8.3695652e-001
 -3.2608696e-002 -4.4565217e-001
 -2.1739130e-002  2.7173913e-001
 -1.0869565e-002  9.8913043e-001
  0.0000000e+000 -1.0000000e+000
  1.0869565e-002 -2.8260870e-001
  2.1739130e-002  4.3478261e-001
  3.2608696e-002 -8.4782609e-001
  4.3478261e-002 -1.3043478e-001
  5.4347826e-002  5.8695652e-001
  6.5217391e-002 -6.9565217e-001
  7.6086957e-002  2.1739130e-002
  8.6956522e-002  7.3913043e-001
  9.7826087e-002 -5.4347826e-001
  1.0869565e-001  1.7391304e-001
  1.1956522e-001  8.9130435e-001
  1.3043478e-001 -3.9130435e-001
  1.4130435e-001  3.2608696e-001
  1.5217391e-001 -9.5652174e-001
  1.6304348e-001 -2.3913043e-001
  1.7391304e-001  4.7826087e-001
  1.8478261e-001 -8.0434783e-001
  1.9565217e-001 -8.6956522e-002
  2.0652174e-001  6.3043478e-001
  2.1739130e-001 -6.5217391e-001
  2.2826087e-001  6.5217391e-002
  2.3913043e-001  7.8260870e-001
  2.5000000e-001 -5.0000000e-001
  2.6086957e-001  2.1739130e-001
  2.7173913e-001  9.3478261e-001
  2.8260870e-001 -3.4782609e-001
  2.9347826e-001  3.6956522e-001
  3.0434783e-001 -9.1304348e-001
  3.1521739e-001 -1.9565217e-001
  3.2608696e-001  5.2173913e-001
  3.3695652e-001 -7.6086957e-001
  3.4782609e-001 -4.3478261e-002
  3.5869565e-001  6.7391304e-001
  3.6956522e-001 -6.0869565e-001
  3.8043478e-001  1.0869565e-001
  3.9130435e-001  8.2608696e-001
  4.0217391e-001 -4.5652174e-001
  4.1304348e-001  2.6086957e-001
  4.2391304e-001  9.7826087e-001
  4.3478261e-001 -3.0434783e-001
  4.4565217e-001  4.1304348e-001
  4.5652174e-001 -8.6956522e-001
  4.6739130e-001 -1.5217391e-001
  4.7826087e-001  5.6521739e-001
  4.8913043e-001 -7.1739130e-001
  5.0000000e-001  0.0000000e+000
  5.1086957e-001  7.1739130e-001
  5.2173913e-001 -5.6521739e-001
  5.3260870e-001  1.5217391e-001
  5.4347826e-001  8.6956522e-001
  5.5434783e-001 -4.1304348e-001
  5.6521739e-001  3.0434783e-001
  5.7608696e-001 -9.7826087e-001
  5.8695652e-001 -2.6086957e-001
  5.9782609e-001  4.5652174e-001
  6.0869565e-001 -8.2608696e-001
  6.1956522e-001 -1.0869565e-001
  6.3043478e-001  6.0869565e-001
  6.4130435e-001 -6.7391304e-001
  6.5217391e-001  4.3478261e-002
  6.6304348e-001  7.6086957e-001
  6.7391304e-001 -5.2173913e-001
  6.8478261e-001  1.9565217e-001
  6.9565217e-001  9.1304348e-001
  7.0652174e-001 -3.6956522e-001
  7.1739130e-001  3.4782609e-001
  7.2826087e-001 -9.3478261e-001
  7.3913043e-001 -2.1739130e-001
  7.5000000e-001  5.0000000e-001
  7.6086957e-001 -7.8260870e-001
  7.7173913e-001 -6.5217391e-002
  7.8260870e-001  6.5217391e-001
  7.9347826e-001 -6.3043478e-001
  8.0434783e-001  8.6956522e-002
  8.1521739e-001  8.0434783e-001
  8.2608696e-001 -4.7826087e-001
  8.3695652e-001  2.3913043e-001
  8.4782609e-001  9.5652174e-001
  8.5869565e-001 -3.2608696e-001
  8.6956522e-001  3.9130435e-001
  8.8043478e-001 -8.9130435e-001
  8.9130435e-001 -1.7391304e-001
  9.0217391e-001  5.4347826e-001
  9.1304348e-001 -7.3913043e-001
  9.2391304e-001 -2.1739130e-002
  9.3478261e-001  6.9565217e-001
  9.4565217e-001 -5.8695652e-001
  9.5652174e-001  1.3043478e-001
  9.6739130e-001  8.4782609e-001
  9.7826087e-001 -4.3478261e-001
  9.8913043e-001  2.8260870e-001
  1.0000000e+000  1.0000000e+000
