 -1.0000000e+000 -6.0000000e-001
 -8.6666667e-001 -6.6666667e-002
 -7.3333333e-001  4.6666667e-001
 -6.0000000e-001  1.0000000e+000
 -4.6666667e-001 -1.0000000e+000
 -3.3333333e-001 -4.6666667e-001
 -2.0000000e-001  6.6666667e-002
 -6.6666667e-002  6.0000000e-001
  6.6666667e-002 -8.6666667e-001
  2.0000000e-001 -3.3333333e-001
  3.3333333e-001  2.0000000e-001
  4.6666667e-001  7.3333333e-001
  6.0000000e-001 -7.3333333e-001
  7.3333333e-001 -2.0000000e-001
  8.6666667e-001  3.3333333e-001
  1.0000000e+000  8.6666667e-001
