 -1.0000000e+000 -8.2677165e-001
 -9.8425197e-001 -6.3779528e-001
 -9.6850394e-001 -4.4881890e-001
 -9.5275591e-001 -2.5984252e-001
 -9.3700787e-001 -7.0866142e-002
 -9.2125984e-001  1.1811024e-001
 -9.0551181e-001  3.0708661e-001
 -8.8976378e-001  4.9606299e-001
 -8.7401575e-001  6.8503937e-001
 -8.5826772e-001  8.7401575e-001
 -8.4251969e-001 -9.3700787e-001
 -8.2677165e-001 -7.4803150e-001
 -8.1102362e-001 -5.5905512e-001
 -7.9527559e-001 -3.7007874e-001
 -7.7952756e-001 -1.8110236e-001
 -7.6377953e-001  7.8740157e-003
 -7.4803150e-001  1.9685039e-001
 -7.3228346e-001  3.8582677e-001
 -7.1653543e-001  5.7480315e-001
 -7.0078740e-001  7.6377953e-001
 -6.8503937e-001  9.5275591e-001
 -6.6929134e-001 -8.5826772e-001
 -6.5354331e-001 -6.6929134e-001
 -6.3779528e-001 -4.8031496e-001
 -6.2204724e-001 -2.9133858e-001
 -6.0629921e-001 -1.0236220e-001
 -5.9055118e-001  8.6614173e-002
 -5.7480315e-001  2.7559055e-001
 -5.5905512e-001  4.6456693e-001
 -5.4330709e-001  6.5354331e-001
 -5.2755906e-001  8.4251969e-001
 -5.1181102e-001 -9.6850394e-001
 -4.9606299e-001 -7.7952756e-001
 -4.8031496e-001 -5.9055118e-001
 -4.6456693e-001 -4.0157480e-001
 -4.4881890e-001 -2.1259843e-001
 -4.3307087e-001 -2.3622047e-002
 -4.1732283e-001  1.6535433e-001
 -4.0157480e-001  3.5433071e-001
 -3.8582677e-001  5.4330709e-001
 -3.7007874e-001  7.3228346e-001
 -3.5433071e-001  9.2125984e-001
 -3.3858268e-001 -8.8976378e-001
 -3.2283465e-001 -7.0078740e-001
 -3.0708661e-001 -5.1181102e-001
 -2.9133858e-001 -3.2283465e-001
 -2.7559055e-001 -1.3385827e-001
 -2.5984252e-001  5.5118110e-002
 -2.4409449e-001  2.4409449e-001
 -2.2834646e-001  4.3307087e-001
 -2.1259843e-001  6.2204724e-001
 -1.9685039e-001  8.1102362e-001
 -1.8110236e-001  1.0000000e+000
 -1.6535433e-001 -1.0000000e+000
 -1.4960630e-001 -8.1102362e-001
 -1.3385827e-001 -6.2204724e-001
 -1.1811024e-001 -4.3307087e-001
 -1.0236220e-001 -2.4409449e-001
 -8.6614173e-002 -5.5118110e-002
 -7.0866142e-002  1.3385827e-001
 -5.5118110e-002  3.2283465e-001
 -3.9370079e-002  5.1181102e-001
 -2.3622047e-002  7.0078740e-001
 -7.8740157e-003  8.8976378e-001
  7.8740157e-003 -9.2125984e-001
  2.3622047e-002 -7.3228346e-001
  3.9370079e-002 -5.4330709e-001
  5.5118110e-002 -3.5433071e-001
  7.0866142e-002 -1.6535433e-001
  8.6614173e-002  2.3622047e-002
  1.0236220e-001  2.1259843e-001
  1.1811024e-001  4.0157480e-001
  1.3385827e-001  5.9055118e-001
  1.4960630e-001  7.7952756e-001
  1.6535433e-001  9.6850394e-001
  1.8110236e-001 -8.4251969e-001
  1.9685039e-001 -6.5354331e-001
  2.1259843e-001 -4.6456693e-001
  2.2834646e-001 -2.7559055e-001
  2.4409449e-001 -8.6614173e-002
  2.5984252e-001  1.0236220e-001
  2.7559055e-001  2.9133858e-001
  2.9133858e-001  4.8031496e-001
  3.0708661e-001  6.6929134e-001
  3.2283465e-001  8.5826772e-001
  3.3858268e-001 -9.5275591e-001
  3.5433071e-001 -7.6377953e-001
  3.7007874e-001 -5.7480315e-001
  3.8582677e-001 -3.8582677e-001
  4.0157480e-001 -1.9685039e-001
  4.1732283e-001 -7.8740157e-003
  4.3307087e-001  1.8110236e-001
  4.4881890e-001  3.7007874e-001
  4.6456693e-001  5.5905512e-001
  4.8031496e-001  7.4803150e-001
  4.9606299e-001  9.3700787e-001
  5.1181102e-001 -8.7401575e-001
  5.2755906e-001 -6.8503937e-001
  5.4330709e-001 -4.9606299e-001
  5.5905512e-001 -3.0708661e-001
  5.7480315e-001 -1.1811024e-001
  5.9055118e-001  7.0866142e-002
  6.0629921e-001  2.5984252e-001
  6.2204724e-001  4.4881890e-001
  6.3779528e-001  6.3779528e-001
  6.5354331e-001  8.2677165e-001
  6.6929134e-001 -9.8425197e-001
  6.8503937e-001 -7.9527559e-001
  7.0078740e-001 -6.0629921e-001
  7.1653543e-001 -4.1732283e-001
  7.3228346e-001 -2.2834646e-001
  7.4803150e-001 -3.9370079e-002
  7.6377953e-001  1.4960630e-001
  7.7952756e-001  3.3858268e-001
  7.9527559e-001  5.2755906e-001
  8.1102362e-001  7.1653543e-001
  8.2677165e-001  9.0551181e-001
  8.4251969e-001 -9.0551181e-001
  8.5826772e-001 -7.1653543e-001
  8.7401575e-001 -5.2755906e-001
  8.8976378e-001 -3.3858268e-001
  9.0551181e-001 -1.4960630e-001
  9.2125984e-001  3.9370079e-002
  9.3700787e-001  2.2834646e-001
  9.5275591e-001  4.1732283e-001
  9.6850394e-001  6.0629921e-001
  9.8425197e-001  7.9527559e-001
  1.0000000e+000  9.8425197e-001
