 -1.0000000e+000 -2.8571429e-001
 -9.8214286e-001  4.4642857e-001
 -9.6428571e-001 -8.2142857e-001
 -9.4642857e-001 -8.9285714e-002
 -9.2857143e-001  6.4285714e-001
 -9.1071429e-001 -6.2500000e-001
 -8.9285714e-001  1.0714286e-001
 -8.7500000e-001  8.3928571e-001
 -8.5714286e-001 -4.2857143e-001
 -8.3928571e-001  3.0357143e-001
 -8.2142857e-001 -9.6428571e-001
 -8.0357143e-001 -2.3214286e-001
 -7.8571429e-001  5.0000000e-001
 -7.6785714e-001 -7.6785714e-001
 -7.5000000e-001 -3.5714286e-002
 -7.3214286e-001  6.9642857e-001
 -7.1428571e-001 -5.7142857e-001
 -6.9642857e-001  1.6071429e-001
 -6.7857143e-001  8.9285714e-001
 -6.6071429e-001 -3.7500000e-001
 -6.4285714e-001  3.5714286e-001
 -6.2500000e-001 -9.1071429e-001
 -6.0714286e-001 -1.7857143e-001
 -5.8928571e-001  5.5357143e-001
 -5.7142857e-001 -7.1428571e-001
 -5.5357143e-001  1.7857143e-002
 -5.3571429e-001  7.5000000e-001
 -5.1785714e-001 -5.1785714e-001
 -5.0000000e-001  2.1428571e-001
 -4.8214286e-001  9.4642857e-001
 -4.6428571e-001 -3.2142857e-001
 -4.4642857e-001  4.1071429e-001
 -4.2857143e-001 -8.5714286e-001
 -4.1071429e-001 -1.2500000e-001
 -3.9285714e-001  6.0714286e-001
 -3.7500000e-001 -6.6071429e-001
 -3.5714286e-001  7.1428571e-002
 -3.3928571e-001  8.0357143e-001
 -3.2142857e-001 -4.6428571e-001
 -3.0357143e-001  2.6785714e-001
 -2.8571429e-001  1.0000000e+000
 -2.6785714e-001 -1.0000000e+000
 -2.5000000e-001 -2.6785714e-001
 -2.3214286e-001  4.6428571e-001
 -2.1428571e-001 -8.0357143e-001
 -1.9642857e-001 -7.1428571e-002
 -1.7857143e-001  6.6071429e-001
 -1.6071429e-001 -6.0714286e-001
 -1.4285714e-001  1.2500000e-001
 -1.2500000e-001  8.5714286e-001
 -1.0714286e-001 -4.1071429e-001
 -8.9285714e-002  3.2142857e-001
 -7.1428571e-002 -9.4642857e-001
 -5.3571429e-002 -2.1428571e-001
 -3.5714286e-002  5.1785714e-001
 -1.7857143e-002 -7.5000000e-001
  0.0000000e+000 -1.7857143e-002
  1.7857143e-002  7.1428571e-001
  3.5714286e-002 -5.5357143e-001
  5.3571429e-002  1.7857143e-001
  7.1428571e-002  9.1071429e-001
  8.9285714e-002 -3.5714286e-001
  1.0714286e-001  3.7500000e-001
  1.2500000e-001 -8.9285714e-001
  1.4285714e-001 -1.6071429e-001
  1.6071429e-001  5.7142857e-001
  1.7857143e-001 -6.9642857e-001
  1.9642857e-001  3.5714286e-002
  2.1428571e-001  7.6785714e-001
  2.3214286e-001 -5.0000000e-001
  2.5000000e-001  2.3214286e-001
  2.6785714e-001  9.6428571e-001
  2.8571429e-001 -3.0357143e-001
  3.0357143e-001  4.2857143e-001
  3.2142857e-001 -8.3928571e-001
  3.3928571e-001 -1.0714286e-001
  3.5714286e-001  6.2500000e-001
  3.7500000e-001 -6.4285714e-001
  3.9285714e-001  8.9285714e-002
  4.1071429e-001  8.2142857e-001
  4.2857143e-001 -4.4642857e-001
  4.4642857e-001  2.8571429e-001
  4.6428571e-001 -9.8214286e-001
  4.8214286e-001 -2.5000000e-001
  5.0000000e-001  4.8214286e-001
  5.1785714e-001 -7.8571429e-001
  5.3571429e-001 -5.3571429e-002
  5.5357143e-001  6.7857143e-001
  5.7142857e-001 -5.8928571e-001
  5.8928571e-001  1.4285714e-001
  6.0714286e-001  8.7500000e-001
  6.2500000e-001 -3.9285714e-001
  6.4285714e-001  3.3928571e-001
  6.6071429e-001 -9.2857143e-001
  6.7857143e-001 -1.9642857e-001
  6.9642857e-001  5.3571429e-001
  7.1428571e-001 -7.3214286e-001
  7.3214286e-001  0.0000000e+000
  7.5000000e-001  7.3214286e-001
  7.6785714e-001 -5.3571429e-001
  7.8571429e-001  1.9642857e-001
  8.0357143e-001  9.2857143e-001
  8.2142857e-001 -3.3928571e-001
  8.3928571e-001  3.9285714e-001
  8.5714286e-001 -8.7500000e-001
  8.7500000e-001 -1.4285714e-001
  8.9285714e-001  5.8928571e-001
  9.1071429e-001 -6.7857143e-001
  9.2857143e-001  5.3571429e-002
  9.4642857e-001  7.8571429e-001
  9.6428571e-001 -4.8214286e-001
  9.8214286e-001  2.5000000e-001
  1.0000000e+000  9.8214286e-001
