 -1.0000000e+000 -4.7692308e-001
 -9.8974359e-001  5.6410256e-002
 -9.7948718e-001  5.8974359e-001
 -9.6923077e-001 -8.6666667e-001
 -9.5897436e-001 -3.3333333e-001
 -9.4871795e-001  2.0000000e-001
 -9.3846154e-001  7.3333333e-001
 -9.2820513e-001 -7.2307692e-001
 -9.1794872e-001 -1.8974359e-001
 -9.0769231e-001  3.4358974e-001
 -8.9743590e-001  8.7692308e-001
 -8.8717949e-001 -5.7948718e-001
 -8.7692308e-001 -4.6153846e-002
 -8.6666667e-001  4.8717949e-001
 -8.5641026e-001 -9.6923077e-001
 -8.4615385e-001 -4.3589744e-001
 -8.3589744e-001  9.7435897e-002
 -8.2564103e-001  6.3076923e-001
 -8.1538462e-001 -8.2564103e-001
 -8.0512821e-001 -2.9230769e-001
 -7.9487179e-001  2.4102564e-001
 -7.8461538e-001  7.7435897e-001
 -7.7435897e-001 -6.8205128e-001
 -7.6410256e-001 -1.4871795e-001
 -7.5384615e-001  3.8461538e-001
 -7.4358974e-001  9.1794872e-001
 -7.3333333e-001 -5.3846154e-001
 -7.2307692e-001 -5.1282051e-003
 -7.1282051e-001  5.2820513e-001
 -7.0256410e-001 -9.2820513e-001
 -6.9230769e-001 -3.9487179e-001
 -6.8205128e-001  1.3846154e-001
 -6.7179487e-001  6.7179487e-001
 -6.6153846e-001 -7.8461538e-001
 -6.5128205e-001 -2.5128205e-001
 -6.4102564e-001  2.8205128e-001
 -6.3076923e-001  8.1538462e-001
 -6.2051282e-001 -6.4102564e-001
 -6.1025641e-001 -1.0769231e-001
 -6.0000000e-001  4.2564103e-001
 -5.8974359e-001  9.5897436e-001
 -5.7948718e-001 -4.9743590e-001
 -5.6923077e-001  3.5897436e-002
 -5.5897436e-001  5.6923077e-001
 -5.4871795e-001 -8.8717949e-001
 -5.3846154e-001 -3.5384615e-001
 -5.2820513e-001  1.7948718e-001
 -5.1794872e-001  7.1282051e-001
 -5.0769231e-001 -7.4358974e-001
 -4.9743590e-001 -2.1025641e-001
 -4.8717949e-001  3.2307692e-001
 -4.7692308e-001  8.5641026e-001
 -4.6666667e-001 -6.0000000e-001
 -4.5641026e-001 -6.6666667e-002
 -4.4615385e-001  4.6666667e-001
 -4.3589744e-001  1.0000000e+000
 -4.2564103e-001 -9.8974359e-001
 -4.1538462e-001 -4.5641026e-001
 -4.0512821e-001  7.6923077e-002
 -3.9487179e-001  6.1025641e-001
 -3.8461538e-001 -8.4615385e-001
 -3.7435897e-001 -3.1282051e-001
 -3.6410256e-001  2.2051282e-001
 -3.5384615e-001  7.5384615e-001
 -3.4358974e-001 -7.0256410e-001
 -3.3333333e-001 -1.6923077e-001
 -3.2307692e-001  3.6410256e-001
 -3.1282051e-001  8.9743590e-001
 -3.0256410e-001 -5.5897436e-001
 -2.9230769e-001 -2.5641026e-002
 -2.8205128e-001  5.0769231e-001
 -2.7179487e-001 -9.4871795e-001
 -2.6153846e-001 -4.1538462e-001
 -2.5128205e-001  1.1794872e-001
 -2.4102564e-001  6.5128205e-001
 -2.3076923e-001 -8.0512821e-001
 -2.2051282e-001 -2.7179487e-001
 -2.1025641e-001  2.6153846e-001
 -2.0000000e-001  7.9487179e-001
 -1.8974359e-001 -6.6153846e-001
 -1.7948718e-001 -1.2820513e-001
 -1.6923077e-001  4.0512821e-001
 -1.5897436e-001  9.3846154e-001
 -1.4871795e-001 -5.1794872e-001
 -1.3846154e-001  1.5384615e-002
 -1.2820513e-001  5.4871795e-001
 -1.1794872e-001 -9.0769231e-001
 -1.0769231e-001 -3.7435897e-001
 -9.7435897e-002  1.5897436e-001
 -8.7179487e-002  6.9230769e-001
 -7.6923077e-002 -7.6410256e-001
 -6.6666667e-002 -2.3076923e-001
 -5.6410256e-002  3.0256410e-001
 -4.6153846e-002  8.3589744e-001
 -3.5897436e-002 -6.2051282e-001
 -2.5641026e-002 -8.7179487e-002
 -1.5384615e-002  4.4615385e-001
 -5.1282051e-003  9.7948718e-001
  5.1282051e-003 -1.0000000e+000
  1.5384615e-002 -4.6666667e-001
  2.5641026e-002  6.6666667e-002
  3.5897436e-002  6.0000000e-001
  4.6153846e-002 -8.5641026e-001
  5.6410256e-002 -3.2307692e-001
  6.6666667e-002  2.1025641e-001
  7.6923077e-002  7.4358974e-001
  8.7179487e-002 -7.1282051e-001
  9.7435897e-002 -1.7948718e-001
  1.0769231e-001  3.5384615e-001
  1.1794872e-001  8.8717949e-001
  1.2820513e-001 -5.6923077e-001
  1.3846154e-001 -3.5897436e-002
  1.4871795e-001  4.9743590e-001
  1.5897436e-001 -9.5897436e-001
  1.6923077e-001 -4.2564103e-001
  1.7948718e-001  1.0769231e-001
  1.8974359e-001  6.4102564e-001
  2.0000000e-001 -8.1538462e-001
  2.1025641e-001 -2.8205128e-001
  2.2051282e-001  2.5128205e-001
  2.3076923e-001  7.8461538e-001
  2.4102564e-001 -6.7179487e-001
  2.5128205e-001 -1.3846154e-001
  2.6153846e-001  3.9487179e-001
  2.7179487e-001  9.2820513e-001
  2.8205128e-001 -5.2820513e-001
  2.9230769e-001  5.1282051e-003
  3.0256410e-001  5.3846154e-001
  3.1282051e-001 -9.1794872e-001
  3.2307692e-001 -3.8461538e-001
  3.3333333e-001  1.4871795e-001
  3.4358974e-001  6.8205128e-001
  3.5384615e-001 -7.7435897e-001
  3.6410256e-001 -2.4102564e-001
  3.7435897e-001  2.9230769e-001
  3.8461538e-001  8.2564103e-001
  3.9487179e-001 -6.3076923e-001
  4.0512821e-001 -9.7435897e-002
  4.1538462e-001  4.3589744e-001
  4.2564103e-001  9.6923077e-001
  4.3589744e-001 -4.8717949e-001
  4.4615385e-001  4.6153846e-002
  4.5641026e-001  5.7948718e-001
  4.6666667e-001 -8.7692308e-001
  4.7692308e-001 -3.4358974e-001
  4.8717949e-001  1.8974359e-001
  4.9743590e-001  7.2307692e-001
  5.0769231e-001 -7.3333333e-001
  5.1794872e-001 -2.0000000e-001
  5.2820513e-001  3.3333333e-001
  5.3846154e-001  8.6666667e-001
  5.4871795e-001 -5.8974359e-001
  5.5897436e-001 -5.6410256e-002
  5.6923077e-001  4.7692308e-001
  5.7948718e-001 -9.7948718e-001
  5.8974359e-001 -4.4615385e-001
  6.0000000e-001  8.7179487e-002
  6.1025641e-001  6.2051282e-001
  6.2051282e-001 -8.3589744e-001
  6.3076923e-001 -3.0256410e-001
  6.4102564e-001  2.3076923e-001
  6.5128205e-001  7.6410256e-001
  6.6153846e-001 -6.9230769e-001
  6.7179487e-001 -1.5897436e-001
  6.8205128e-001  3.7435897e-001
  6.9230769e-001  9.0769231e-001
  7.0256410e-001 -5.4871795e-001
  7.1282051e-001 -1.5384615e-002
  7.2307692e-001  5.1794872e-001
  7.3333333e-001 -9.3846154e-001
  7.4358974e-001 -4.0512821e-001
  7.5384615e-001  1.2820513e-001
  7.6410256e-001  6.6153846e-001
  7.7435897e-001 -7.9487179e-001
  7.8461538e-001 -2.6153846e-001
  7.9487179e-001  2.7179487e-001
  8.0512821e-001  8.0512821e-001
  8.1538462e-001 -6.5128205e-001
  8.2564103e-001 -1.1794872e-001
  8.3589744e-001  4.1538462e-001
  8.4615385e-001  9.4871795e-001
  8.5641026e-001 -5.0769231e-001
  8.6666667e-001  2.5641026e-002
  8.7692308e-001  5.5897436e-001
  8.8717949e-001 -8.9743590e-001
  8.9743590e-001 -3.6410256e-001
  9.0769231e-001  1.6923077e-001
  9.1794872e-001  7.0256410e-001
  9.2820513e-001 -7.5384615e-001
  9.3846154e-001 -2.2051282e-001
  9.4871795e-001  3.1282051e-001
  9.5897436e-001  8.4615385e-001
  9.6923077e-001 -6.1025641e-001
  9.7948718e-001 -7.6923077e-002
  9.8974359e-001  4.5641026e-001
  1.0000000e+000  9.8974359e-001
