 -1.0000000e+000 -5.0000000e-001
 -8.7500000e-001  1.2500000e-001
 -7.5000000e-001  7.5000000e-001
 -6.2500000e-001 -8.7500000e-001
 -5.0000000e-001 -2.5000000e-001
 -3.7500000e-001  3.7500000e-001
 -2.5000000e-001  1.0000000e+000
 -1.2500000e-001 -6.2500000e-001
  0.0000000e+000  0.0000000e+000
  1.2500000e-001  6.2500000e-001
  2.5000000e-001 -1.0000000e+000
  3.7500000e-001 -3.7500000e-001
  5.0000000e-001  2.5000000e-001
  6.2500000e-001  8.7500000e-001
  7.5000000e-001 -7.5000000e-001
  8.7500000e-001 -1.2500000e-001
  1.0000000e+000  5.0000000e-001
