 -1.0000000e+000 -7.8494624e-001
 -9.7849462e-001 -5.4838710e-001
 -9.5698925e-001 -3.1182796e-001
 -9.3548387e-001 -7.5268817e-002
 -9.1397849e-001  1.6129032e-001
 -8.9247312e-001  3.9784946e-001
 -8.7096774e-001  6.3440860e-001
 -8.4946237e-001  8.7096774e-001
 -8.2795699e-001 -9.1397849e-001
 -8.0645161e-001 -6.7741935e-001
 -7.8494624e-001 -4.4086022e-001
 -7.6344086e-001 -2.0430108e-001
 -7.4193548e-001  3.2258065e-002
 -7.2043011e-001  2.6881720e-001
 -6.9892473e-001  5.0537634e-001
 -6.7741935e-001  7.4193548e-001
 -6.5591398e-001  9.7849462e-001
 -6.3440860e-001 -8.0645161e-001
 -6.1290323e-001 -5.6989247e-001
 -5.9139785e-001 -3.3333333e-001
 -5.6989247e-001 -9.6774194e-002
 -5.4838710e-001  1.3978495e-001
 -5.2688172e-001  3.7634409e-001
 -5.0537634e-001  6.1290323e-001
 -4.8387097e-001  8.4946237e-001
 -4.6236559e-001 -9.3548387e-001
 -4.4086022e-001 -6.9892473e-001
 -4.1935484e-001 -4.6236559e-001
 -3.9784946e-001 -2.2580645e-001
 -3.7634409e-001  1.0752688e-002
 -3.5483871e-001  2.4731183e-001
 -3.3333333e-001  4.8387097e-001
 -3.1182796e-001  7.2043011e-001
 -2.9032258e-001  9.5698925e-001
 -2.6881720e-001 -8.2795699e-001
 -2.4731183e-001 -5.9139785e-001
 -2.2580645e-001 -3.5483871e-001
 -2.0430108e-001 -1.1827957e-001
 -1.8279570e-001  1.1827957e-001
 -1.6129032e-001  3.5483871e-001
 -1.3978495e-001  5.9139785e-001
 -1.1827957e-001  8.2795699e-001
 -9.6774194e-002 -9.5698925e-001
 -7.5268817e-002 -7.2043011e-001
 -5.3763441e-002 -4.8387097e-001
 -3.2258065e-002 -2.4731183e-001
 -1.0752688e-002 -1.0752688e-002
  1.0752688e-002  2.2580645e-001
  3.2258065e-002  4.6236559e-001
  5.3763441e-002  6.9892473e-001
  7.5268817e-002  9.3548387e-001
  9.6774194e-002 -8.4946237e-001
  1.1827957e-001 -6.1290323e-001
  1.3978495e-001 -3.7634409e-001
  1.6129032e-001 -1.3978495e-001
  1.8279570e-001  9.6774194e-002
  2.0430108e-001  3.3333333e-001
  2.2580645e-001  5.6989247e-001
  2.4731183e-001  8.0645161e-001
  2.6881720e-001 -9.7849462e-001
  2.9032258e-001 -7.4193548e-001
  3.1182796e-001 -5.0537634e-001
  3.3333333e-001 -2.6881720e-001
  3.5483871e-001 -3.2258065e-002
  3.7634409e-001  2.0430108e-001
  3.9784946e-001  4.4086022e-001
  4.1935484e-001  6.7741935e-001
  4.4086022e-001  9.1397849e-001
  4.6236559e-001 -8.7096774e-001
  4.8387097e-001 -6.3440860e-001
  5.0537634e-001 -3.9784946e-001
  5.2688172e-001 -1.6129032e-001
  5.4838710e-001  7.5268817e-002
  5.6989247e-001  3.1182796e-001
  5.9139785e-001  5.4838710e-001
  6.1290323e-001  7.8494624e-001
  6.3440860e-001 -1.0000000e+000
  6.5591398e-001 -7.6344086e-001
  6.7741935e-001 -5.2688172e-001
  6.9892473e-001 -2.9032258e-001
  7.2043011e-001 -5.3763441e-002
  7.4193548e-001  1.8279570e-001
  7.6344086e-001  4.1935484e-001
  7.8494624e-001  6.5591398e-001
  8.0645161e-001  8.9247312e-001
  8.2795699e-001 -8.9247312e-001
  8.4946237e-001 -6.5591398e-001
  8.7096774e-001 -4.1935484e-001
  8.9247312e-001 -1.8279570e-001
  9.1397849e-001  5.3763441e-002
  9.3548387e-001  2.9032258e-001
  9.5698925e-001  5.2688172e-001
  9.7849462e-001  7.6344086e-001
  1.0000000e+000  1.0000000e+000
