 -1.0000000e+000 -2.5000000e-001
 -9.5833333e-001  5.4166667e-001
 -9.1666667e-001 -5.4166667e-001
 -8.7500000e-001  2.5000000e-001
 -8.3333333e-001 -8.3333333e-001
 -7.9166667e-001 -4.1666667e-002
 -7.5000000e-001  7.5000000e-001
 -7.0833333e-001 -3.3333333e-001
 -6.6666667e-001  4.5833333e-001
 -6.2500000e-001 -6.2500000e-001
 -5.8333333e-001  1.6666667e-001
 -5.4166667e-001  9.5833333e-001
 -5.0000000e-001 -9.1666667e-001
 -4.5833333e-001 -1.2500000e-001
 -4.1666667e-001  6.6666667e-001
 -3.7500000e-001 -4.1666667e-001
 -3.3333333e-001  3.7500000e-001
 -2.9166667e-001 -7.0833333e-001
 -2.5000000e-001  8.3333333e-002
 -2.0833333e-001  8.7500000e-001
 -1.6666667e-001 -1.0000000e+000
 -1.2500000e-001 -2.0833333e-001
 -8.3333333e-002  5.8333333e-001
 -4.1666667e-002 -5.0000000e-001
  0.0000000e+000  2.9166667e-001
  4.1666667e-002 -7.9166667e-001
  8.3333333e-002  0.0000000e+000
  1.2500000e-001  7.9166667e-001
  1.6666667e-001 -2.9166667e-001
  2.0833333e-001  5.0000000e-001
  2.5000000e-001 -5.8333333e-001
  2.9166667e-001  2.0833333e-001
  3.3333333e-001  1.0000000e+000
  3.7500000e-001 -8.7500000e-001
  4.1666667e-001 -8.3333333e-002
  4.5833333e-001  7.0833333e-001
  5.0000000e-001 -3.7500000e-001
  5.4166667e-001  4.1666667e-001
  5.8333333e-001 -6.6666667e-001
  6.2500000e-001  1.2500000e-001
  6.6666667e-001  9.1666667e-001
  7.0833333e-001 -9.5833333e-001
  7.5000000e-001 -1.6666667e-001
  7.9166667e-001  6.2500000e-001
  8.3333333e-001 -4.5833333e-001
  8.7500000e-001  3.3333333e-001
  9.1666667e-001 -7.5000000e-001
  9.5833333e-001  4.1666667e-002
  1.0000000e+000  8.3333333e-001
