 -1.0000000e+000 -8.5310734e-001
 -9.8870056e-001 -6.9491525e-001
 -9.7740113e-001 -5.3672316e-001
 -9.6610169e-001 -3.7853107e-001
 -9.5480226e-001 -2.2033898e-001
 -9.4350282e-001 -6.2146893e-002
 -9.3220339e-001  9.6045198e-002
 -9.2090395e-001  2.5423729e-001
 -9.0960452e-001  4.1242938e-001
 -8.9830508e-001  5.7062147e-001
 -8.8700565e-001  7.2881356e-001
 -8.7570621e-001  8.8700565e-001
 -8.6440678e-001 -9.4350282e-001
 -8.5310734e-001 -7.8531073e-001
 -8.4180791e-001 -6.2711864e-001
 -8.3050847e-001 -4.6892655e-001
 -8.1920904e-001 -3.1073446e-001
 -8.0790960e-001 -1.5254237e-001
 -7.9661017e-001  5.6497175e-003
 -7.8531073e-001  1.6384181e-001
 -7.7401130e-001  3.2203390e-001
 -7.6271186e-001  4.8022599e-001
 -7.5141243e-001  6.3841808e-001
 -7.4011299e-001  7.9661017e-001
 -7.2881356e-001  9.5480226e-001
 -7.1751412e-001 -8.7570621e-001
 -7.0621469e-001 -7.1751412e-001
 -6.9491525e-001 -5.5932203e-001
 -6.8361582e-001 -4.0112994e-001
 -6.7231638e-001 -2.4293785e-001
 -6.6101695e-001 -8.4745763e-002
 -6.4971751e-001  7.3446328e-002
 -6.3841808e-001  2.3163842e-001
 -6.2711864e-001  3.8983051e-001
 -6.1581921e-001  5.4802260e-001
 -6.0451977e-001  7.0621469e-001
 -5.9322034e-001  8.6440678e-001
 -5.8192090e-001 -9.6610169e-001
 -5.7062147e-001 -8.0790960e-001
 -5.5932203e-001 -6.4971751e-001
 -5.4802260e-001 -4.9152542e-001
 -5.3672316e-001 -3.3333333e-001
 -5.2542373e-001 -1.7514124e-001
 -5.1412429e-001 -1.6949153e-002
 -5.0282486e-001  1.4124294e-001
 -4.9152542e-001  2.9943503e-001
 -4.8022599e-001  4.5762712e-001
 -4.6892655e-001  6.1581921e-001
 -4.5762712e-001  7.7401130e-001
 -4.4632768e-001  9.3220339e-001
 -4.3502825e-001 -8.9830508e-001
 -4.2372881e-001 -7.4011299e-001
 -4.1242938e-001 -5.8192090e-001
 -4.0112994e-001 -4.2372881e-001
 -3.8983051e-001 -2.6553672e-001
 -3.7853107e-001 -1.0734463e-001
 -3.6723164e-001  5.0847458e-002
 -3.5593220e-001  2.0903955e-001
 -3.4463277e-001  3.6723164e-001
 -3.3333333e-001  5.2542373e-001
 -3.2203390e-001  6.8361582e-001
 -3.1073446e-001  8.4180791e-001
 -2.9943503e-001  1.0000000e+000
 -2.8813559e-001 -9.8870056e-001
 -2.7683616e-001 -8.3050847e-001
 -2.6553672e-001 -6.7231638e-001
 -2.5423729e-001 -5.1412429e-001
 -2.4293785e-001 -3.5593220e-001
 -2.3163842e-001 -1.9774011e-001
 -2.2033898e-001 -3.9548023e-002
 -2.0903955e-001  1.1864407e-001
 -1.9774011e-001  2.7683616e-001
 -1.8644068e-001  4.3502825e-001
 -1.7514124e-001  5.9322034e-001
 -1.6384181e-001  7.5141243e-001
 -1.5254237e-001  9.0960452e-001
 -1.4124294e-001 -9.2090395e-001
 -1.2994350e-001 -7.6271186e-001
 -1.1864407e-001 -6.0451977e-001
 -1.0734463e-001 -4.4632768e-001
 -9.6045198e-002 -2.8813559e-001
 -8.4745763e-002 -1.2994350e-001
 -7.3446328e-002  2.8248588e-002
 -6.2146893e-002  1.8644068e-001
 -5.0847458e-002  3.4463277e-001
 -3.9548023e-002  5.0282486e-001
 -2.8248588e-002  6.6101695e-001
 -1.6949153e-002  8.1920904e-001
 -5.6497175e-003  9.7740113e-001
  5.6497175e-003 -1.0000000e+000
  1.6949153e-002 -8.4180791e-001
  2.8248588e-002 -6.8361582e-001
  3.9548023e-002 -5.2542373e-001
  5.0847458e-002 -3.6723164e-001
  6.2146893e-002 -2.0903955e-001
  7.3446328e-002 -5.0847458e-002
  8.4745763e-002  1.0734463e-001
  9.6045198e-002  2.6553672e-001
  1.0734463e-001  4.2372881e-001
  1.1864407e-001  5.8192090e-001
  1.2994350e-001  7.4011299e-001
  1.4124294e-001  8.9830508e-001
  1.5254237e-001 -9.3220339e-001
  1.6384181e-001 -7.7401130e-001
  1.7514124e-001 -6.1581921e-001
  1.8644068e-001 -4.5762712e-001
  1.9774011e-001 -2.9943503e-001
  2.0903955e-001 -1.4124294e-001
  2.2033898e-001  1.6949153e-002
  2.3163842e-001  1.7514124e-001
  2.4293785e-001  3.3333333e-001
  2.5423729e-001  4.9152542e-001
  2.6553672e-001  6.4971751e-001
  2.7683616e-001  8.0790960e-001
  2.8813559e-001  9.6610169e-001
  2.9943503e-001 -8.6440678e-001
  3.1073446e-001 -7.0621469e-001
  3.2203390e-001 -5.4802260e-001
  3.3333333e-001 -3.8983051e-001
  3.4463277e-001 -2.3163842e-001
  3.5593220e-001 -7.3446328e-002
  3.6723164e-001  8.4745763e-002
  3.7853107e-001  2.4293785e-001
  3.8983051e-001  4.0112994e-001
  4.0112994e-001  5.5932203e-001
  4.1242938e-001  7.1751412e-001
  4.2372881e-001  8.7570621e-001
  4.3502825e-001 -9.5480226e-001
  4.4632768e-001 -7.9661017e-001
  4.5762712e-001 -6.3841808e-001
  4.6892655e-001 -4.8022599e-001
  4.8022599e-001 -3.2203390e-001
  4.9152542e-001 -1.6384181e-001
  5.0282486e-001 -5.6497175e-003
  5.1412429e-001  1.5254237e-001
  5.2542373e-001  3.1073446e-001
  5.3672316e-001  4.6892655e-001
  5.4802260e-001  6.2711864e-001
  5.5932203e-001  7.8531073e-001
  5.7062147e-001  9.4350282e-001
  5.8192090e-001 -8.8700565e-001
  5.9322034e-001 -7.2881356e-001
  6.0451977e-001 -5.7062147e-001
  6.1581921e-001 -4.1242938e-001
  6.2711864e-001 -2.5423729e-001
  6.3841808e-001 -9.6045198e-002
  6.4971751e-001  6.2146893e-002
  6.6101695e-001  2.2033898e-001
  6.7231638e-001  3.7853107e-001
  6.8361582e-001  5.3672316e-001
  6.9491525e-001  6.9491525e-001
  7.0621469e-001  8.5310734e-001
  7.1751412e-001 -9.7740113e-001
  7.2881356e-001 -8.1920904e-001
  7.4011299e-001 -6.6101695e-001
  7.5141243e-001 -5.0282486e-001
  7.6271186e-001 -3.4463277e-001
  7.7401130e-001 -1.8644068e-001
  7.8531073e-001 -2.8248588e-002
  7.9661017e-001  1.2994350e-001
  8.0790960e-001  2.8813559e-001
  8.1920904e-001  4.4632768e-001
  8.3050847e-001  6.0451977e-001
  8.4180791e-001  7.6271186e-001
  8.5310734e-001  9.2090395e-001
  8.6440678e-001 -9.0960452e-001
  8.7570621e-001 -7.5141243e-001
  8.8700565e-001 -5.9322034e-001
  8.9830508e-001 -4.3502825e-001
  9.0960452e-001 -2.7683616e-001
  9.2090395e-001 -1.1864407e-001
  9.3220339e-001  3.9548023e-002
  9.4350282e-001  1.9774011e-001
  9.5480226e-001  3.5593220e-001
  9.6610169e-001  5.1412429e-001
  9.7740113e-001  6.7231638e-001
  9.8870056e-001  8.3050847e-001
  1.0000000e+000  9.8870056e-001
