 -1.0000000e+000 -7.1929825e-001
 -9.6491228e-001 -4.0350877e-001
 -9.2982456e-001 -8.7719298e-002
 -8.9473684e-001  2.2807018e-001
 -8.5964912e-001  5.4385965e-001
 -8.2456140e-001  8.5964912e-001
 -7.8947368e-001 -8.9473684e-001
 -7.5438596e-001 -5.7894737e-001
 -7.1929825e-001 -2.6315789e-001
 -6.8421053e-001  5.2631579e-002
 -6.4912281e-001  3.6842105e-001
 -6.1403509e-001  6.8421053e-001
 -5.7894737e-001  1.0000000e+000
 -5.4385965e-001 -7.5438596e-001
 -5.0877193e-001 -4.3859649e-001
 -4.7368421e-001 -1.2280702e-001
 -4.3859649e-001  1.9298246e-001
 -4.0350877e-001  5.0877193e-001
 -3.6842105e-001  8.2456140e-001
 -3.3333333e-001 -9.2982456e-001
 -2.9824561e-001 -6.1403509e-001
 -2.6315789e-001 -2.9824561e-001
 -2.2807018e-001  1.7543860e-002
 -1.9298246e-001  3.3333333e-001
 -1.5789474e-001  6.4912281e-001
 -1.2280702e-001  9.6491228e-001
 -8.7719298e-002 -7.8947368e-001
 -5.2631579e-002 -4.7368421e-001
 -1.7543860e-002 -1.5789474e-001
  1.7543860e-002  1.5789474e-001
  5.2631579e-002  4.7368421e-001
  8.7719298e-002  7.8947368e-001
  1.2280702e-001 -9.6491228e-001
  1.5789474e-001 -6.4912281e-001
  1.9298246e-001 -3.3333333e-001
  2.2807018e-001 -1.7543860e-002
  2.6315789e-001  2.9824561e-001
  2.9824561e-001  6.1403509e-001
  3.3333333e-001  9.2982456e-001
  3.6842105e-001 -8.2456140e-001
  4.0350877e-001 -5.0877193e-001
  4.3859649e-001 -1.9298246e-001
  4.7368421e-001  1.2280702e-001
  5.0877193e-001  4.3859649e-001
  5.4385965e-001  7.5438596e-001
  5.7894737e-001 -1.0000000e+000
  6.1403509e-001 -6.8421053e-001
  6.4912281e-001 -3.6842105e-001
  6.8421053e-001 -5.2631579e-002
  7.1929825e-001  2.6315789e-001
  7.5438596e-001  5.7894737e-001
  7.8947368e-001  8.9473684e-001
  8.2456140e-001 -8.5964912e-001
  8.5964912e-001 -5.4385965e-001
  8.9473684e-001 -2.2807018e-001
  9.2982456e-001  8.7719298e-002
  9.6491228e-001  4.0350877e-001
  1.0000000e+000  7.1929825e-001
