 -1.0000000e+000 -8.4105960e-001
 -9.8675497e-001 -6.6887417e-001
 -9.7350993e-001 -4.9668874e-001
 -9.6026490e-001 -3.2450331e-001
 -9.4701987e-001 -1.5231788e-001
 -9.3377483e-001  1.9867550e-002
 -9.2052980e-001  1.9205298e-001
 -9.0728477e-001  3.6423841e-001
 -8.9403974e-001  5.3642384e-001
 -8.8079470e-001  7.0860927e-001
 -8.6754967e-001  8.8079470e-001
 -8.5430464e-001 -9.3377483e-001
 -8.4105960e-001 -7.6158940e-001
 -8.2781457e-001 -5.8940397e-001
 -8.1456954e-001 -4.1721854e-001
 -8.0132450e-001 -2.4503311e-001
 -7.8807947e-001 -7.2847682e-002
 -7.7483444e-001  9.9337748e-002
 -7.6158940e-001  2.7152318e-001
 -7.4834437e-001  4.4370861e-001
 -7.3509934e-001  6.1589404e-001
 -7.2185430e-001  7.8807947e-001
 -7.0860927e-001  9.6026490e-001
 -6.9536424e-001 -8.5430464e-001
 -6.8211921e-001 -6.8211921e-001
 -6.6887417e-001 -5.0993377e-001
 -6.5562914e-001 -3.3774834e-001
 -6.4238411e-001 -1.6556291e-001
 -6.2913907e-001  6.6225166e-003
 -6.1589404e-001  1.7880795e-001
 -6.0264901e-001  3.5099338e-001
 -5.8940397e-001  5.2317881e-001
 -5.7615894e-001  6.9536424e-001
 -5.6291391e-001  8.6754967e-001
 -5.4966887e-001 -9.4701987e-001
 -5.3642384e-001 -7.7483444e-001
 -5.2317881e-001 -6.0264901e-001
 -5.0993377e-001 -4.3046358e-001
 -4.9668874e-001 -2.5827815e-001
 -4.8344371e-001 -8.6092715e-002
 -4.7019868e-001  8.6092715e-002
 -4.5695364e-001  2.5827815e-001
 -4.4370861e-001  4.3046358e-001
 -4.3046358e-001  6.0264901e-001
 -4.1721854e-001  7.7483444e-001
 -4.0397351e-001  9.4701987e-001
 -3.9072848e-001 -8.6754967e-001
 -3.7748344e-001 -6.9536424e-001
 -3.6423841e-001 -5.2317881e-001
 -3.5099338e-001 -3.5099338e-001
 -3.3774834e-001 -1.7880795e-001
 -3.2450331e-001 -6.6225166e-003
 -3.1125828e-001  1.6556291e-001
 -2.9801325e-001  3.3774834e-001
 -2.8476821e-001  5.0993377e-001
 -2.7152318e-001  6.8211921e-001
 -2.5827815e-001  8.5430464e-001
 -2.4503311e-001 -9.6026490e-001
 -2.3178808e-001 -7.8807947e-001
 -2.1854305e-001 -6.1589404e-001
 -2.0529801e-001 -4.4370861e-001
 -1.9205298e-001 -2.7152318e-001
 -1.7880795e-001 -9.9337748e-002
 -1.6556291e-001  7.2847682e-002
 -1.5231788e-001  2.4503311e-001
 -1.3907285e-001  4.1721854e-001
 -1.2582781e-001  5.8940397e-001
 -1.1258278e-001  7.6158940e-001
 -9.9337748e-002  9.3377483e-001
 -8.6092715e-002 -8.8079470e-001
 -7.2847682e-002 -7.0860927e-001
 -5.9602649e-002 -5.3642384e-001
 -4.6357616e-002 -3.6423841e-001
 -3.3112583e-002 -1.9205298e-001
 -1.9867550e-002 -1.9867550e-002
 -6.6225166e-003  1.5231788e-001
  6.6225166e-003  3.2450331e-001
  1.9867550e-002  4.9668874e-001
  3.3112583e-002  6.6887417e-001
  4.6357616e-002  8.4105960e-001
  5.9602649e-002 -9.7350993e-001
  7.2847682e-002 -8.0132450e-001
  8.6092715e-002 -6.2913907e-001
  9.9337748e-002 -4.5695364e-001
  1.1258278e-001 -2.8476821e-001
  1.2582781e-001 -1.1258278e-001
  1.3907285e-001  5.9602649e-002
  1.5231788e-001  2.3178808e-001
  1.6556291e-001  4.0397351e-001
  1.7880795e-001  5.7615894e-001
  1.9205298e-001  7.4834437e-001
  2.0529801e-001  9.2052980e-001
  2.1854305e-001 -8.9403974e-001
  2.3178808e-001 -7.2185430e-001
  2.4503311e-001 -5.4966887e-001
  2.5827815e-001 -3.7748344e-001
  2.7152318e-001 -2.0529801e-001
  2.8476821e-001 -3.3112583e-002
  2.9801325e-001  1.3907285e-001
  3.1125828e-001  3.1125828e-001
  3.2450331e-001  4.8344371e-001
  3.3774834e-001  6.5562914e-001
  3.5099338e-001  8.2781457e-001
  3.6423841e-001  1.0000000e+000
  3.7748344e-001 -9.8675497e-001
  3.9072848e-001 -8.1456954e-001
  4.0397351e-001 -6.4238411e-001
  4.1721854e-001 -4.7019868e-001
  4.3046358e-001 -2.9801325e-001
  4.4370861e-001 -1.2582781e-001
  4.5695364e-001  4.6357616e-002
  4.7019868e-001  2.1854305e-001
  4.8344371e-001  3.9072848e-001
  4.9668874e-001  5.6291391e-001
  5.0993377e-001  7.3509934e-001
  5.2317881e-001  9.0728477e-001
  5.3642384e-001 -9.0728477e-001
  5.4966887e-001 -7.3509934e-001
  5.6291391e-001 -5.6291391e-001
  5.7615894e-001 -3.9072848e-001
  5.8940397e-001 -2.1854305e-001
  6.0264901e-001 -4.6357616e-002
  6.1589404e-001  1.2582781e-001
  6.2913907e-001  2.9801325e-001
  6.4238411e-001  4.7019868e-001
  6.5562914e-001  6.4238411e-001
  6.6887417e-001  8.1456954e-001
  6.8211921e-001  9.8675497e-001
  6.9536424e-001 -1.0000000e+000
  7.0860927e-001 -8.2781457e-001
  7.2185430e-001 -6.5562914e-001
  7.3509934e-001 -4.8344371e-001
  7.4834437e-001 -3.1125828e-001
  7.6158940e-001 -1.3907285e-001
  7.7483444e-001  3.3112583e-002
  7.8807947e-001  2.0529801e-001
  8.0132450e-001  3.7748344e-001
  8.1456954e-001  5.4966887e-001
  8.2781457e-001  7.2185430e-001
  8.4105960e-001  8.9403974e-001
  8.5430464e-001 -9.2052980e-001
  8.6754967e-001 -7.4834437e-001
  8.8079470e-001 -5.7615894e-001
  8.9403974e-001 -4.0397351e-001
  9.0728477e-001 -2.3178808e-001
  9.2052980e-001 -5.9602649e-002
  9.3377483e-001  1.1258278e-001
  9.4701987e-001  2.8476821e-001
  9.6026490e-001  4.5695364e-001
  9.7350993e-001  6.2913907e-001
  9.8675497e-001  8.0132450e-001
  1.0000000e+000  9.7350993e-001
