 -1.0000000e+000 -6.6666667e-001
 -9.1666667e-001 -2.5000000e-001
 -8.3333333e-001  1.6666667e-001
 -7.5000000e-001  5.8333333e-001
 -6.6666667e-001  1.0000000e+000
 -5.8333333e-001 -1.0000000e+000
 -5.0000000e-001 -5.8333333e-001
 -4.1666667e-001 -1.6666667e-001
 -3.3333333e-001  2.5000000e-001
 -2.5000000e-001  6.6666667e-001
 -1.6666667e-001 -9.1666667e-001
 -8.3333333e-002 -5.0000000e-001
  0.0000000e+000 -8.3333333e-002
  8.3333333e-002  3.3333333e-001
  1.6666667e-001  7.5000000e-001
  2.5000000e-001 -8.3333333e-001
  3.3333333e-001 -4.1666667e-001
  4.1666667e-001  0.0000000e+000
  5.0000000e-001  4.1666667e-001
  5.8333333e-001  8.3333333e-001
  6.6666667e-001 -7.5000000e-001
  7.5000000e-001 -3.3333333e-001
  8.3333333e-001  8.3333333e-002
  9.1666667e-001  5.0000000e-001
  1.0000000e+000  9.1666667e-001
