 -1.0000000e+000 -2.4137931e-001
 -9.8620690e-001  5.3103448e-001
 -9.7241379e-001 -7.1034483e-001
 -9.5862069e-001  6.2068966e-002
 -9.4482759e-001  8.3448276e-001
 -9.3103448e-001 -4.0689655e-001
 -9.1724138e-001  3.6551724e-001
 -9.0344828e-001 -8.7586207e-001
 -8.8965517e-001 -1.0344828e-001
 -8.7586207e-001  6.6896552e-001
 -8.6206897e-001 -5.7241379e-001
 -8.4827586e-001  2.0000000e-001
 -8.3448276e-001  9.7241379e-001
 -8.2068966e-001 -2.6896552e-001
 -8.0689655e-001  5.0344828e-001
 -7.9310345e-001 -7.3793103e-001
 -7.7931034e-001  3.4482759e-002
 -7.6551724e-001  8.0689655e-001
 -7.5172414e-001 -4.3448276e-001
 -7.3793103e-001  3.3793103e-001
 -7.2413793e-001 -9.0344828e-001
 -7.1034483e-001 -1.3103448e-001
 -6.9655172e-001  6.4137931e-001
 -6.8275862e-001 -6.0000000e-001
 -6.6896552e-001  1.7241379e-001
 -6.5517241e-001  9.4482759e-001
 -6.4137931e-001 -2.9655172e-001
 -6.2758621e-001  4.7586207e-001
 -6.1379310e-001 -7.6551724e-001
 -6.0000000e-001  6.8965517e-003
 -5.8620690e-001  7.7931034e-001
 -5.7241379e-001 -4.6206897e-001
 -5.5862069e-001  3.1034483e-001
 -5.4482759e-001 -9.3103448e-001
 -5.3103448e-001 -1.5862069e-001
 -5.1724138e-001  6.1379310e-001
 -5.0344828e-001 -6.2758621e-001
 -4.8965517e-001  1.4482759e-001
 -4.7586207e-001  9.1724138e-001
 -4.6206897e-001 -3.2413793e-001
 -4.4827586e-001  4.4827586e-001
 -4.3448276e-001 -7.9310345e-001
 -4.2068966e-001 -2.0689655e-002
 -4.0689655e-001  7.5172414e-001
 -3.9310345e-001 -4.8965517e-001
 -3.7931034e-001  2.8275862e-001
 -3.6551724e-001 -9.5862069e-001
 -3.5172414e-001 -1.8620690e-001
 -3.3793103e-001  5.8620690e-001
 -3.2413793e-001 -6.5517241e-001
 -3.1034483e-001  1.1724138e-001
 -2.9655172e-001  8.8965517e-001
 -2.8275862e-001 -3.5172414e-001
 -2.6896552e-001  4.2068966e-001
 -2.5517241e-001 -8.2068966e-001
 -2.4137931e-001 -4.8275862e-002
 -2.2758621e-001  7.2413793e-001
 -2.1379310e-001 -5.1724138e-001
 -2.0000000e-001  2.5517241e-001
 -1.8620690e-001 -9.8620690e-001
 -1.7241379e-001 -2.1379310e-001
 -1.5862069e-001  5.5862069e-001
 -1.4482759e-001 -6.8275862e-001
 -1.3103448e-001  8.9655172e-002
 -1.1724138e-001  8.6206897e-001
 -1.0344828e-001 -3.7931034e-001
 -8.9655172e-002  3.9310345e-001
 -7.5862069e-002 -8.4827586e-001
 -6.2068966e-002 -7.5862069e-002
 -4.8275862e-002  6.9655172e-001
 -3.4482759e-002 -5.4482759e-001
 -2.0689655e-002  2.2758621e-001
 -6.8965517e-003  1.0000000e+000
  6.8965517e-003 -1.0000000e+000
  2.0689655e-002 -2.2758621e-001
  3.4482759e-002  5.4482759e-001
  4.8275862e-002 -6.9655172e-001
  6.2068966e-002  7.5862069e-002
  7.5862069e-002  8.4827586e-001
  8.9655172e-002 -3.9310345e-001
  1.0344828e-001  3.7931034e-001
  1.1724138e-001 -8.6206897e-001
  1.3103448e-001 -8.9655172e-002
  1.4482759e-001  6.8275862e-001
  1.5862069e-001 -5.5862069e-001
  1.7241379e-001  2.1379310e-001
  1.8620690e-001  9.8620690e-001
  2.0000000e-001 -2.5517241e-001
  2.1379310e-001  5.1724138e-001
  2.2758621e-001 -7.2413793e-001
  2.4137931e-001  4.8275862e-002
  2.5517241e-001  8.2068966e-001
  2.6896552e-001 -4.2068966e-001
  2.8275862e-001  3.5172414e-001
  2.9655172e-001 -8.8965517e-001
  3.1034483e-001 -1.1724138e-001
  3.2413793e-001  6.5517241e-001
  3.3793103e-001 -5.8620690e-001
  3.5172414e-001  1.8620690e-001
  3.6551724e-001  9.5862069e-001
  3.7931034e-001 -2.8275862e-001
  3.9310345e-001  4.8965517e-001
  4.0689655e-001 -7.5172414e-001
  4.2068966e-001  2.0689655e-002
  4.3448276e-001  7.9310345e-001
  4.4827586e-001 -4.4827586e-001
  4.6206897e-001  3.2413793e-001
  4.7586207e-001 -9.1724138e-001
  4.8965517e-001 -1.4482759e-001
  5.0344828e-001  6.2758621e-001
  5.1724138e-001 -6.1379310e-001
  5.3103448e-001  1.5862069e-001
  5.4482759e-001  9.3103448e-001
  5.5862069e-001 -3.1034483e-001
  5.7241379e-001  4.6206897e-001
  5.8620690e-001 -7.7931034e-001
  6.0000000e-001 -6.8965517e-003
  6.1379310e-001  7.6551724e-001
  6.2758621e-001 -4.7586207e-001
  6.4137931e-001  2.9655172e-001
  6.5517241e-001 -9.4482759e-001
  6.6896552e-001 -1.7241379e-001
  6.8275862e-001  6.0000000e-001
  6.9655172e-001 -6.4137931e-001
  7.1034483e-001  1.3103448e-001
  7.2413793e-001  9.0344828e-001
  7.3793103e-001 -3.3793103e-001
  7.5172414e-001  4.3448276e-001
  7.6551724e-001 -8.0689655e-001
  7.7931034e-001 -3.4482759e-002
  7.9310345e-001  7.3793103e-001
  8.0689655e-001 -5.0344828e-001
  8.2068966e-001  2.6896552e-001
  8.3448276e-001 -9.7241379e-001
  8.4827586e-001 -2.0000000e-001
  8.6206897e-001  5.7241379e-001
  8.7586207e-001 -6.6896552e-001
  8.8965517e-001  1.0344828e-001
  9.0344828e-001  8.7586207e-001
  9.1724138e-001 -3.6551724e-001
  9.3103448e-001  4.0689655e-001
  9.4482759e-001 -8.3448276e-001
  9.5862069e-001 -6.2068966e-002
  9.7241379e-001  7.1034483e-001
  9.8620690e-001 -5.3103448e-001
  1.0000000e+000  2.4137931e-001
