 -1.0000000e+000 -1.6666667e-001
 -9.8333333e-001  6.8333333e-001
 -9.6666667e-001 -5.0000000e-001
 -9.5000000e-001  3.5000000e-001
 -9.3333333e-001 -8.3333333e-001
 -9.1666667e-001  1.6666667e-002
 -9.0000000e-001  8.6666667e-001
 -8.8333333e-001 -3.1666667e-001
 -8.6666667e-001  5.3333333e-001
 -8.5000000e-001 -6.5000000e-001
 -8.3333333e-001  2.0000000e-001
 -8.1666667e-001 -9.8333333e-001
 -8.0000000e-001 -1.3333333e-001
 -7.8333333e-001  7.1666667e-001
 -7.6666667e-001 -4.6666667e-001
 -7.5000000e-001  3.8333333e-001
 -7.3333333e-001 -8.0000000e-001
 -7.1666667e-001  5.0000000e-002
 -7.0000000e-001  9.0000000e-001
 -6.8333333e-001 -2.8333333e-001
 -6.6666667e-001  5.6666667e-001
 -6.5000000e-001 -6.1666667e-001
 -6.3333333e-001  2.3333333e-001
 -6.1666667e-001 -9.5000000e-001
 -6.0000000e-001 -1.0000000e-001
 -5.8333333e-001  7.5000000e-001
 -5.6666667e-001 -4.3333333e-001
 -5.5000000e-001  4.1666667e-001
 -5.3333333e-001 -7.6666667e-001
 -5.1666667e-001  8.3333333e-002
 -5.0000000e-001  9.3333333e-001
 -4.8333333e-001 -2.5000000e-001
 -4.6666667e-001  6.0000000e-001
 -4.5000000e-001 -5.8333333e-001
 -4.3333333e-001  2.6666667e-001
 -4.1666667e-001 -9.1666667e-001
 -4.0000000e-001 -6.6666667e-002
 -3.8333333e-001  7.8333333e-001
 -3.6666667e-001 -4.0000000e-001
 -3.5000000e-001  4.5000000e-001
 -3.3333333e-001 -7.3333333e-001
 -3.1666667e-001  1.1666667e-001
 -3.0000000e-001  9.6666667e-001
 -2.8333333e-001 -2.1666667e-001
 -2.6666667e-001  6.3333333e-001
 -2.5000000e-001 -5.5000000e-001
 -2.3333333e-001  3.0000000e-001
 -2.1666667e-001 -8.8333333e-001
 -2.0000000e-001 -3.3333333e-002
 -1.8333333e-001  8.1666667e-001
 -1.6666667e-001 -3.6666667e-001
 -1.5000000e-001  4.8333333e-001
 -1.3333333e-001 -7.0000000e-001
 -1.1666667e-001  1.5000000e-001
 -1.0000000e-001  1.0000000e+000
 -8.3333333e-002 -1.8333333e-001
 -6.6666667e-002  6.6666667e-001
 -5.0000000e-002 -5.1666667e-001
 -3.3333333e-002  3.3333333e-001
 -1.6666667e-002 -8.5000000e-001
  0.0000000e+000  0.0000000e+000
  1.6666667e-002  8.5000000e-001
  3.3333333e-002 -3.3333333e-001
  5.0000000e-002  5.1666667e-001
  6.6666667e-002 -6.6666667e-001
  8.3333333e-002  1.8333333e-001
  1.0000000e-001 -1.0000000e+000
  1.1666667e-001 -1.5000000e-001
  1.3333333e-001  7.0000000e-001
  1.5000000e-001 -4.8333333e-001
  1.6666667e-001  3.6666667e-001
  1.8333333e-001 -8.1666667e-001
  2.0000000e-001  3.3333333e-002
  2.1666667e-001  8.8333333e-001
  2.3333333e-001 -3.0000000e-001
  2.5000000e-001  5.5000000e-001
  2.6666667e-001 -6.3333333e-001
  2.8333333e-001  2.1666667e-001
  3.0000000e-001 -9.6666667e-001
  3.1666667e-001 -1.1666667e-001
  3.3333333e-001  7.3333333e-001
  3.5000000e-001 -4.5000000e-001
  3.6666667e-001  4.0000000e-001
  3.8333333e-001 -7.8333333e-001
  4.0000000e-001  6.6666667e-002
  4.1666667e-001  9.1666667e-001
  4.3333333e-001 -2.6666667e-001
  4.5000000e-001  5.8333333e-001
  4.6666667e-001 -6.0000000e-001
  4.8333333e-001  2.5000000e-001
  5.0000000e-001 -9.3333333e-001
  5.1666667e-001 -8.3333333e-002
  5.3333333e-001  7.6666667e-001
  5.5000000e-001 -4.1666667e-001
  5.6666667e-001  4.3333333e-001
  5.8333333e-001 -7.5000000e-001
  6.0000000e-001  1.0000000e-001
  6.1666667e-001  9.5000000e-001
  6.3333333e-001 -2.3333333e-001
  6.5000000e-001  6.1666667e-001
  6.6666667e-001 -5.6666667e-001
  6.8333333e-001  2.8333333e-001
  7.0000000e-001 -9.0000000e-001
  7.1666667e-001 -5.0000000e-002
  7.3333333e-001  8.0000000e-001
  7.5000000e-001 -3.8333333e-001
  7.6666667e-001  4.6666667e-001
  7.8333333e-001 -7.1666667e-001
  8.0000000e-001  1.3333333e-001
  8.1666667e-001  9.8333333e-001
  8.3333333e-001 -2.0000000e-001
  8.5000000e-001  6.5000000e-001
  8.6666667e-001 -5.3333333e-001
  8.8333333e-001  3.1666667e-001
  9.0000000e-001 -8.6666667e-001
  9.1666667e-001 -1.6666667e-002
  9.3333333e-001  8.3333333e-001
  9.5000000e-001 -3.5000000e-001
  9.6666667e-001  5.0000000e-001
  9.8333333e-001 -6.8333333e-001
  1.0000000e+000  1.6666667e-001
