 -1.0000000e+000 -1.8032787e-001
 -9.8360656e-001  6.5573770e-001
 -9.6721311e-001 -5.0819672e-001
 -9.5081967e-001  3.2786885e-001
 -9.3442623e-001 -8.3606557e-001
 -9.1803279e-001  0.0000000e+000
 -9.0163934e-001  8.3606557e-001
 -8.8524590e-001 -3.2786885e-001
 -8.6885246e-001  5.0819672e-001
 -8.5245902e-001 -6.5573770e-001
 -8.3606557e-001  1.8032787e-001
 -8.1967213e-001 -9.8360656e-001
 -8.0327869e-001 -1.4754098e-001
 -7.8688525e-001  6.8852459e-001
 -7.7049180e-001 -4.7540984e-001
 -7.5409836e-001  3.6065574e-001
 -7.3770492e-001 -8.0327869e-001
 -7.2131148e-001  3.2786885e-002
 -7.0491803e-001  8.6885246e-001
 -6.8852459e-001 -2.9508197e-001
 -6.7213115e-001  5.4098361e-001
 -6.5573770e-001 -6.2295082e-001
 -6.3934426e-001  2.1311475e-001
 -6.2295082e-001 -9.5081967e-001
 -6.0655738e-001 -1.1475410e-001
 -5.9016393e-001  7.2131148e-001
 -5.7377049e-001 -4.4262295e-001
 -5.5737705e-001  3.9344262e-001
 -5.4098361e-001 -7.7049180e-001
 -5.2459016e-001  6.5573770e-002
 -5.0819672e-001  9.0163934e-001
 -4.9180328e-001 -2.6229508e-001
 -4.7540984e-001  5.7377049e-001
 -4.5901639e-001 -5.9016393e-001
 -4.4262295e-001  2.4590164e-001
 -4.2622951e-001 -9.1803279e-001
 -4.0983607e-001 -8.1967213e-002
 -3.9344262e-001  7.5409836e-001
 -3.7704918e-001 -4.0983607e-001
 -3.6065574e-001  4.2622951e-001
 -3.4426230e-001 -7.3770492e-001
 -3.2786885e-001  9.8360656e-002
 -3.1147541e-001  9.3442623e-001
 -2.9508197e-001 -2.2950820e-001
 -2.7868852e-001  6.0655738e-001
 -2.6229508e-001 -5.5737705e-001
 -2.4590164e-001  2.7868852e-001
 -2.2950820e-001 -8.8524590e-001
 -2.1311475e-001 -4.9180328e-002
 -1.9672131e-001  7.8688525e-001
 -1.8032787e-001 -3.7704918e-001
 -1.6393443e-001  4.5901639e-001
 -1.4754098e-001 -7.0491803e-001
 -1.3114754e-001  1.3114754e-001
 -1.1475410e-001  9.6721311e-001
 -9.8360656e-002 -1.9672131e-001
 -8.1967213e-002  6.3934426e-001
 -6.5573770e-002 -5.2459016e-001
 -4.9180328e-002  3.1147541e-001
 -3.2786885e-002 -8.5245902e-001
 -1.6393443e-002 -1.6393443e-002
  0.0000000e+000  8.1967213e-001
  1.6393443e-002 -3.4426230e-001
  3.2786885e-002  4.9180328e-001
  4.9180328e-002 -6.7213115e-001
  6.5573770e-002  1.6393443e-001
  8.1967213e-002  1.0000000e+000
  9.8360656e-002 -1.0000000e+000
  1.1475410e-001 -1.6393443e-001
  1.3114754e-001  6.7213115e-001
  1.4754098e-001 -4.9180328e-001
  1.6393443e-001  3.4426230e-001
  1.8032787e-001 -8.1967213e-001
  1.9672131e-001  1.6393443e-002
  2.1311475e-001  8.5245902e-001
  2.2950820e-001 -3.1147541e-001
  2.4590164e-001  5.2459016e-001
  2.6229508e-001 -6.3934426e-001
  2.7868852e-001  1.9672131e-001
  2.9508197e-001 -9.6721311e-001
  3.1147541e-001 -1.3114754e-001
  3.2786885e-001  7.0491803e-001
  3.4426230e-001 -4.5901639e-001
  3.6065574e-001  3.7704918e-001
  3.7704918e-001 -7.8688525e-001
  3.9344262e-001  4.9180328e-002
  4.0983607e-001  8.8524590e-001
  4.2622951e-001 -2.7868852e-001
  4.4262295e-001  5.5737705e-001
  4.5901639e-001 -6.0655738e-001
  4.7540984e-001  2.2950820e-001
  4.9180328e-001 -9.3442623e-001
  5.0819672e-001 -9.8360656e-002
  5.2459016e-001  7.3770492e-001
  5.4098361e-001 -4.2622951e-001
  5.5737705e-001  4.0983607e-001
  5.7377049e-001 -7.5409836e-001
  5.9016393e-001  8.1967213e-002
  6.0655738e-001  9.1803279e-001
  6.2295082e-001 -2.4590164e-001
  6.3934426e-001  5.9016393e-001
  6.5573770e-001 -5.7377049e-001
  6.7213115e-001  2.6229508e-001
  6.8852459e-001 -9.0163934e-001
  7.0491803e-001 -6.5573770e-002
  7.2131148e-001  7.7049180e-001
  7.3770492e-001 -3.9344262e-001
  7.5409836e-001  4.4262295e-001
  7.7049180e-001 -7.2131148e-001
  7.8688525e-001  1.1475410e-001
  8.0327869e-001  9.5081967e-001
  8.1967213e-001 -2.1311475e-001
  8.3606557e-001  6.2295082e-001
  8.5245902e-001 -5.4098361e-001
  8.6885246e-001  2.9508197e-001
  8.8524590e-001 -8.6885246e-001
  9.0163934e-001 -3.2786885e-002
  9.1803279e-001  8.0327869e-001
  9.3442623e-001 -3.6065574e-001
  9.5081967e-001  4.7540984e-001
  9.6721311e-001 -6.8852459e-001
  9.8360656e-001  1.4754098e-001
  1.0000000e+000  9.8360656e-001
