 -1.0000000e+000 -5.8333333e-001
 -9.8809524e-001 -1.5476190e-001
 -9.7619048e-001  2.7380952e-001
 -9.6428571e-001  7.0238095e-001
 -9.5238095e-001 -8.5714286e-001
 -9.4047619e-001 -4.2857143e-001
 -9.2857143e-001  0.0000000e+000
 -9.1666667e-001  4.2857143e-001
 -9.0476190e-001  8.5714286e-001
 -8.9285714e-001 -7.0238095e-001
 -8.8095238e-001 -2.7380952e-001
 -8.6904762e-001  1.5476190e-001
 -8.5714286e-001  5.8333333e-001
 -8.4523810e-001 -9.7619048e-001
 -8.3333333e-001 -5.4761905e-001
 -8.2142857e-001 -1.1904762e-001
 -8.0952381e-001  3.0952381e-001
 -7.9761905e-001  7.3809524e-001
 -7.8571429e-001 -8.2142857e-001
 -7.7380952e-001 -3.9285714e-001
 -7.6190476e-001  3.5714286e-002
 -7.5000000e-001  4.6428571e-001
 -7.3809524e-001  8.9285714e-001
 -7.2619048e-001 -6.6666667e-001
 -7.1428571e-001 -2.3809524e-001
 -7.0238095e-001  1.9047619e-001
 -6.9047619e-001  6.1904762e-001
 -6.7857143e-001 -9.4047619e-001
 -6.6666667e-001 -5.1190476e-001
 -6.5476190e-001 -8.3333333e-002
 -6.4285714e-001  3.4523810e-001
 -6.3095238e-001  7.7380952e-001
 -6.1904762e-001 -7.8571429e-001
 -6.0714286e-001 -3.5714286e-001
 -5.9523810e-001  7.1428571e-002
 -5.8333333e-001  5.0000000e-001
 -5.7142857e-001  9.2857143e-001
 -5.5952381e-001 -6.3095238e-001
 -5.4761905e-001 -2.0238095e-001
 -5.3571429e-001  2.2619048e-001
 -5.2380952e-001  6.5476190e-001
 -5.1190476e-001 -9.0476190e-001
 -5.0000000e-001 -4.7619048e-001
 -4.8809524e-001 -4.7619048e-002
 -4.7619048e-001  3.8095238e-001
 -4.6428571e-001  8.0952381e-001
 -4.5238095e-001 -7.5000000e-001
 -4.4047619e-001 -3.2142857e-001
 -4.2857143e-001  1.0714286e-001
 -4.1666667e-001  5.3571429e-001
 -4.0476190e-001  9.6428571e-001
 -3.9285714e-001 -5.9523810e-001
 -3.8095238e-001 -1.6666667e-001
 -3.6904762e-001  2.6190476e-001
 -3.5714286e-001  6.9047619e-001
 -3.4523810e-001 -8.6904762e-001
 -3.3333333e-001 -4.4047619e-001
 -3.2142857e-001 -1.1904762e-002
 -3.0952381e-001  4.1666667e-001
 -2.9761905e-001  8.4523810e-001
 -2.8571429e-001 -7.1428571e-001
 -2.7380952e-001 -2.8571429e-001
 -2.6190476e-001  1.4285714e-001
 -2.5000000e-001  5.7142857e-001
 -2.3809524e-001  1.0000000e+000
 -2.2619048e-001 -9.8809524e-001
 -2.1428571e-001 -5.5952381e-001
 -2.0238095e-001 -1.3095238e-001
 -1.9047619e-001  2.9761905e-001
 -1.7857143e-001  7.2619048e-001
 -1.6666667e-001 -8.3333333e-001
 -1.5476190e-001 -4.0476190e-001
 -1.4285714e-001  2.3809524e-002
 -1.3095238e-001  4.5238095e-001
 -1.1904762e-001  8.8095238e-001
 -1.0714286e-001 -6.7857143e-001
 -9.5238095e-002 -2.5000000e-001
 -8.3333333e-002  1.7857143e-001
 -7.1428571e-002  6.0714286e-001
 -5.9523810e-002 -9.5238095e-001
 -4.7619048e-002 -5.2380952e-001
 -3.5714286e-002 -9.5238095e-002
 -2.3809524e-002  3.3333333e-001
 -1.1904762e-002  7.6190476e-001
  0.0000000e+000 -7.9761905e-001
  1.1904762e-002 -3.6904762e-001
  2.3809524e-002  5.9523810e-002
  3.5714286e-002  4.8809524e-001
  4.7619048e-002  9.1666667e-001
  5.9523810e-002 -6.4285714e-001
  7.1428571e-002 -2.1428571e-001
  8.3333333e-002  2.1428571e-001
  9.5238095e-002  6.4285714e-001
  1.0714286e-001 -9.1666667e-001
  1.1904762e-001 -4.8809524e-001
  1.3095238e-001 -5.9523810e-002
  1.4285714e-001  3.6904762e-001
  1.5476190e-001  7.9761905e-001
  1.6666667e-001 -7.6190476e-001
  1.7857143e-001 -3.3333333e-001
  1.9047619e-001  9.5238095e-002
  2.0238095e-001  5.2380952e-001
  2.1428571e-001  9.5238095e-001
  2.2619048e-001 -6.0714286e-001
  2.3809524e-001 -1.7857143e-001
  2.5000000e-001  2.5000000e-001
  2.6190476e-001  6.7857143e-001
  2.7380952e-001 -8.8095238e-001
  2.8571429e-001 -4.5238095e-001
  2.9761905e-001 -2.3809524e-002
  3.0952381e-001  4.0476190e-001
  3.2142857e-001  8.3333333e-001
  3.3333333e-001 -7.2619048e-001
  3.4523810e-001 -2.9761905e-001
  3.5714286e-001  1.3095238e-001
  3.6904762e-001  5.5952381e-001
  3.8095238e-001  9.8809524e-001
  3.9285714e-001 -1.0000000e+000
  4.0476190e-001 -5.7142857e-001
  4.1666667e-001 -1.4285714e-001
  4.2857143e-001  2.8571429e-001
  4.4047619e-001  7.1428571e-001
  4.5238095e-001 -8.4523810e-001
  4.6428571e-001 -4.1666667e-001
  4.7619048e-001  1.1904762e-002
  4.8809524e-001  4.4047619e-001
  5.0000000e-001  8.6904762e-001
  5.1190476e-001 -6.9047619e-001
  5.2380952e-001 -2.6190476e-001
  5.3571429e-001  1.6666667e-001
  5.4761905e-001  5.9523810e-001
  5.5952381e-001 -9.6428571e-001
  5.7142857e-001 -5.3571429e-001
  5.8333333e-001 -1.0714286e-001
  5.9523810e-001  3.2142857e-001
  6.0714286e-001  7.5000000e-001
  6.1904762e-001 -8.0952381e-001
  6.3095238e-001 -3.8095238e-001
  6.4285714e-001  4.7619048e-002
  6.5476190e-001  4.7619048e-001
  6.6666667e-001  9.0476190e-001
  6.7857143e-001 -6.5476190e-001
  6.9047619e-001 -2.2619048e-001
  7.0238095e-001  2.0238095e-001
  7.1428571e-001  6.3095238e-001
  7.2619048e-001 -9.2857143e-001
  7.3809524e-001 -5.0000000e-001
  7.5000000e-001 -7.1428571e-002
  7.6190476e-001  3.5714286e-001
  7.7380952e-001  7.8571429e-001
  7.8571429e-001 -7.7380952e-001
  7.9761905e-001 -3.4523810e-001
  8.0952381e-001  8.3333333e-002
  8.2142857e-001  5.1190476e-001
  8.3333333e-001  9.4047619e-001
  8.4523810e-001 -6.1904762e-001
  8.5714286e-001 -1.9047619e-001
  8.6904762e-001  2.3809524e-001
  8.8095238e-001  6.6666667e-001
  8.9285714e-001 -8.9285714e-001
  9.0476190e-001 -4.6428571e-001
  9.1666667e-001 -3.5714286e-002
  9.2857143e-001  3.9285714e-001
  9.4047619e-001  8.2142857e-001
  9.5238095e-001 -7.3809524e-001
  9.6428571e-001 -3.0952381e-001
  9.7619048e-001  1.1904762e-001
  9.8809524e-001  5.4761905e-001
  1.0000000e+000  9.7619048e-001
