 -1.0000000e+000 -5.7777778e-001
 -9.8888889e-001 -1.4444444e-001
 -9.7777778e-001  2.8888889e-001
 -9.6666667e-001  7.2222222e-001
 -9.5555556e-001 -8.5555556e-001
 -9.4444444e-001 -4.2222222e-001
 -9.3333333e-001  1.1111111e-002
 -9.2222222e-001  4.4444444e-001
 -9.1111111e-001  8.7777778e-001
 -9.0000000e-001 -7.0000000e-001
 -8.8888889e-001 -2.6666667e-001
 -8.7777778e-001  1.6666667e-001
 -8.6666667e-001  6.0000000e-001
 -8.5555556e-001 -9.7777778e-001
 -8.4444444e-001 -5.4444444e-001
 -8.3333333e-001 -1.1111111e-001
 -8.2222222e-001  3.2222222e-001
 -8.1111111e-001  7.5555556e-001
 -8.0000000e-001 -8.2222222e-001
 -7.8888889e-001 -3.8888889e-001
 -7.7777778e-001  4.4444444e-002
 -7.6666667e-001  4.7777778e-001
 -7.5555556e-001  9.1111111e-001
 -7.4444444e-001 -6.6666667e-001
 -7.3333333e-001 -2.3333333e-001
 -7.2222222e-001  2.0000000e-001
 -7.1111111e-001  6.3333333e-001
 -7.0000000e-001 -9.4444444e-001
 -6.8888889e-001 -5.1111111e-001
 -6.7777778e-001 -7.7777778e-002
 -6.6666667e-001  3.5555556e-001
 -6.5555556e-001  7.8888889e-001
 -6.4444444e-001 -7.8888889e-001
 -6.3333333e-001 -3.5555556e-001
 -6.2222222e-001  7.7777778e-002
 -6.1111111e-001  5.1111111e-001
 -6.0000000e-001  9.4444444e-001
 -5.8888889e-001 -6.3333333e-001
 -5.7777778e-001 -2.0000000e-001
 -5.6666667e-001  2.3333333e-001
 -5.5555556e-001  6.6666667e-001
 -5.4444444e-001 -9.1111111e-001
 -5.3333333e-001 -4.7777778e-001
 -5.2222222e-001 -4.4444444e-002
 -5.1111111e-001  3.8888889e-001
 -5.0000000e-001  8.2222222e-001
 -4.8888889e-001 -7.5555556e-001
 -4.7777778e-001 -3.2222222e-001
 -4.6666667e-001  1.1111111e-001
 -4.5555556e-001  5.4444444e-001
 -4.4444444e-001  9.7777778e-001
 -4.3333333e-001 -6.0000000e-001
 -4.2222222e-001 -1.6666667e-001
 -4.1111111e-001  2.6666667e-001
 -4.0000000e-001  7.0000000e-001
 -3.8888889e-001 -8.7777778e-001
 -3.7777778e-001 -4.4444444e-001
 -3.6666667e-001 -1.1111111e-002
 -3.5555556e-001  4.2222222e-001
 -3.4444444e-001  8.5555556e-001
 -3.3333333e-001 -7.2222222e-001
 -3.2222222e-001 -2.8888889e-001
 -3.1111111e-001  1.4444444e-001
 -3.0000000e-001  5.7777778e-001
 -2.8888889e-001 -1.0000000e+000
 -2.7777778e-001 -5.6666667e-001
 -2.6666667e-001 -1.3333333e-001
 -2.5555556e-001  3.0000000e-001
 -2.4444444e-001  7.3333333e-001
 -2.3333333e-001 -8.4444444e-001
 -2.2222222e-001 -4.1111111e-001
 -2.1111111e-001  2.2222222e-002
 -2.0000000e-001  4.5555556e-001
 -1.8888889e-001  8.8888889e-001
 -1.7777778e-001 -6.8888889e-001
 -1.6666667e-001 -2.5555556e-001
 -1.5555556e-001  1.7777778e-001
 -1.4444444e-001  6.1111111e-001
 -1.3333333e-001 -9.6666667e-001
 -1.2222222e-001 -5.3333333e-001
 -1.1111111e-001 -1.0000000e-001
 -1.0000000e-001  3.3333333e-001
 -8.8888889e-002  7.6666667e-001
 -7.7777778e-002 -8.1111111e-001
 -6.6666667e-002 -3.7777778e-001
 -5.5555556e-002  5.5555556e-002
 -4.4444444e-002  4.8888889e-001
 -3.3333333e-002  9.2222222e-001
 -2.2222222e-002 -6.5555556e-001
 -1.1111111e-002 -2.2222222e-001
  0.0000000e+000  2.1111111e-001
  1.1111111e-002  6.4444444e-001
  2.2222222e-002 -9.3333333e-001
  3.3333333e-002 -5.0000000e-001
  4.4444444e-002 -6.6666667e-002
  5.5555556e-002  3.6666667e-001
  6.6666667e-002  8.0000000e-001
  7.7777778e-002 -7.7777778e-001
  8.8888889e-002 -3.4444444e-001
  1.0000000e-001  8.8888889e-002
  1.1111111e-001  5.2222222e-001
  1.2222222e-001  9.5555556e-001
  1.3333333e-001 -6.2222222e-001
  1.4444444e-001 -1.8888889e-001
  1.5555556e-001  2.4444444e-001
  1.6666667e-001  6.7777778e-001
  1.7777778e-001 -9.0000000e-001
  1.8888889e-001 -4.6666667e-001
  2.0000000e-001 -3.3333333e-002
  2.1111111e-001  4.0000000e-001
  2.2222222e-001  8.3333333e-001
  2.3333333e-001 -7.4444444e-001
  2.4444444e-001 -3.1111111e-001
  2.5555556e-001  1.2222222e-001
  2.6666667e-001  5.5555556e-001
  2.7777778e-001  9.8888889e-001
  2.8888889e-001 -5.8888889e-001
  3.0000000e-001 -1.5555556e-001
  3.1111111e-001  2.7777778e-001
  3.2222222e-001  7.1111111e-001
  3.3333333e-001 -8.6666667e-001
  3.4444444e-001 -4.3333333e-001
  3.5555556e-001  0.0000000e+000
  3.6666667e-001  4.3333333e-001
  3.7777778e-001  8.6666667e-001
  3.8888889e-001 -7.1111111e-001
  4.0000000e-001 -2.7777778e-001
  4.1111111e-001  1.5555556e-001
  4.2222222e-001  5.8888889e-001
  4.3333333e-001 -9.8888889e-001
  4.4444444e-001 -5.5555556e-001
  4.5555556e-001 -1.2222222e-001
  4.6666667e-001  3.1111111e-001
  4.7777778e-001  7.4444444e-001
  4.8888889e-001 -8.3333333e-001
  5.0000000e-001 -4.0000000e-001
  5.1111111e-001  3.3333333e-002
  5.2222222e-001  4.6666667e-001
  5.3333333e-001  9.0000000e-001
  5.4444444e-001 -6.7777778e-001
  5.5555556e-001 -2.4444444e-001
  5.6666667e-001  1.8888889e-001
  5.7777778e-001  6.2222222e-001
  5.8888889e-001 -9.5555556e-001
  6.0000000e-001 -5.2222222e-001
  6.1111111e-001 -8.8888889e-002
  6.2222222e-001  3.4444444e-001
  6.3333333e-001  7.7777778e-001
  6.4444444e-001 -8.0000000e-001
  6.5555556e-001 -3.6666667e-001
  6.6666667e-001  6.6666667e-002
  6.7777778e-001  5.0000000e-001
  6.8888889e-001  9.3333333e-001
  7.0000000e-001 -6.4444444e-001
  7.1111111e-001 -2.1111111e-001
  7.2222222e-001  2.2222222e-001
  7.3333333e-001  6.5555556e-001
  7.4444444e-001 -9.2222222e-001
  7.5555556e-001 -4.8888889e-001
  7.6666667e-001 -5.5555556e-002
  7.7777778e-001  3.7777778e-001
  7.8888889e-001  8.1111111e-001
  8.0000000e-001 -7.6666667e-001
  8.1111111e-001 -3.3333333e-001
  8.2222222e-001  1.0000000e-001
  8.3333333e-001  5.3333333e-001
  8.4444444e-001  9.6666667e-001
  8.5555556e-001 -6.1111111e-001
  8.6666667e-001 -1.7777778e-001
  8.7777778e-001  2.5555556e-001
  8.8888889e-001  6.8888889e-001
  9.0000000e-001 -8.8888889e-001
  9.1111111e-001 -4.5555556e-001
  9.2222222e-001 -2.2222222e-002
  9.3333333e-001  4.1111111e-001
  9.4444444e-001  8.4444444e-001
  9.5555556e-001 -7.3333333e-001
  9.6666667e-001 -3.0000000e-001
  9.7777778e-001  1.3333333e-001
  9.8888889e-001  5.6666667e-001
  1.0000000e+000  1.0000000e+000
