 -1.0000000e+000 -1.2000000e-001
 -9.7333333e-001  7.8666667e-001
 -9.4666667e-001 -3.6000000e-001
 -9.2000000e-001  5.4666667e-001
 -8.9333333e-001 -6.0000000e-001
 -8.6666667e-001  3.0666667e-001
 -8.4000000e-001 -8.4000000e-001
 -8.1333333e-001  6.6666667e-002
 -7.8666667e-001  9.7333333e-001
 -7.6000000e-001 -1.7333333e-001
 -7.3333333e-001  7.3333333e-001
 -7.0666667e-001 -4.1333333e-001
 -6.8000000e-001  4.9333333e-001
 -6.5333333e-001 -6.5333333e-001
 -6.2666667e-001  2.5333333e-001
 -6.0000000e-001 -8.9333333e-001
 -5.7333333e-001  1.3333333e-002
 -5.4666667e-001  9.2000000e-001
 -5.2000000e-001 -2.2666667e-001
 -4.9333333e-001  6.8000000e-001
 -4.6666667e-001 -4.6666667e-001
 -4.4000000e-001  4.4000000e-001
 -4.1333333e-001 -7.0666667e-001
 -3.8666667e-001  2.0000000e-001
 -3.6000000e-001 -9.4666667e-001
 -3.3333333e-001 -4.0000000e-002
 -3.0666667e-001  8.6666667e-001
 -2.8000000e-001 -2.8000000e-001
 -2.5333333e-001  6.2666667e-001
 -2.2666667e-001 -5.2000000e-001
 -2.0000000e-001  3.8666667e-001
 -1.7333333e-001 -7.6000000e-001
 -1.4666667e-001  1.4666667e-001
 -1.2000000e-001 -1.0000000e+000
 -9.3333333e-002 -9.3333333e-002
 -6.6666667e-002  8.1333333e-001
 -4.0000000e-002 -3.3333333e-001
 -1.3333333e-002  5.7333333e-001
  1.3333333e-002 -5.7333333e-001
  4.0000000e-002  3.3333333e-001
  6.6666667e-002 -8.1333333e-001
  9.3333333e-002  9.3333333e-002
  1.2000000e-001  1.0000000e+000
  1.4666667e-001 -1.4666667e-001
  1.7333333e-001  7.6000000e-001
  2.0000000e-001 -3.8666667e-001
  2.2666667e-001  5.2000000e-001
  2.5333333e-001 -6.2666667e-001
  2.8000000e-001  2.8000000e-001
  3.0666667e-001 -8.6666667e-001
  3.3333333e-001  4.0000000e-002
  3.6000000e-001  9.4666667e-001
  3.8666667e-001 -2.0000000e-001
  4.1333333e-001  7.0666667e-001
  4.4000000e-001 -4.4000000e-001
  4.6666667e-001  4.6666667e-001
  4.9333333e-001 -6.8000000e-001
  5.2000000e-001  2.2666667e-001
  5.4666667e-001 -9.2000000e-001
  5.7333333e-001 -1.3333333e-002
  6.0000000e-001  8.9333333e-001
  6.2666667e-001 -2.5333333e-001
  6.5333333e-001  6.5333333e-001
  6.8000000e-001 -4.9333333e-001
  7.0666667e-001  4.1333333e-001
  7.3333333e-001 -7.3333333e-001
  7.6000000e-001  1.7333333e-001
  7.8666667e-001 -9.7333333e-001
  8.1333333e-001 -6.6666667e-002
  8.4000000e-001  8.4000000e-001
  8.6666667e-001 -3.0666667e-001
  8.9333333e-001  6.0000000e-001
  9.2000000e-001 -5.4666667e-001
  9.4666667e-001  3.6000000e-001
  9.7333333e-001 -7.8666667e-001
  1.0000000e+000  1.2000000e-001
