 -1.0000000e+000 -3.9644970e-001
 -9.8816568e-001  2.1893491e-001
 -9.7633136e-001  8.3431953e-001
 -9.6449704e-001 -5.6213018e-001
 -9.5266272e-001  5.3254438e-002
 -9.4082840e-001  6.6863905e-001
 -9.2899408e-001 -7.2781065e-001
 -9.1715976e-001 -1.1242604e-001
 -9.0532544e-001  5.0295858e-001
 -8.9349112e-001 -8.9349112e-001
 -8.8165680e-001 -2.7810651e-001
 -8.6982249e-001  3.3727811e-001
 -8.5798817e-001  9.5266272e-001
 -8.4615385e-001 -4.4378698e-001
 -8.3431953e-001  1.7159763e-001
 -8.2248521e-001  7.8698225e-001
 -8.1065089e-001 -6.0946746e-001
 -7.9881657e-001  5.9171598e-003
 -7.8698225e-001  6.2130178e-001
 -7.7514793e-001 -7.7514793e-001
 -7.6331361e-001 -1.5976331e-001
 -7.5147929e-001  4.5562130e-001
 -7.3964497e-001 -9.4082840e-001
 -7.2781065e-001 -3.2544379e-001
 -7.1597633e-001  2.8994083e-001
 -7.0414201e-001  9.0532544e-001
 -6.9230769e-001 -4.9112426e-001
 -6.8047337e-001  1.2426036e-001
 -6.6863905e-001  7.3964497e-001
 -6.5680473e-001 -6.5680473e-001
 -6.4497041e-001 -4.1420118e-002
 -6.3313609e-001  5.7396450e-001
 -6.2130178e-001 -8.2248521e-001
 -6.0946746e-001 -2.0710059e-001
 -5.9763314e-001  4.0828402e-001
 -5.8579882e-001 -9.8816568e-001
 -5.7396450e-001 -3.7278107e-001
 -5.6213018e-001  2.4260355e-001
 -5.5029586e-001  8.5798817e-001
 -5.3846154e-001 -5.3846154e-001
 -5.2662722e-001  7.6923077e-002
 -5.1479290e-001  6.9230769e-001
 -5.0295858e-001 -7.0414201e-001
 -4.9112426e-001 -8.8757396e-002
 -4.7928994e-001  5.2662722e-001
 -4.6745562e-001 -8.6982249e-001
 -4.5562130e-001 -2.5443787e-001
 -4.4378698e-001  3.6094675e-001
 -4.3195266e-001  9.7633136e-001
 -4.2011834e-001 -4.2011834e-001
 -4.0828402e-001  1.9526627e-001
 -3.9644970e-001  8.1065089e-001
 -3.8461538e-001 -5.8579882e-001
 -3.7278107e-001  2.9585799e-002
 -3.6094675e-001  6.4497041e-001
 -3.4911243e-001 -7.5147929e-001
 -3.3727811e-001 -1.3609467e-001
 -3.2544379e-001  4.7928994e-001
 -3.1360947e-001 -9.1715976e-001
 -3.0177515e-001 -3.0177515e-001
 -2.8994083e-001  3.1360947e-001
 -2.7810651e-001  9.2899408e-001
 -2.6627219e-001 -4.6745562e-001
 -2.5443787e-001  1.4792899e-001
 -2.4260355e-001  7.6331361e-001
 -2.3076923e-001 -6.3313609e-001
 -2.1893491e-001 -1.7751479e-002
 -2.0710059e-001  5.9763314e-001
 -1.9526627e-001 -7.9881657e-001
 -1.8343195e-001 -1.8343195e-001
 -1.7159763e-001  4.3195266e-001
 -1.5976331e-001 -9.6449704e-001
 -1.4792899e-001 -3.4911243e-001
 -1.3609467e-001  2.6627219e-001
 -1.2426036e-001  8.8165680e-001
 -1.1242604e-001 -5.1479290e-001
 -1.0059172e-001  1.0059172e-001
 -8.8757396e-002  7.1597633e-001
 -7.6923077e-002 -6.8047337e-001
 -6.5088757e-002 -6.5088757e-002
 -5.3254438e-002  5.5029586e-001
 -4.1420118e-002 -8.4615385e-001
 -2.9585799e-002 -2.3076923e-001
 -1.7751479e-002  3.8461538e-001
 -5.9171598e-003  1.0000000e+000
  5.9171598e-003 -1.0000000e+000
  1.7751479e-002 -3.8461538e-001
  2.9585799e-002  2.3076923e-001
  4.1420118e-002  8.4615385e-001
  5.3254438e-002 -5.5029586e-001
  6.5088757e-002  6.5088757e-002
  7.6923077e-002  6.8047337e-001
  8.8757396e-002 -7.1597633e-001
  1.0059172e-001 -1.0059172e-001
  1.1242604e-001  5.1479290e-001
  1.2426036e-001 -8.8165680e-001
  1.3609467e-001 -2.6627219e-001
  1.4792899e-001  3.4911243e-001
  1.5976331e-001  9.6449704e-001
  1.7159763e-001 -4.3195266e-001
  1.8343195e-001  1.8343195e-001
  1.9526627e-001  7.9881657e-001
  2.0710059e-001 -5.9763314e-001
  2.1893491e-001  1.7751479e-002
  2.3076923e-001  6.3313609e-001
  2.4260355e-001 -7.6331361e-001
  2.5443787e-001 -1.4792899e-001
  2.6627219e-001  4.6745562e-001
  2.7810651e-001 -9.2899408e-001
  2.8994083e-001 -3.1360947e-001
  3.0177515e-001  3.0177515e-001
  3.1360947e-001  9.1715976e-001
  3.2544379e-001 -4.7928994e-001
  3.3727811e-001  1.3609467e-001
  3.4911243e-001  7.5147929e-001
  3.6094675e-001 -6.4497041e-001
  3.7278107e-001 -2.9585799e-002
  3.8461538e-001  5.8579882e-001
  3.9644970e-001 -8.1065089e-001
  4.0828402e-001 -1.9526627e-001
  4.2011834e-001  4.2011834e-001
  4.3195266e-001 -9.7633136e-001
  4.4378698e-001 -3.6094675e-001
  4.5562130e-001  2.5443787e-001
  4.6745562e-001  8.6982249e-001
  4.7928994e-001 -5.2662722e-001
  4.9112426e-001  8.8757396e-002
  5.0295858e-001  7.0414201e-001
  5.1479290e-001 -6.9230769e-001
  5.2662722e-001 -7.6923077e-002
  5.3846154e-001  5.3846154e-001
  5.5029586e-001 -8.5798817e-001
  5.6213018e-001 -2.4260355e-001
  5.7396450e-001  3.7278107e-001
  5.8579882e-001  9.8816568e-001
  5.9763314e-001 -4.0828402e-001
  6.0946746e-001  2.0710059e-001
  6.2130178e-001  8.2248521e-001
  6.3313609e-001 -5.7396450e-001
  6.4497041e-001  4.1420118e-002
  6.5680473e-001  6.5680473e-001
  6.6863905e-001 -7.3964497e-001
  6.8047337e-001 -1.2426036e-001
  6.9230769e-001  4.9112426e-001
  7.0414201e-001 -9.0532544e-001
  7.1597633e-001 -2.8994083e-001
  7.2781065e-001  3.2544379e-001
  7.3964497e-001  9.4082840e-001
  7.5147929e-001 -4.5562130e-001
  7.6331361e-001  1.5976331e-001
  7.7514793e-001  7.7514793e-001
  7.8698225e-001 -6.2130178e-001
  7.9881657e-001 -5.9171598e-003
  8.1065089e-001  6.0946746e-001
  8.2248521e-001 -7.8698225e-001
  8.3431953e-001 -1.7159763e-001
  8.4615385e-001  4.4378698e-001
  8.5798817e-001 -9.5266272e-001
  8.6982249e-001 -3.3727811e-001
  8.8165680e-001  2.7810651e-001
  8.9349112e-001  8.9349112e-001
  9.0532544e-001 -5.0295858e-001
  9.1715976e-001  1.1242604e-001
  9.2899408e-001  7.2781065e-001
  9.4082840e-001 -6.6863905e-001
  9.5266272e-001 -5.3254438e-002
  9.6449704e-001  5.6213018e-001
  9.7633136e-001 -8.3431953e-001
  9.8816568e-001 -2.1893491e-001
  1.0000000e+000  3.9644970e-001
