 -1.0000000e+000 -8.0952381e-001
 -9.8095238e-001 -6.0000000e-001
 -9.6190476e-001 -3.9047619e-001
 -9.4285714e-001 -1.8095238e-001
 -9.2380952e-001  2.8571429e-002
 -9.0476190e-001  2.3809524e-001
 -8.8571429e-001  4.4761905e-001
 -8.6666667e-001  6.5714286e-001
 -8.4761905e-001  8.6666667e-001
 -8.2857143e-001 -9.2380952e-001
 -8.0952381e-001 -7.1428571e-001
 -7.9047619e-001 -5.0476190e-001
 -7.7142857e-001 -2.9523810e-001
 -7.5238095e-001 -8.5714286e-002
 -7.3333333e-001  1.2380952e-001
 -7.1428571e-001  3.3333333e-001
 -6.9523810e-001  5.4285714e-001
 -6.7619048e-001  7.5238095e-001
 -6.5714286e-001  9.6190476e-001
 -6.3809524e-001 -8.2857143e-001
 -6.1904762e-001 -6.1904762e-001
 -6.0000000e-001 -4.0952381e-001
 -5.8095238e-001 -2.0000000e-001
 -5.6190476e-001  9.5238095e-003
 -5.4285714e-001  2.1904762e-001
 -5.2380952e-001  4.2857143e-001
 -5.0476190e-001  6.3809524e-001
 -4.8571429e-001  8.4761905e-001
 -4.6666667e-001 -9.4285714e-001
 -4.4761905e-001 -7.3333333e-001
 -4.2857143e-001 -5.2380952e-001
 -4.0952381e-001 -3.1428571e-001
 -3.9047619e-001 -1.0476190e-001
 -3.7142857e-001  1.0476190e-001
 -3.5238095e-001  3.1428571e-001
 -3.3333333e-001  5.2380952e-001
 -3.1428571e-001  7.3333333e-001
 -2.9523810e-001  9.4285714e-001
 -2.7619048e-001 -8.4761905e-001
 -2.5714286e-001 -6.3809524e-001
 -2.3809524e-001 -4.2857143e-001
 -2.1904762e-001 -2.1904762e-001
 -2.0000000e-001 -9.5238095e-003
 -1.8095238e-001  2.0000000e-001
 -1.6190476e-001  4.0952381e-001
 -1.4285714e-001  6.1904762e-001
 -1.2380952e-001  8.2857143e-001
 -1.0476190e-001 -9.6190476e-001
 -8.5714286e-002 -7.5238095e-001
 -6.6666667e-002 -5.4285714e-001
 -4.7619048e-002 -3.3333333e-001
 -2.8571429e-002 -1.2380952e-001
 -9.5238095e-003  8.5714286e-002
  9.5238095e-003  2.9523810e-001
  2.8571429e-002  5.0476190e-001
  4.7619048e-002  7.1428571e-001
  6.6666667e-002  9.2380952e-001
  8.5714286e-002 -8.6666667e-001
  1.0476190e-001 -6.5714286e-001
  1.2380952e-001 -4.4761905e-001
  1.4285714e-001 -2.3809524e-001
  1.6190476e-001 -2.8571429e-002
  1.8095238e-001  1.8095238e-001
  2.0000000e-001  3.9047619e-001
  2.1904762e-001  6.0000000e-001
  2.3809524e-001  8.0952381e-001
  2.5714286e-001 -9.8095238e-001
  2.7619048e-001 -7.7142857e-001
  2.9523810e-001 -5.6190476e-001
  3.1428571e-001 -3.5238095e-001
  3.3333333e-001 -1.4285714e-001
  3.5238095e-001  6.6666667e-002
  3.7142857e-001  2.7619048e-001
  3.9047619e-001  4.8571429e-001
  4.0952381e-001  6.9523810e-001
  4.2857143e-001  9.0476190e-001
  4.4761905e-001 -8.8571429e-001
  4.6666667e-001 -6.7619048e-001
  4.8571429e-001 -4.6666667e-001
  5.0476190e-001 -2.5714286e-001
  5.2380952e-001 -4.7619048e-002
  5.4285714e-001  1.6190476e-001
  5.6190476e-001  3.7142857e-001
  5.8095238e-001  5.8095238e-001
  6.0000000e-001  7.9047619e-001
  6.1904762e-001  1.0000000e+000
  6.3809524e-001 -1.0000000e+000
  6.5714286e-001 -7.9047619e-001
  6.7619048e-001 -5.8095238e-001
  6.9523810e-001 -3.7142857e-001
  7.1428571e-001 -1.6190476e-001
  7.3333333e-001  4.7619048e-002
  7.5238095e-001  2.5714286e-001
  7.7142857e-001  4.6666667e-001
  7.9047619e-001  6.7619048e-001
  8.0952381e-001  8.8571429e-001
  8.2857143e-001 -9.0476190e-001
  8.4761905e-001 -6.9523810e-001
  8.6666667e-001 -4.8571429e-001
  8.8571429e-001 -2.7619048e-001
  9.0476190e-001 -6.6666667e-002
  9.2380952e-001  1.4285714e-001
  9.4285714e-001  3.5238095e-001
  9.6190476e-001  5.6190476e-001
  9.8095238e-001  7.7142857e-001
  1.0000000e+000  9.8095238e-001
