 -1.0000000e+000 -4.2168675e-001
 -9.7590361e-001  1.8072289e-001
 -9.5180723e-001  7.8313253e-001
 -9.2771084e-001 -6.3855422e-001
 -9.0361446e-001 -3.6144578e-002
 -8.7951807e-001  5.6626506e-001
 -8.5542169e-001 -8.5542169e-001
 -8.3132530e-001 -2.5301205e-001
 -8.0722892e-001  3.4939759e-001
 -7.8313253e-001  9.5180723e-001
 -7.5903614e-001 -4.6987952e-001
 -7.3493976e-001  1.3253012e-001
 -7.1084337e-001  7.3493976e-001
 -6.8674699e-001 -6.8674699e-001
 -6.6265060e-001 -8.4337349e-002
 -6.3855422e-001  5.1807229e-001
 -6.1445783e-001 -9.0361446e-001
 -5.9036145e-001 -3.0120482e-001
 -5.6626506e-001  3.0120482e-001
 -5.4216867e-001  9.0361446e-001
 -5.1807229e-001 -5.1807229e-001
 -4.9397590e-001  8.4337349e-002
 -4.6987952e-001  6.8674699e-001
 -4.4578313e-001 -7.3493976e-001
 -4.2168675e-001 -1.3253012e-001
 -3.9759036e-001  4.6987952e-001
 -3.7349398e-001 -9.5180723e-001
 -3.4939759e-001 -3.4939759e-001
 -3.2530120e-001  2.5301205e-001
 -3.0120482e-001  8.5542169e-001
 -2.7710843e-001 -5.6626506e-001
 -2.5301205e-001  3.6144578e-002
 -2.2891566e-001  6.3855422e-001
 -2.0481928e-001 -7.8313253e-001
 -1.8072289e-001 -1.8072289e-001
 -1.5662651e-001  4.2168675e-001
 -1.3253012e-001 -1.0000000e+000
 -1.0843373e-001 -3.9759036e-001
 -8.4337349e-002  2.0481928e-001
 -6.0240964e-002  8.0722892e-001
 -3.6144578e-002 -6.1445783e-001
 -1.2048193e-002 -1.2048193e-002
  1.2048193e-002  5.9036145e-001
  3.6144578e-002 -8.3132530e-001
  6.0240964e-002 -2.2891566e-001
  8.4337349e-002  3.7349398e-001
  1.0843373e-001  9.7590361e-001
  1.3253012e-001 -4.4578313e-001
  1.5662651e-001  1.5662651e-001
  1.8072289e-001  7.5903614e-001
  2.0481928e-001 -6.6265060e-001
  2.2891566e-001 -6.0240964e-002
  2.5301205e-001  5.4216867e-001
  2.7710843e-001 -8.7951807e-001
  3.0120482e-001 -2.7710843e-001
  3.2530120e-001  3.2530120e-001
  3.4939759e-001  9.2771084e-001
  3.7349398e-001 -4.9397590e-001
  3.9759036e-001  1.0843373e-001
  4.2168675e-001  7.1084337e-001
  4.4578313e-001 -7.1084337e-001
  4.6987952e-001 -1.0843373e-001
  4.9397590e-001  4.9397590e-001
  5.1807229e-001 -9.2771084e-001
  5.4216867e-001 -3.2530120e-001
  5.6626506e-001  2.7710843e-001
  5.9036145e-001  8.7951807e-001
  6.1445783e-001 -5.4216867e-001
  6.3855422e-001  6.0240964e-002
  6.6265060e-001  6.6265060e-001
  6.8674699e-001 -7.5903614e-001
  7.1084337e-001 -1.5662651e-001
  7.3493976e-001  4.4578313e-001
  7.5903614e-001 -9.7590361e-001
  7.8313253e-001 -3.7349398e-001
  8.0722892e-001  2.2891566e-001
  8.3132530e-001  8.3132530e-001
  8.5542169e-001 -5.9036145e-001
  8.7951807e-001  1.2048193e-002
  9.0361446e-001  6.1445783e-001
  9.2771084e-001 -8.0722892e-001
  9.5180723e-001 -2.0481928e-001
  9.7590361e-001  3.9759036e-001
  1.0000000e+000  1.0000000e+000
