 -1.0000000e+000 -6.5217391e-001
 -9.1304348e-001 -2.1739130e-001
 -8.2608696e-001  2.1739130e-001
 -7.3913043e-001  6.5217391e-001
 -6.5217391e-001 -1.0000000e+000
 -5.6521739e-001 -5.6521739e-001
 -4.7826087e-001 -1.3043478e-001
 -3.9130435e-001  3.0434783e-001
 -3.0434783e-001  7.3913043e-001
 -2.1739130e-001 -9.1304348e-001
 -1.3043478e-001 -4.7826087e-001
 -4.3478261e-002 -4.3478261e-002
  4.3478261e-002  3.9130435e-001
  1.3043478e-001  8.2608696e-001
  2.1739130e-001 -8.2608696e-001
  3.0434783e-001 -3.9130435e-001
  3.9130435e-001  4.3478261e-002
  4.7826087e-001  4.7826087e-001
  5.6521739e-001  9.1304348e-001
  6.5217391e-001 -7.3913043e-001
  7.3913043e-001 -3.0434783e-001
  8.2608696e-001  1.3043478e-001
  9.1304348e-001  5.6521739e-001
  1.0000000e+000  1.0000000e+000
