 -1.0000000e+000 -8.3333333e-001
 -9.8484848e-001 -6.5151515e-001
 -9.6969697e-001 -4.6969697e-001
 -9.5454545e-001 -2.8787879e-001
 -9.3939394e-001 -1.0606061e-001
 -9.2424242e-001  7.5757576e-002
 -9.0909091e-001  2.5757576e-001
 -8.9393939e-001  4.3939394e-001
 -8.7878788e-001  6.2121212e-001
 -8.6363636e-001  8.0303030e-001
 -8.4848485e-001  9.8484848e-001
 -8.3333333e-001 -9.3939394e-001
 -8.1818182e-001 -7.5757576e-001
 -8.0303030e-001 -5.7575758e-001
 -7.8787879e-001 -3.9393939e-001
 -7.7272727e-001 -2.1212121e-001
 -7.5757576e-001 -3.0303030e-002
 -7.4242424e-001  1.5151515e-001
 -7.2727273e-001  3.3333333e-001
 -7.1212121e-001  5.1515152e-001
 -6.9696970e-001  6.9696970e-001
 -6.8181818e-001  8.7878788e-001
 -6.6666667e-001 -8.6363636e-001
 -6.5151515e-001 -6.8181818e-001
 -6.3636364e-001 -5.0000000e-001
 -6.2121212e-001 -3.1818182e-001
 -6.0606061e-001 -1.3636364e-001
 -5.9090909e-001  4.5454545e-002
 -5.7575758e-001  2.2727273e-001
 -5.6060606e-001  4.0909091e-001
 -5.4545455e-001  5.9090909e-001
 -5.3030303e-001  7.7272727e-001
 -5.1515152e-001  9.5454545e-001
 -5.0000000e-001 -9.6969697e-001
 -4.8484848e-001 -7.8787879e-001
 -4.6969697e-001 -6.0606061e-001
 -4.5454545e-001 -4.2424242e-001
 -4.3939394e-001 -2.4242424e-001
 -4.2424242e-001 -6.0606061e-002
 -4.0909091e-001  1.2121212e-001
 -3.9393939e-001  3.0303030e-001
 -3.7878788e-001  4.8484848e-001
 -3.6363636e-001  6.6666667e-001
 -3.4848485e-001  8.4848485e-001
 -3.3333333e-001 -8.9393939e-001
 -3.1818182e-001 -7.1212121e-001
 -3.0303030e-001 -5.3030303e-001
 -2.8787879e-001 -3.4848485e-001
 -2.7272727e-001 -1.6666667e-001
 -2.5757576e-001  1.5151515e-002
 -2.4242424e-001  1.9696970e-001
 -2.2727273e-001  3.7878788e-001
 -2.1212121e-001  5.6060606e-001
 -1.9696970e-001  7.4242424e-001
 -1.8181818e-001  9.2424242e-001
 -1.6666667e-001 -1.0000000e+000
 -1.5151515e-001 -8.1818182e-001
 -1.3636364e-001 -6.3636364e-001
 -1.2121212e-001 -4.5454545e-001
 -1.0606061e-001 -2.7272727e-001
 -9.0909091e-002 -9.0909091e-002
 -7.5757576e-002  9.0909091e-002
 -6.0606061e-002  2.7272727e-001
 -4.5454545e-002  4.5454545e-001
 -3.0303030e-002  6.3636364e-001
 -1.5151515e-002  8.1818182e-001
  0.0000000e+000  1.0000000e+000
  1.5151515e-002 -9.2424242e-001
  3.0303030e-002 -7.4242424e-001
  4.5454545e-002 -5.6060606e-001
  6.0606061e-002 -3.7878788e-001
  7.5757576e-002 -1.9696970e-001
  9.0909091e-002 -1.5151515e-002
  1.0606061e-001  1.6666667e-001
  1.2121212e-001  3.4848485e-001
  1.3636364e-001  5.3030303e-001
  1.5151515e-001  7.1212121e-001
  1.6666667e-001  8.9393939e-001
  1.8181818e-001 -8.4848485e-001
  1.9696970e-001 -6.6666667e-001
  2.1212121e-001 -4.8484848e-001
  2.2727273e-001 -3.0303030e-001
  2.4242424e-001 -1.2121212e-001
  2.5757576e-001  6.0606061e-002
  2.7272727e-001  2.4242424e-001
  2.8787879e-001  4.2424242e-001
  3.0303030e-001  6.0606061e-001
  3.1818182e-001  7.8787879e-001
  3.3333333e-001  9.6969697e-001
  3.4848485e-001 -9.5454545e-001
  3.6363636e-001 -7.7272727e-001
  3.7878788e-001 -5.9090909e-001
  3.9393939e-001 -4.0909091e-001
  4.0909091e-001 -2.2727273e-001
  4.2424242e-001 -4.5454545e-002
  4.3939394e-001  1.3636364e-001
  4.5454545e-001  3.1818182e-001
  4.6969697e-001  5.0000000e-001
  4.8484848e-001  6.8181818e-001
  5.0000000e-001  8.6363636e-001
  5.1515152e-001 -8.7878788e-001
  5.3030303e-001 -6.9696970e-001
  5.4545455e-001 -5.1515152e-001
  5.6060606e-001 -3.3333333e-001
  5.7575758e-001 -1.5151515e-001
  5.9090909e-001  3.0303030e-002
  6.0606061e-001  2.1212121e-001
  6.2121212e-001  3.9393939e-001
  6.3636364e-001  5.7575758e-001
  6.5151515e-001  7.5757576e-001
  6.6666667e-001  9.3939394e-001
  6.8181818e-001 -9.8484848e-001
  6.9696970e-001 -8.0303030e-001
  7.1212121e-001 -6.2121212e-001
  7.2727273e-001 -4.3939394e-001
  7.4242424e-001 -2.5757576e-001
  7.5757576e-001 -7.5757576e-002
  7.7272727e-001  1.0606061e-001
  7.8787879e-001  2.8787879e-001
  8.0303030e-001  4.6969697e-001
  8.1818182e-001  6.5151515e-001
  8.3333333e-001  8.3333333e-001
  8.4848485e-001 -9.0909091e-001
  8.6363636e-001 -7.2727273e-001
  8.7878788e-001 -5.4545455e-001
  8.9393939e-001 -3.6363636e-001
  9.0909091e-001 -1.8181818e-001
  9.2424242e-001  0.0000000e+000
  9.3939394e-001  1.8181818e-001
  9.5454545e-001  3.6363636e-001
  9.6969697e-001  5.4545455e-001
  9.8484848e-001  7.2727273e-001
  1.0000000e+000  9.0909091e-001
