 -1.0000000e+000 -6.2962963e-001
 -9.2592593e-001 -1.8518519e-001
 -8.5185185e-001  2.5925926e-001
 -7.7777778e-001  7.0370370e-001
 -7.0370370e-001 -9.2592593e-001
 -6.2962963e-001 -4.8148148e-001
 -5.5555556e-001 -3.7037037e-002
 -4.8148148e-001  4.0740741e-001
 -4.0740741e-001  8.5185185e-001
 -3.3333333e-001 -7.7777778e-001
 -2.5925926e-001 -3.3333333e-001
 -1.8518519e-001  1.1111111e-001
 -1.1111111e-001  5.5555556e-001
 -3.7037037e-002  1.0000000e+000
  3.7037037e-002 -1.0000000e+000
  1.1111111e-001 -5.5555556e-001
  1.8518519e-001 -1.1111111e-001
  2.5925926e-001  3.3333333e-001
  3.3333333e-001  7.7777778e-001
  4.0740741e-001 -8.5185185e-001
  4.8148148e-001 -4.0740741e-001
  5.5555556e-001  3.7037037e-002
  6.2962963e-001  4.8148148e-001
  7.0370370e-001  9.2592593e-001
  7.7777778e-001 -7.0370370e-001
  8.5185185e-001 -2.5925926e-001
  9.2592593e-001  1.8518519e-001
  1.0000000e+000  6.2962963e-001
