 -1.0000000e+000 -5.5414013e-001
 -9.8726115e-001 -9.5541401e-002
 -9.7452229e-001  3.6305732e-001
 -9.6178344e-001  8.2165605e-001
 -9.4904459e-001 -7.1974522e-001
 -9.3630573e-001 -2.6114650e-001
 -9.2356688e-001  1.9745223e-001
 -9.1082803e-001  6.5605096e-001
 -8.9808917e-001 -8.8535032e-001
 -8.8535032e-001 -4.2675159e-001
 -8.7261146e-001  3.1847134e-002
 -8.5987261e-001  4.9044586e-001
 -8.4713376e-001  9.4904459e-001
 -8.3439490e-001 -5.9235669e-001
 -8.2165605e-001 -1.3375796e-001
 -8.0891720e-001  3.2484076e-001
 -7.9617834e-001  7.8343949e-001
 -7.8343949e-001 -7.5796178e-001
 -7.7070064e-001 -2.9936306e-001
 -7.5796178e-001  1.5923567e-001
 -7.4522293e-001  6.1783439e-001
 -7.3248408e-001 -9.2356688e-001
 -7.1974522e-001 -4.6496815e-001
 -7.0700637e-001 -6.3694268e-003
 -6.9426752e-001  4.5222930e-001
 -6.8152866e-001  9.1082803e-001
 -6.6878981e-001 -6.3057325e-001
 -6.5605096e-001 -1.7197452e-001
 -6.4331210e-001  2.8662420e-001
 -6.3057325e-001  7.4522293e-001
 -6.1783439e-001 -7.9617834e-001
 -6.0509554e-001 -3.3757962e-001
 -5.9235669e-001  1.2101911e-001
 -5.7961783e-001  5.7961783e-001
 -5.6687898e-001 -9.6178344e-001
 -5.5414013e-001 -5.0318471e-001
 -5.4140127e-001 -4.4585987e-002
 -5.2866242e-001  4.1401274e-001
 -5.1592357e-001  8.7261146e-001
 -5.0318471e-001 -6.6878981e-001
 -4.9044586e-001 -2.1019108e-001
 -4.7770701e-001  2.4840764e-001
 -4.6496815e-001  7.0700637e-001
 -4.5222930e-001 -8.3439490e-001
 -4.3949045e-001 -3.7579618e-001
 -4.2675159e-001  8.2802548e-002
 -4.1401274e-001  5.4140127e-001
 -4.0127389e-001  1.0000000e+000
 -3.8853503e-001 -1.0000000e+000
 -3.7579618e-001 -5.4140127e-001
 -3.6305732e-001 -8.2802548e-002
 -3.5031847e-001  3.7579618e-001
 -3.3757962e-001  8.3439490e-001
 -3.2484076e-001 -7.0700637e-001
 -3.1210191e-001 -2.4840764e-001
 -2.9936306e-001  2.1019108e-001
 -2.8662420e-001  6.6878981e-001
 -2.7388535e-001 -8.7261146e-001
 -2.6114650e-001 -4.1401274e-001
 -2.4840764e-001  4.4585987e-002
 -2.3566879e-001  5.0318471e-001
 -2.2292994e-001  9.6178344e-001
 -2.1019108e-001 -5.7961783e-001
 -1.9745223e-001 -1.2101911e-001
 -1.8471338e-001  3.3757962e-001
 -1.7197452e-001  7.9617834e-001
 -1.5923567e-001 -7.4522293e-001
 -1.4649682e-001 -2.8662420e-001
 -1.3375796e-001  1.7197452e-001
 -1.2101911e-001  6.3057325e-001
 -1.0828025e-001 -9.1082803e-001
 -9.5541401e-002 -4.5222930e-001
 -8.2802548e-002  6.3694268e-003
 -7.0063694e-002  4.6496815e-001
 -5.7324841e-002  9.2356688e-001
 -4.4585987e-002 -6.1783439e-001
 -3.1847134e-002 -1.5923567e-001
 -1.9108280e-002  2.9936306e-001
 -6.3694268e-003  7.5796178e-001
  6.3694268e-003 -7.8343949e-001
  1.9108280e-002 -3.2484076e-001
  3.1847134e-002  1.3375796e-001
  4.4585987e-002  5.9235669e-001
  5.7324841e-002 -9.4904459e-001
  7.0063694e-002 -4.9044586e-001
  8.2802548e-002 -3.1847134e-002
  9.5541401e-002  4.2675159e-001
  1.0828025e-001  8.8535032e-001
  1.2101911e-001 -6.5605096e-001
  1.3375796e-001 -1.9745223e-001
  1.4649682e-001  2.6114650e-001
  1.5923567e-001  7.1974522e-001
  1.7197452e-001 -8.2165605e-001
  1.8471338e-001 -3.6305732e-001
  1.9745223e-001  9.5541401e-002
  2.1019108e-001  5.5414013e-001
  2.2292994e-001 -9.8726115e-001
  2.3566879e-001 -5.2866242e-001
  2.4840764e-001 -7.0063694e-002
  2.6114650e-001  3.8853503e-001
  2.7388535e-001  8.4713376e-001
  2.8662420e-001 -6.9426752e-001
  2.9936306e-001 -2.3566879e-001
  3.1210191e-001  2.2292994e-001
  3.2484076e-001  6.8152866e-001
  3.3757962e-001 -8.5987261e-001
  3.5031847e-001 -4.0127389e-001
  3.6305732e-001  5.7324841e-002
  3.7579618e-001  5.1592357e-001
  3.8853503e-001  9.7452229e-001
  4.0127389e-001 -5.6687898e-001
  4.1401274e-001 -1.0828025e-001
  4.2675159e-001  3.5031847e-001
  4.3949045e-001  8.0891720e-001
  4.5222930e-001 -7.3248408e-001
  4.6496815e-001 -2.7388535e-001
  4.7770701e-001  1.8471338e-001
  4.9044586e-001  6.4331210e-001
  5.0318471e-001 -8.9808917e-001
  5.1592357e-001 -4.3949045e-001
  5.2866242e-001  1.9108280e-002
  5.4140127e-001  4.7770701e-001
  5.5414013e-001  9.3630573e-001
  5.6687898e-001 -6.0509554e-001
  5.7961783e-001 -1.4649682e-001
  5.9235669e-001  3.1210191e-001
  6.0509554e-001  7.7070064e-001
  6.1783439e-001 -7.7070064e-001
  6.3057325e-001 -3.1210191e-001
  6.4331210e-001  1.4649682e-001
  6.5605096e-001  6.0509554e-001
  6.6878981e-001 -9.3630573e-001
  6.8152866e-001 -4.7770701e-001
  6.9426752e-001 -1.9108280e-002
  7.0700637e-001  4.3949045e-001
  7.1974522e-001  8.9808917e-001
  7.3248408e-001 -6.4331210e-001
  7.4522293e-001 -1.8471338e-001
  7.5796178e-001  2.7388535e-001
  7.7070064e-001  7.3248408e-001
  7.8343949e-001 -8.0891720e-001
  7.9617834e-001 -3.5031847e-001
  8.0891720e-001  1.0828025e-001
  8.2165605e-001  5.6687898e-001
  8.3439490e-001 -9.7452229e-001
  8.4713376e-001 -5.1592357e-001
  8.5987261e-001 -5.7324841e-002
  8.7261146e-001  4.0127389e-001
  8.8535032e-001  8.5987261e-001
  8.9808917e-001 -6.8152866e-001
  9.1082803e-001 -2.2292994e-001
  9.2356688e-001  2.3566879e-001
  9.3630573e-001  6.9426752e-001
  9.4904459e-001 -8.4713376e-001
  9.6178344e-001 -3.8853503e-001
  9.7452229e-001  7.0063694e-002
  9.8726115e-001  5.2866242e-001
  1.0000000e+000  9.8726115e-001
