 -1.0000000e+000 -7.3076923e-001
 -9.6153846e-001 -4.2307692e-001
 -9.2307692e-001 -1.1538462e-001
 -8.8461538e-001  1.9230769e-001
 -8.4615385e-001  5.0000000e-001
 -8.0769231e-001  8.0769231e-001
 -7.6923077e-001 -9.2307692e-001
 -7.3076923e-001 -6.1538462e-001
 -6.9230769e-001 -3.0769231e-001
 -6.5384615e-001  0.0000000e+000
 -6.1538462e-001  3.0769231e-001
 -5.7692308e-001  6.1538462e-001
 -5.3846154e-001  9.2307692e-001
 -5.0000000e-001 -8.0769231e-001
 -4.6153846e-001 -5.0000000e-001
 -4.2307692e-001 -1.9230769e-001
 -3.8461538e-001  1.1538462e-001
 -3.4615385e-001  4.2307692e-001
 -3.0769231e-001  7.3076923e-001
 -2.6923077e-001 -1.0000000e+000
 -2.3076923e-001 -6.9230769e-001
 -1.9230769e-001 -3.8461538e-001
 -1.5384615e-001 -7.6923077e-002
 -1.1538462e-001  2.3076923e-001
 -7.6923077e-002  5.3846154e-001
 -3.8461538e-002  8.4615385e-001
  0.0000000e+000 -8.8461538e-001
  3.8461538e-002 -5.7692308e-001
  7.6923077e-002 -2.6923077e-001
  1.1538462e-001  3.8461538e-002
  1.5384615e-001  3.4615385e-001
  1.9230769e-001  6.5384615e-001
  2.3076923e-001  9.6153846e-001
  2.6923077e-001 -7.6923077e-001
  3.0769231e-001 -4.6153846e-001
  3.4615385e-001 -1.5384615e-001
  3.8461538e-001  1.5384615e-001
  4.2307692e-001  4.6153846e-001
  4.6153846e-001  7.6923077e-001
  5.0000000e-001 -9.6153846e-001
  5.3846154e-001 -6.5384615e-001
  5.7692308e-001 -3.4615385e-001
  6.1538462e-001 -3.8461538e-002
  6.5384615e-001  2.6923077e-001
  6.9230769e-001  5.7692308e-001
  7.3076923e-001  8.8461538e-001
  7.6923077e-001 -8.4615385e-001
  8.0769231e-001 -5.3846154e-001
  8.4615385e-001 -2.3076923e-001
  8.8461538e-001  7.6923077e-002
  9.2307692e-001  3.8461538e-001
  9.6153846e-001  6.9230769e-001
  1.0000000e+000  1.0000000e+000
