 -1.0000000e+000 -8.5393258e-001
 -9.8876404e-001 -6.9662921e-001
 -9.7752809e-001 -5.3932584e-001
 -9.6629213e-001 -3.8202247e-001
 -9.5505618e-001 -2.2471910e-001
 -9.4382022e-001 -6.7415730e-002
 -9.3258427e-001  8.9887640e-002
 -9.2134831e-001  2.4719101e-001
 -9.1011236e-001  4.0449438e-001
 -8.9887640e-001  5.6179775e-001
 -8.8764045e-001  7.1910112e-001
 -8.7640449e-001  8.7640449e-001
 -8.6516854e-001 -9.4382022e-001
 -8.5393258e-001 -7.8651685e-001
 -8.4269663e-001 -6.2921348e-001
 -8.3146067e-001 -4.7191011e-001
 -8.2022472e-001 -3.1460674e-001
 -8.0898876e-001 -1.5730337e-001
 -7.9775281e-001  0.0000000e+000
 -7.8651685e-001  1.5730337e-001
 -7.7528090e-001  3.1460674e-001
 -7.6404494e-001  4.7191011e-001
 -7.5280899e-001  6.2921348e-001
 -7.4157303e-001  7.8651685e-001
 -7.3033708e-001  9.4382022e-001
 -7.1910112e-001 -8.7640449e-001
 -7.0786517e-001 -7.1910112e-001
 -6.9662921e-001 -5.6179775e-001
 -6.8539326e-001 -4.0449438e-001
 -6.7415730e-001 -2.4719101e-001
 -6.6292135e-001 -8.9887640e-002
 -6.5168539e-001  6.7415730e-002
 -6.4044944e-001  2.2471910e-001
 -6.2921348e-001  3.8202247e-001
 -6.1797753e-001  5.3932584e-001
 -6.0674157e-001  6.9662921e-001
 -5.9550562e-001  8.5393258e-001
 -5.8426966e-001 -9.6629213e-001
 -5.7303371e-001 -8.0898876e-001
 -5.6179775e-001 -6.5168539e-001
 -5.5056180e-001 -4.9438202e-001
 -5.3932584e-001 -3.3707865e-001
 -5.2808989e-001 -1.7977528e-001
 -5.1685393e-001 -2.2471910e-002
 -5.0561798e-001  1.3483146e-001
 -4.9438202e-001  2.9213483e-001
 -4.8314607e-001  4.4943820e-001
 -4.7191011e-001  6.0674157e-001
 -4.6067416e-001  7.6404494e-001
 -4.4943820e-001  9.2134831e-001
 -4.3820225e-001 -8.9887640e-001
 -4.2696629e-001 -7.4157303e-001
 -4.1573034e-001 -5.8426966e-001
 -4.0449438e-001 -4.2696629e-001
 -3.9325843e-001 -2.6966292e-001
 -3.8202247e-001 -1.1235955e-001
 -3.7078652e-001  4.4943820e-002
 -3.5955056e-001  2.0224719e-001
 -3.4831461e-001  3.5955056e-001
 -3.3707865e-001  5.1685393e-001
 -3.2584270e-001  6.7415730e-001
 -3.1460674e-001  8.3146067e-001
 -3.0337079e-001  9.8876404e-001
 -2.9213483e-001 -9.8876404e-001
 -2.8089888e-001 -8.3146067e-001
 -2.6966292e-001 -6.7415730e-001
 -2.5842697e-001 -5.1685393e-001
 -2.4719101e-001 -3.5955056e-001
 -2.3595506e-001 -2.0224719e-001
 -2.2471910e-001 -4.4943820e-002
 -2.1348315e-001  1.1235955e-001
 -2.0224719e-001  2.6966292e-001
 -1.9101124e-001  4.2696629e-001
 -1.7977528e-001  5.8426966e-001
 -1.6853933e-001  7.4157303e-001
 -1.5730337e-001  8.9887640e-001
 -1.4606742e-001 -9.2134831e-001
 -1.3483146e-001 -7.6404494e-001
 -1.2359551e-001 -6.0674157e-001
 -1.1235955e-001 -4.4943820e-001
 -1.0112360e-001 -2.9213483e-001
 -8.9887640e-002 -1.3483146e-001
 -7.8651685e-002  2.2471910e-002
 -6.7415730e-002  1.7977528e-001
 -5.6179775e-002  3.3707865e-001
 -4.4943820e-002  4.9438202e-001
 -3.3707865e-002  6.5168539e-001
 -2.2471910e-002  8.0898876e-001
 -1.1235955e-002  9.6629213e-001
  0.0000000e+000 -1.0000000e+000
  1.1235955e-002 -8.4269663e-001
  2.2471910e-002 -6.8539326e-001
  3.3707865e-002 -5.2808989e-001
  4.4943820e-002 -3.7078652e-001
  5.6179775e-002 -2.1348315e-001
  6.7415730e-002 -5.6179775e-002
  7.8651685e-002  1.0112360e-001
  8.9887640e-002  2.5842697e-001
  1.0112360e-001  4.1573034e-001
  1.1235955e-001  5.7303371e-001
  1.2359551e-001  7.3033708e-001
  1.3483146e-001  8.8764045e-001
  1.4606742e-001 -9.3258427e-001
  1.5730337e-001 -7.7528090e-001
  1.6853933e-001 -6.1797753e-001
  1.7977528e-001 -4.6067416e-001
  1.9101124e-001 -3.0337079e-001
  2.0224719e-001 -1.4606742e-001
  2.1348315e-001  1.1235955e-002
  2.2471910e-001  1.6853933e-001
  2.3595506e-001  3.2584270e-001
  2.4719101e-001  4.8314607e-001
  2.5842697e-001  6.4044944e-001
  2.6966292e-001  7.9775281e-001
  2.8089888e-001  9.5505618e-001
  2.9213483e-001 -8.6516854e-001
  3.0337079e-001 -7.0786517e-001
  3.1460674e-001 -5.5056180e-001
  3.2584270e-001 -3.9325843e-001
  3.3707865e-001 -2.3595506e-001
  3.4831461e-001 -7.8651685e-002
  3.5955056e-001  7.8651685e-002
  3.7078652e-001  2.3595506e-001
  3.8202247e-001  3.9325843e-001
  3.9325843e-001  5.5056180e-001
  4.0449438e-001  7.0786517e-001
  4.1573034e-001  8.6516854e-001
  4.2696629e-001 -9.5505618e-001
  4.3820225e-001 -7.9775281e-001
  4.4943820e-001 -6.4044944e-001
  4.6067416e-001 -4.8314607e-001
  4.7191011e-001 -3.2584270e-001
  4.8314607e-001 -1.6853933e-001
  4.9438202e-001 -1.1235955e-002
  5.0561798e-001  1.4606742e-001
  5.1685393e-001  3.0337079e-001
  5.2808989e-001  4.6067416e-001
  5.3932584e-001  6.1797753e-001
  5.5056180e-001  7.7528090e-001
  5.6179775e-001  9.3258427e-001
  5.7303371e-001 -8.8764045e-001
  5.8426966e-001 -7.3033708e-001
  5.9550562e-001 -5.7303371e-001
  6.0674157e-001 -4.1573034e-001
  6.1797753e-001 -2.5842697e-001
  6.2921348e-001 -1.0112360e-001
  6.4044944e-001  5.6179775e-002
  6.5168539e-001  2.1348315e-001
  6.6292135e-001  3.7078652e-001
  6.7415730e-001  5.2808989e-001
  6.8539326e-001  6.8539326e-001
  6.9662921e-001  8.4269663e-001
  7.0786517e-001  1.0000000e+000
  7.1910112e-001 -9.7752809e-001
  7.3033708e-001 -8.2022472e-001
  7.4157303e-001 -6.6292135e-001
  7.5280899e-001 -5.0561798e-001
  7.6404494e-001 -3.4831461e-001
  7.7528090e-001 -1.9101124e-001
  7.8651685e-001 -3.3707865e-002
  7.9775281e-001  1.2359551e-001
  8.0898876e-001  2.8089888e-001
  8.2022472e-001  4.3820225e-001
  8.3146067e-001  5.9550562e-001
  8.4269663e-001  7.5280899e-001
  8.5393258e-001  9.1011236e-001
  8.6516854e-001 -9.1011236e-001
  8.7640449e-001 -7.5280899e-001
  8.8764045e-001 -5.9550562e-001
  8.9887640e-001 -4.3820225e-001
  9.1011236e-001 -2.8089888e-001
  9.2134831e-001 -1.2359551e-001
  9.3258427e-001  3.3707865e-002
  9.4382022e-001  1.9101124e-001
  9.5505618e-001  3.4831461e-001
  9.6629213e-001  5.0561798e-001
  9.7752809e-001  6.6292135e-001
  9.8876404e-001  8.2022472e-001
  1.0000000e+000  9.7752809e-001
