 -1.0000000e+000 -1.6279070e-001
 -9.5348837e-001  7.2093023e-001
 -9.0697674e-001 -4.8837209e-001
 -8.6046512e-001  3.9534884e-001
 -8.1395349e-001 -8.1395349e-001
 -7.6744186e-001  6.9767442e-002
 -7.2093023e-001  9.5348837e-001
 -6.7441860e-001 -2.5581395e-001
 -6.2790698e-001  6.2790698e-001
 -5.8139535e-001 -5.8139535e-001
 -5.3488372e-001  3.0232558e-001
 -4.8837209e-001 -9.0697674e-001
 -4.4186047e-001 -2.3255814e-002
 -3.9534884e-001  8.6046512e-001
 -3.4883721e-001 -3.4883721e-001
 -3.0232558e-001  5.3488372e-001
 -2.5581395e-001 -6.7441860e-001
 -2.0930233e-001  2.0930233e-001
 -1.6279070e-001 -1.0000000e+000
 -1.1627907e-001 -1.1627907e-001
 -6.9767442e-002  7.6744186e-001
 -2.3255814e-002 -4.4186047e-001
  2.3255814e-002  4.4186047e-001
  6.9767442e-002 -7.6744186e-001
  1.1627907e-001  1.1627907e-001
  1.6279070e-001  1.0000000e+000
  2.0930233e-001 -2.0930233e-001
  2.5581395e-001  6.7441860e-001
  3.0232558e-001 -5.3488372e-001
  3.4883721e-001  3.4883721e-001
  3.9534884e-001 -8.6046512e-001
  4.4186047e-001  2.3255814e-002
  4.8837209e-001  9.0697674e-001
  5.3488372e-001 -3.0232558e-001
  5.8139535e-001  5.8139535e-001
  6.2790698e-001 -6.2790698e-001
  6.7441860e-001  2.5581395e-001
  7.2093023e-001 -9.5348837e-001
  7.6744186e-001 -6.9767442e-002
  8.1395349e-001  8.1395349e-001
  8.6046512e-001 -3.9534884e-001
  9.0697674e-001  4.8837209e-001
  9.5348837e-001 -7.2093023e-001
  1.0000000e+000  1.6279070e-001
