 -1.0000000e+000 -8.2812500e-001
 -9.8437500e-001 -6.4062500e-001
 -9.6875000e-001 -4.5312500e-001
 -9.5312500e-001 -2.6562500e-001
 -9.3750000e-001 -7.8125000e-002
 -9.2187500e-001  1.0937500e-001
 -9.0625000e-001  2.9687500e-001
 -8.9062500e-001  4.8437500e-001
 -8.7500000e-001  6.7187500e-001
 -8.5937500e-001  8.5937500e-001
 -8.4375000e-001 -9.3750000e-001
 -8.2812500e-001 -7.5000000e-001
 -8.1250000e-001 -5.6250000e-001
 -7.9687500e-001 -3.7500000e-001
 -7.8125000e-001 -1.8750000e-001
 -7.6562500e-001  0.0000000e+000
 -7.5000000e-001  1.8750000e-001
 -7.3437500e-001  3.7500000e-001
 -7.1875000e-001  5.6250000e-001
 -7.0312500e-001  7.5000000e-001
 -6.8750000e-001  9.3750000e-001
 -6.7187500e-001 -8.5937500e-001
 -6.5625000e-001 -6.7187500e-001
 -6.4062500e-001 -4.8437500e-001
 -6.2500000e-001 -2.9687500e-001
 -6.0937500e-001 -1.0937500e-001
 -5.9375000e-001  7.8125000e-002
 -5.7812500e-001  2.6562500e-001
 -5.6250000e-001  4.5312500e-001
 -5.4687500e-001  6.4062500e-001
 -5.3125000e-001  8.2812500e-001
 -5.1562500e-001 -9.6875000e-001
 -5.0000000e-001 -7.8125000e-001
 -4.8437500e-001 -5.9375000e-001
 -4.6875000e-001 -4.0625000e-001
 -4.5312500e-001 -2.1875000e-001
 -4.3750000e-001 -3.1250000e-002
 -4.2187500e-001  1.5625000e-001
 -4.0625000e-001  3.4375000e-001
 -3.9062500e-001  5.3125000e-001
 -3.7500000e-001  7.1875000e-001
 -3.5937500e-001  9.0625000e-001
 -3.4375000e-001 -8.9062500e-001
 -3.2812500e-001 -7.0312500e-001
 -3.1250000e-001 -5.1562500e-001
 -2.9687500e-001 -3.2812500e-001
 -2.8125000e-001 -1.4062500e-001
 -2.6562500e-001  4.6875000e-002
 -2.5000000e-001  2.3437500e-001
 -2.3437500e-001  4.2187500e-001
 -2.1875000e-001  6.0937500e-001
 -2.0312500e-001  7.9687500e-001
 -1.8750000e-001  9.8437500e-001
 -1.7187500e-001 -1.0000000e+000
 -1.5625000e-001 -8.1250000e-001
 -1.4062500e-001 -6.2500000e-001
 -1.2500000e-001 -4.3750000e-001
 -1.0937500e-001 -2.5000000e-001
 -9.3750000e-002 -6.2500000e-002
 -7.8125000e-002  1.2500000e-001
 -6.2500000e-002  3.1250000e-001
 -4.6875000e-002  5.0000000e-001
 -3.1250000e-002  6.8750000e-001
 -1.5625000e-002  8.7500000e-001
  0.0000000e+000 -9.2187500e-001
  1.5625000e-002 -7.3437500e-001
  3.1250000e-002 -5.4687500e-001
  4.6875000e-002 -3.5937500e-001
  6.2500000e-002 -1.7187500e-001
  7.8125000e-002  1.5625000e-002
  9.3750000e-002  2.0312500e-001
  1.0937500e-001  3.9062500e-001
  1.2500000e-001  5.7812500e-001
  1.4062500e-001  7.6562500e-001
  1.5625000e-001  9.5312500e-001
  1.7187500e-001 -8.4375000e-001
  1.8750000e-001 -6.5625000e-001
  2.0312500e-001 -4.6875000e-001
  2.1875000e-001 -2.8125000e-001
  2.3437500e-001 -9.3750000e-002
  2.5000000e-001  9.3750000e-002
  2.6562500e-001  2.8125000e-001
  2.8125000e-001  4.6875000e-001
  2.9687500e-001  6.5625000e-001
  3.1250000e-001  8.4375000e-001
  3.2812500e-001 -9.5312500e-001
  3.4375000e-001 -7.6562500e-001
  3.5937500e-001 -5.7812500e-001
  3.7500000e-001 -3.9062500e-001
  3.9062500e-001 -2.0312500e-001
  4.0625000e-001 -1.5625000e-002
  4.2187500e-001  1.7187500e-001
  4.3750000e-001  3.5937500e-001
  4.5312500e-001  5.4687500e-001
  4.6875000e-001  7.3437500e-001
  4.8437500e-001  9.2187500e-001
  5.0000000e-001 -8.7500000e-001
  5.1562500e-001 -6.8750000e-001
  5.3125000e-001 -5.0000000e-001
  5.4687500e-001 -3.1250000e-001
  5.6250000e-001 -1.2500000e-001
  5.7812500e-001  6.2500000e-002
  5.9375000e-001  2.5000000e-001
  6.0937500e-001  4.3750000e-001
  6.2500000e-001  6.2500000e-001
  6.4062500e-001  8.1250000e-001
  6.5625000e-001  1.0000000e+000
  6.7187500e-001 -9.8437500e-001
  6.8750000e-001 -7.9687500e-001
  7.0312500e-001 -6.0937500e-001
  7.1875000e-001 -4.2187500e-001
  7.3437500e-001 -2.3437500e-001
  7.5000000e-001 -4.6875000e-002
  7.6562500e-001  1.4062500e-001
  7.8125000e-001  3.2812500e-001
  7.9687500e-001  5.1562500e-001
  8.1250000e-001  7.0312500e-001
  8.2812500e-001  8.9062500e-001
  8.4375000e-001 -9.0625000e-001
  8.5937500e-001 -7.1875000e-001
  8.7500000e-001 -5.3125000e-001
  8.9062500e-001 -3.4375000e-001
  9.0625000e-001 -1.5625000e-001
  9.2187500e-001  3.1250000e-002
  9.3750000e-001  2.1875000e-001
  9.5312500e-001  4.0625000e-001
  9.6875000e-001  5.9375000e-001
  9.8437500e-001  7.8125000e-001
  1.0000000e+000  9.6875000e-001
