 -1.0000000e+000 -7.3584906e-001
 -9.6226415e-001 -4.3396226e-001
 -9.2452830e-001 -1.3207547e-001
 -8.8679245e-001  1.6981132e-001
 -8.4905660e-001  4.7169811e-001
 -8.1132075e-001  7.7358491e-001
 -7.7358491e-001 -9.2452830e-001
 -7.3584906e-001 -6.2264151e-001
 -6.9811321e-001 -3.2075472e-001
 -6.6037736e-001 -1.8867925e-002
 -6.2264151e-001  2.8301887e-001
 -5.8490566e-001  5.8490566e-001
 -5.4716981e-001  8.8679245e-001
 -5.0943396e-001 -8.1132075e-001
 -4.7169811e-001 -5.0943396e-001
 -4.3396226e-001 -2.0754717e-001
 -3.9622642e-001  9.4339623e-002
 -3.5849057e-001  3.9622642e-001
 -3.2075472e-001  6.9811321e-001
 -2.8301887e-001  1.0000000e+000
 -2.4528302e-001 -1.0000000e+000
 -2.0754717e-001 -6.9811321e-001
 -1.6981132e-001 -3.9622642e-001
 -1.3207547e-001 -9.4339623e-002
 -9.4339623e-002  2.0754717e-001
 -5.6603774e-002  5.0943396e-001
 -1.8867925e-002  8.1132075e-001
  1.8867925e-002 -8.8679245e-001
  5.6603774e-002 -5.8490566e-001
  9.4339623e-002 -2.8301887e-001
  1.3207547e-001  1.8867925e-002
  1.6981132e-001  3.2075472e-001
  2.0754717e-001  6.2264151e-001
  2.4528302e-001  9.2452830e-001
  2.8301887e-001 -7.7358491e-001
  3.2075472e-001 -4.7169811e-001
  3.5849057e-001 -1.6981132e-001
  3.9622642e-001  1.3207547e-001
  4.3396226e-001  4.3396226e-001
  4.7169811e-001  7.3584906e-001
  5.0943396e-001 -9.6226415e-001
  5.4716981e-001 -6.6037736e-001
  5.8490566e-001 -3.5849057e-001
  6.2264151e-001 -5.6603774e-002
  6.6037736e-001  2.4528302e-001
  6.9811321e-001  5.4716981e-001
  7.3584906e-001  8.4905660e-001
  7.7358491e-001 -8.4905660e-001
  8.1132075e-001 -5.4716981e-001
  8.4905660e-001 -2.4528302e-001
  8.8679245e-001  5.6603774e-002
  9.2452830e-001  3.5849057e-001
  9.6226415e-001  6.6037736e-001
  1.0000000e+000  9.6226415e-001
