 -1.0000000e+000 -8.4000000e-001
 -9.8666667e-001 -6.6666667e-001
 -9.7333333e-001 -4.9333333e-001
 -9.6000000e-001 -3.2000000e-001
 -9.4666667e-001 -1.4666667e-001
 -9.3333333e-001  2.6666667e-002
 -9.2000000e-001  2.0000000e-001
 -9.0666667e-001  3.7333333e-001
 -8.9333333e-001  5.4666667e-001
 -8.8000000e-001  7.2000000e-001
 -8.6666667e-001  8.9333333e-001
 -8.5333333e-001 -9.3333333e-001
 -8.4000000e-001 -7.6000000e-001
 -8.2666667e-001 -5.8666667e-001
 -8.1333333e-001 -4.1333333e-001
 -8.0000000e-001 -2.4000000e-001
 -7.8666667e-001 -6.6666667e-002
 -7.7333333e-001  1.0666667e-001
 -7.6000000e-001  2.8000000e-001
 -7.4666667e-001  4.5333333e-001
 -7.3333333e-001  6.2666667e-001
 -7.2000000e-001  8.0000000e-001
 -7.0666667e-001  9.7333333e-001
 -6.9333333e-001 -8.5333333e-001
 -6.8000000e-001 -6.8000000e-001
 -6.6666667e-001 -5.0666667e-001
 -6.5333333e-001 -3.3333333e-001
 -6.4000000e-001 -1.6000000e-001
 -6.2666667e-001  1.3333333e-002
 -6.1333333e-001  1.8666667e-001
 -6.0000000e-001  3.6000000e-001
 -5.8666667e-001  5.3333333e-001
 -5.7333333e-001  7.0666667e-001
 -5.6000000e-001  8.8000000e-001
 -5.4666667e-001 -9.4666667e-001
 -5.3333333e-001 -7.7333333e-001
 -5.2000000e-001 -6.0000000e-001
 -5.0666667e-001 -4.2666667e-001
 -4.9333333e-001 -2.5333333e-001
 -4.8000000e-001 -8.0000000e-002
 -4.6666667e-001  9.3333333e-002
 -4.5333333e-001  2.6666667e-001
 -4.4000000e-001  4.4000000e-001
 -4.2666667e-001  6.1333333e-001
 -4.1333333e-001  7.8666667e-001
 -4.0000000e-001  9.6000000e-001
 -3.8666667e-001 -8.6666667e-001
 -3.7333333e-001 -6.9333333e-001
 -3.6000000e-001 -5.2000000e-001
 -3.4666667e-001 -3.4666667e-001
 -3.3333333e-001 -1.7333333e-001
 -3.2000000e-001  0.0000000e+000
 -3.0666667e-001  1.7333333e-001
 -2.9333333e-001  3.4666667e-001
 -2.8000000e-001  5.2000000e-001
 -2.6666667e-001  6.9333333e-001
 -2.5333333e-001  8.6666667e-001
 -2.4000000e-001 -9.6000000e-001
 -2.2666667e-001 -7.8666667e-001
 -2.1333333e-001 -6.1333333e-001
 -2.0000000e-001 -4.4000000e-001
 -1.8666667e-001 -2.6666667e-001
 -1.7333333e-001 -9.3333333e-002
 -1.6000000e-001  8.0000000e-002
 -1.4666667e-001  2.5333333e-001
 -1.3333333e-001  4.2666667e-001
 -1.2000000e-001  6.0000000e-001
 -1.0666667e-001  7.7333333e-001
 -9.3333333e-002  9.4666667e-001
 -8.0000000e-002 -8.8000000e-001
 -6.6666667e-002 -7.0666667e-001
 -5.3333333e-002 -5.3333333e-001
 -4.0000000e-002 -3.6000000e-001
 -2.6666667e-002 -1.8666667e-001
 -1.3333333e-002 -1.3333333e-002
  0.0000000e+000  1.6000000e-001
  1.3333333e-002  3.3333333e-001
  2.6666667e-002  5.0666667e-001
  4.0000000e-002  6.8000000e-001
  5.3333333e-002  8.5333333e-001
  6.6666667e-002 -9.7333333e-001
  8.0000000e-002 -8.0000000e-001
  9.3333333e-002 -6.2666667e-001
  1.0666667e-001 -4.5333333e-001
  1.2000000e-001 -2.8000000e-001
  1.3333333e-001 -1.0666667e-001
  1.4666667e-001  6.6666667e-002
  1.6000000e-001  2.4000000e-001
  1.7333333e-001  4.1333333e-001
  1.8666667e-001  5.8666667e-001
  2.0000000e-001  7.6000000e-001
  2.1333333e-001  9.3333333e-001
  2.2666667e-001 -8.9333333e-001
  2.4000000e-001 -7.2000000e-001
  2.5333333e-001 -5.4666667e-001
  2.6666667e-001 -3.7333333e-001
  2.8000000e-001 -2.0000000e-001
  2.9333333e-001 -2.6666667e-002
  3.0666667e-001  1.4666667e-001
  3.2000000e-001  3.2000000e-001
  3.3333333e-001  4.9333333e-001
  3.4666667e-001  6.6666667e-001
  3.6000000e-001  8.4000000e-001
  3.7333333e-001 -9.8666667e-001
  3.8666667e-001 -8.1333333e-001
  4.0000000e-001 -6.4000000e-001
  4.1333333e-001 -4.6666667e-001
  4.2666667e-001 -2.9333333e-001
  4.4000000e-001 -1.2000000e-001
  4.5333333e-001  5.3333333e-002
  4.6666667e-001  2.2666667e-001
  4.8000000e-001  4.0000000e-001
  4.9333333e-001  5.7333333e-001
  5.0666667e-001  7.4666667e-001
  5.2000000e-001  9.2000000e-001
  5.3333333e-001 -9.0666667e-001
  5.4666667e-001 -7.3333333e-001
  5.6000000e-001 -5.6000000e-001
  5.7333333e-001 -3.8666667e-001
  5.8666667e-001 -2.1333333e-001
  6.0000000e-001 -4.0000000e-002
  6.1333333e-001  1.3333333e-001
  6.2666667e-001  3.0666667e-001
  6.4000000e-001  4.8000000e-001
  6.5333333e-001  6.5333333e-001
  6.6666667e-001  8.2666667e-001
  6.8000000e-001  1.0000000e+000
  6.9333333e-001 -1.0000000e+000
  7.0666667e-001 -8.2666667e-001
  7.2000000e-001 -6.5333333e-001
  7.3333333e-001 -4.8000000e-001
  7.4666667e-001 -3.0666667e-001
  7.6000000e-001 -1.3333333e-001
  7.7333333e-001  4.0000000e-002
  7.8666667e-001  2.1333333e-001
  8.0000000e-001  3.8666667e-001
  8.1333333e-001  5.6000000e-001
  8.2666667e-001  7.3333333e-001
  8.4000000e-001  9.0666667e-001
  8.5333333e-001 -9.2000000e-001
  8.6666667e-001 -7.4666667e-001
  8.8000000e-001 -5.7333333e-001
  8.9333333e-001 -4.0000000e-001
  9.0666667e-001 -2.2666667e-001
  9.2000000e-001 -5.3333333e-002
  9.3333333e-001  1.2000000e-001
  9.4666667e-001  2.9333333e-001
  9.6000000e-001  4.6666667e-001
  9.7333333e-001  6.4000000e-001
  9.8666667e-001  8.1333333e-001
  1.0000000e+000  9.8666667e-001
