 -1.0000000e+000 -2.7272727e-001
 -9.8181818e-001  4.7272727e-001
 -9.6363636e-001 -8.1818182e-001
 -9.4545455e-001 -7.2727273e-002
 -9.2727273e-001  6.7272727e-001
 -9.0909091e-001 -6.1818182e-001
 -8.9090909e-001  1.2727273e-001
 -8.7272727e-001  8.7272727e-001
 -8.5454545e-001 -4.1818182e-001
 -8.3636364e-001  3.2727273e-001
 -8.1818182e-001 -9.6363636e-001
 -8.0000000e-001 -2.1818182e-001
 -7.8181818e-001  5.2727273e-001
 -7.6363636e-001 -7.6363636e-001
 -7.4545455e-001 -1.8181818e-002
 -7.2727273e-001  7.2727273e-001
 -7.0909091e-001 -5.6363636e-001
 -6.9090909e-001  1.8181818e-001
 -6.7272727e-001  9.2727273e-001
 -6.5454545e-001 -3.6363636e-001
 -6.3636364e-001  3.8181818e-001
 -6.1818182e-001 -9.0909091e-001
 -6.0000000e-001 -1.6363636e-001
 -5.8181818e-001  5.8181818e-001
 -5.6363636e-001 -7.0909091e-001
 -5.4545455e-001  3.6363636e-002
 -5.2727273e-001  7.8181818e-001
 -5.0909091e-001 -5.0909091e-001
 -4.9090909e-001  2.3636364e-001
 -4.7272727e-001  9.8181818e-001
 -4.5454545e-001 -3.0909091e-001
 -4.3636364e-001  4.3636364e-001
 -4.1818182e-001 -8.5454545e-001
 -4.0000000e-001 -1.0909091e-001
 -3.8181818e-001  6.3636364e-001
 -3.6363636e-001 -6.5454545e-001
 -3.4545455e-001  9.0909091e-002
 -3.2727273e-001  8.3636364e-001
 -3.0909091e-001 -4.5454545e-001
 -2.9090909e-001  2.9090909e-001
 -2.7272727e-001 -1.0000000e+000
 -2.5454545e-001 -2.5454545e-001
 -2.3636364e-001  4.9090909e-001
 -2.1818182e-001 -8.0000000e-001
 -2.0000000e-001 -5.4545455e-002
 -1.8181818e-001  6.9090909e-001
 -1.6363636e-001 -6.0000000e-001
 -1.4545455e-001  1.4545455e-001
 -1.2727273e-001  8.9090909e-001
 -1.0909091e-001 -4.0000000e-001
 -9.0909091e-002  3.4545455e-001
 -7.2727273e-002 -9.4545455e-001
 -5.4545455e-002 -2.0000000e-001
 -3.6363636e-002  5.4545455e-001
 -1.8181818e-002 -7.4545455e-001
  0.0000000e+000  0.0000000e+000
  1.8181818e-002  7.4545455e-001
  3.6363636e-002 -5.4545455e-001
  5.4545455e-002  2.0000000e-001
  7.2727273e-002  9.4545455e-001
  9.0909091e-002 -3.4545455e-001
  1.0909091e-001  4.0000000e-001
  1.2727273e-001 -8.9090909e-001
  1.4545455e-001 -1.4545455e-001
  1.6363636e-001  6.0000000e-001
  1.8181818e-001 -6.9090909e-001
  2.0000000e-001  5.4545455e-002
  2.1818182e-001  8.0000000e-001
  2.3636364e-001 -4.9090909e-001
  2.5454545e-001  2.5454545e-001
  2.7272727e-001  1.0000000e+000
  2.9090909e-001 -2.9090909e-001
  3.0909091e-001  4.5454545e-001
  3.2727273e-001 -8.3636364e-001
  3.4545455e-001 -9.0909091e-002
  3.6363636e-001  6.5454545e-001
  3.8181818e-001 -6.3636364e-001
  4.0000000e-001  1.0909091e-001
  4.1818182e-001  8.5454545e-001
  4.3636364e-001 -4.3636364e-001
  4.5454545e-001  3.0909091e-001
  4.7272727e-001 -9.8181818e-001
  4.9090909e-001 -2.3636364e-001
  5.0909091e-001  5.0909091e-001
  5.2727273e-001 -7.8181818e-001
  5.4545455e-001 -3.6363636e-002
  5.6363636e-001  7.0909091e-001
  5.8181818e-001 -5.8181818e-001
  6.0000000e-001  1.6363636e-001
  6.1818182e-001  9.0909091e-001
  6.3636364e-001 -3.8181818e-001
  6.5454545e-001  3.6363636e-001
  6.7272727e-001 -9.2727273e-001
  6.9090909e-001 -1.8181818e-001
  7.0909091e-001  5.6363636e-001
  7.2727273e-001 -7.2727273e-001
  7.4545455e-001  1.8181818e-002
  7.6363636e-001  7.6363636e-001
  7.8181818e-001 -5.2727273e-001
  8.0000000e-001  2.1818182e-001
  8.1818182e-001  9.6363636e-001
  8.3636364e-001 -3.2727273e-001
  8.5454545e-001  4.1818182e-001
  8.7272727e-001 -8.7272727e-001
  8.9090909e-001 -1.2727273e-001
  9.0909091e-001  6.1818182e-001
  9.2727273e-001 -6.7272727e-001
  9.4545455e-001  7.2727273e-002
  9.6363636e-001  8.1818182e-001
  9.8181818e-001 -4.7272727e-001
  1.0000000e+000  2.7272727e-001
