 -1.0000000e+000 -5.8011050e-001
 -9.8895028e-001 -1.4917127e-001
 -9.7790055e-001  2.8176796e-001
 -9.6685083e-001  7.1270718e-001
 -9.5580110e-001 -8.5635359e-001
 -9.4475138e-001 -4.2541436e-001
 -9.3370166e-001  5.5248619e-003
 -9.2265193e-001  4.3646409e-001
 -9.1160221e-001  8.6740331e-001
 -9.0055249e-001 -7.0165746e-001
 -8.8950276e-001 -2.7071823e-001
 -8.7845304e-001  1.6022099e-001
 -8.6740331e-001  5.9116022e-001
 -8.5635359e-001 -9.7790055e-001
 -8.4530387e-001 -5.4696133e-001
 -8.3425414e-001 -1.1602210e-001
 -8.2320442e-001  3.1491713e-001
 -8.1215470e-001  7.4585635e-001
 -8.0110497e-001 -8.2320442e-001
 -7.9005525e-001 -3.9226519e-001
 -7.7900552e-001  3.8674033e-002
 -7.6795580e-001  4.6961326e-001
 -7.5690608e-001  9.0055249e-001
 -7.4585635e-001 -6.6850829e-001
 -7.3480663e-001 -2.3756906e-001
 -7.2375691e-001  1.9337017e-001
 -7.1270718e-001  6.2430939e-001
 -7.0165746e-001 -9.4475138e-001
 -6.9060773e-001 -5.1381215e-001
 -6.7955801e-001 -8.2872928e-002
 -6.6850829e-001  3.4806630e-001
 -6.5745856e-001  7.7900552e-001
 -6.4640884e-001 -7.9005525e-001
 -6.3535912e-001 -3.5911602e-001
 -6.2430939e-001  7.1823204e-002
 -6.1325967e-001  5.0276243e-001
 -6.0220994e-001  9.3370166e-001
 -5.9116022e-001 -6.3535912e-001
 -5.8011050e-001 -2.0441989e-001
 -5.6906077e-001  2.2651934e-001
 -5.5801105e-001  6.5745856e-001
 -5.4696133e-001 -9.1160221e-001
 -5.3591160e-001 -4.8066298e-001
 -5.2486188e-001 -4.9723757e-002
 -5.1381215e-001  3.8121547e-001
 -5.0276243e-001  8.1215470e-001
 -4.9171271e-001 -7.5690608e-001
 -4.8066298e-001 -3.2596685e-001
 -4.6961326e-001  1.0497238e-001
 -4.5856354e-001  5.3591160e-001
 -4.4751381e-001  9.6685083e-001
 -4.3646409e-001 -6.0220994e-001
 -4.2541436e-001 -1.7127072e-001
 -4.1436464e-001  2.5966851e-001
 -4.0331492e-001  6.9060773e-001
 -3.9226519e-001 -8.7845304e-001
 -3.8121547e-001 -4.4751381e-001
 -3.7016575e-001 -1.6574586e-002
 -3.5911602e-001  4.1436464e-001
 -3.4806630e-001  8.4530387e-001
 -3.3701657e-001 -7.2375691e-001
 -3.2596685e-001 -2.9281768e-001
 -3.1491713e-001  1.3812155e-001
 -3.0386740e-001  5.6906077e-001
 -2.9281768e-001  1.0000000e+000
 -2.8176796e-001 -1.0000000e+000
 -2.7071823e-001 -5.6906077e-001
 -2.5966851e-001 -1.3812155e-001
 -2.4861878e-001  2.9281768e-001
 -2.3756906e-001  7.2375691e-001
 -2.2651934e-001 -8.4530387e-001
 -2.1546961e-001 -4.1436464e-001
 -2.0441989e-001  1.6574586e-002
 -1.9337017e-001  4.4751381e-001
 -1.8232044e-001  8.7845304e-001
 -1.7127072e-001 -6.9060773e-001
 -1.6022099e-001 -2.5966851e-001
 -1.4917127e-001  1.7127072e-001
 -1.3812155e-001  6.0220994e-001
 -1.2707182e-001 -9.6685083e-001
 -1.1602210e-001 -5.3591160e-001
 -1.0497238e-001 -1.0497238e-001
 -9.3922652e-002  3.2596685e-001
 -8.2872928e-002  7.5690608e-001
 -7.1823204e-002 -8.1215470e-001
 -6.0773481e-002 -3.8121547e-001
 -4.9723757e-002  4.9723757e-002
 -3.8674033e-002  4.8066298e-001
 -2.7624309e-002  9.1160221e-001
 -1.6574586e-002 -6.5745856e-001
 -5.5248619e-003 -2.2651934e-001
  5.5248619e-003  2.0441989e-001
  1.6574586e-002  6.3535912e-001
  2.7624309e-002 -9.3370166e-001
  3.8674033e-002 -5.0276243e-001
  4.9723757e-002 -7.1823204e-002
  6.0773481e-002  3.5911602e-001
  7.1823204e-002  7.9005525e-001
  8.2872928e-002 -7.7900552e-001
  9.3922652e-002 -3.4806630e-001
  1.0497238e-001  8.2872928e-002
  1.1602210e-001  5.1381215e-001
  1.2707182e-001  9.4475138e-001
  1.3812155e-001 -6.2430939e-001
  1.4917127e-001 -1.9337017e-001
  1.6022099e-001  2.3756906e-001
  1.7127072e-001  6.6850829e-001
  1.8232044e-001 -9.0055249e-001
  1.9337017e-001 -4.6961326e-001
  2.0441989e-001 -3.8674033e-002
  2.1546961e-001  3.9226519e-001
  2.2651934e-001  8.2320442e-001
  2.3756906e-001 -7.4585635e-001
  2.4861878e-001 -3.1491713e-001
  2.5966851e-001  1.1602210e-001
  2.7071823e-001  5.4696133e-001
  2.8176796e-001  9.7790055e-001
  2.9281768e-001 -5.9116022e-001
  3.0386740e-001 -1.6022099e-001
  3.1491713e-001  2.7071823e-001
  3.2596685e-001  7.0165746e-001
  3.3701657e-001 -8.6740331e-001
  3.4806630e-001 -4.3646409e-001
  3.5911602e-001 -5.5248619e-003
  3.7016575e-001  4.2541436e-001
  3.8121547e-001  8.5635359e-001
  3.9226519e-001 -7.1270718e-001
  4.0331492e-001 -2.8176796e-001
  4.1436464e-001  1.4917127e-001
  4.2541436e-001  5.8011050e-001
  4.3646409e-001 -9.8895028e-001
  4.4751381e-001 -5.5801105e-001
  4.5856354e-001 -1.2707182e-001
  4.6961326e-001  3.0386740e-001
  4.8066298e-001  7.3480663e-001
  4.9171271e-001 -8.3425414e-001
  5.0276243e-001 -4.0331492e-001
  5.1381215e-001  2.7624309e-002
  5.2486188e-001  4.5856354e-001
  5.3591160e-001  8.8950276e-001
  5.4696133e-001 -6.7955801e-001
  5.5801105e-001 -2.4861878e-001
  5.6906077e-001  1.8232044e-001
  5.8011050e-001  6.1325967e-001
  5.9116022e-001 -9.5580110e-001
  6.0220994e-001 -5.2486188e-001
  6.1325967e-001 -9.3922652e-002
  6.2430939e-001  3.3701657e-001
  6.3535912e-001  7.6795580e-001
  6.4640884e-001 -8.0110497e-001
  6.5745856e-001 -3.7016575e-001
  6.6850829e-001  6.0773481e-002
  6.7955801e-001  4.9171271e-001
  6.9060773e-001  9.2265193e-001
  7.0165746e-001 -6.4640884e-001
  7.1270718e-001 -2.1546961e-001
  7.2375691e-001  2.1546961e-001
  7.3480663e-001  6.4640884e-001
  7.4585635e-001 -9.2265193e-001
  7.5690608e-001 -4.9171271e-001
  7.6795580e-001 -6.0773481e-002
  7.7900552e-001  3.7016575e-001
  7.9005525e-001  8.0110497e-001
  8.0110497e-001 -7.6795580e-001
  8.1215470e-001 -3.3701657e-001
  8.2320442e-001  9.3922652e-002
  8.3425414e-001  5.2486188e-001
  8.4530387e-001  9.5580110e-001
  8.5635359e-001 -6.1325967e-001
  8.6740331e-001 -1.8232044e-001
  8.7845304e-001  2.4861878e-001
  8.8950276e-001  6.7955801e-001
  9.0055249e-001 -8.8950276e-001
  9.1160221e-001 -4.5856354e-001
  9.2265193e-001 -2.7624309e-002
  9.3370166e-001  4.0331492e-001
  9.4475138e-001  8.3425414e-001
  9.5580110e-001 -7.3480663e-001
  9.6685083e-001 -3.0386740e-001
  9.7790055e-001  1.2707182e-001
  9.8895028e-001  5.5801105e-001
  1.0000000e+000  9.8895028e-001
