 -1.0000000e+000 -1.8181818e-001
 -9.5454545e-001  6.8181818e-001
 -9.0909091e-001 -5.0000000e-001
 -8.6363636e-001  3.6363636e-001
 -8.1818182e-001 -8.1818182e-001
 -7.7272727e-001  4.5454545e-002
 -7.2727273e-001  9.0909091e-001
 -6.8181818e-001 -2.7272727e-001
 -6.3636364e-001  5.9090909e-001
 -5.9090909e-001 -5.9090909e-001
 -5.4545455e-001  2.7272727e-001
 -5.0000000e-001 -9.0909091e-001
 -4.5454545e-001 -4.5454545e-002
 -4.0909091e-001  8.1818182e-001
 -3.6363636e-001 -3.6363636e-001
 -3.1818182e-001  5.0000000e-001
 -2.7272727e-001 -6.8181818e-001
 -2.2727273e-001  1.8181818e-001
 -1.8181818e-001 -1.0000000e+000
 -1.3636364e-001 -1.3636364e-001
 -9.0909091e-002  7.2727273e-001
 -4.5454545e-002 -4.5454545e-001
  0.0000000e+000  4.0909091e-001
  4.5454545e-002 -7.7272727e-001
  9.0909091e-002  9.0909091e-002
  1.3636364e-001  9.5454545e-001
  1.8181818e-001 -2.2727273e-001
  2.2727273e-001  6.3636364e-001
  2.7272727e-001 -5.4545455e-001
  3.1818182e-001  3.1818182e-001
  3.6363636e-001 -8.6363636e-001
  4.0909091e-001  0.0000000e+000
  4.5454545e-001  8.6363636e-001
  5.0000000e-001 -3.1818182e-001
  5.4545455e-001  5.4545455e-001
  5.9090909e-001 -6.3636364e-001
  6.3636364e-001  2.2727273e-001
  6.8181818e-001 -9.5454545e-001
  7.2727273e-001 -9.0909091e-002
  7.7272727e-001  7.7272727e-001
  8.1818182e-001 -4.0909091e-001
  8.6363636e-001  4.5454545e-001
  9.0909091e-001 -7.2727273e-001
  9.5454545e-001  1.3636364e-001
  1.0000000e+000  1.0000000e+000
