 -1.0000000e+000 -7.0588235e-001
 -9.4117647e-001 -3.5294118e-001
 -8.8235294e-001  0.0000000e+000
 -8.2352941e-001  3.5294118e-001
 -7.6470588e-001  7.0588235e-001
 -7.0588235e-001 -1.0000000e+000
 -6.4705882e-001 -6.4705882e-001
 -5.8823529e-001 -2.9411765e-001
 -5.2941176e-001  5.8823529e-002
 -4.7058824e-001  4.1176471e-001
 -4.1176471e-001  7.6470588e-001
 -3.5294118e-001 -9.4117647e-001
 -2.9411765e-001 -5.8823529e-001
 -2.3529412e-001 -2.3529412e-001
 -1.7647059e-001  1.1764706e-001
 -1.1764706e-001  4.7058824e-001
 -5.8823529e-002  8.2352941e-001
  0.0000000e+000 -8.8235294e-001
  5.8823529e-002 -5.2941176e-001
  1.1764706e-001 -1.7647059e-001
  1.7647059e-001  1.7647059e-001
  2.3529412e-001  5.2941176e-001
  2.9411765e-001  8.8235294e-001
  3.5294118e-001 -8.2352941e-001
  4.1176471e-001 -4.7058824e-001
  4.7058824e-001 -1.1764706e-001
  5.2941176e-001  2.3529412e-001
  5.8823529e-001  5.8823529e-001
  6.4705882e-001  9.4117647e-001
  7.0588235e-001 -7.6470588e-001
  7.6470588e-001 -4.1176471e-001
  8.2352941e-001 -5.8823529e-002
  8.8235294e-001  2.9411765e-001
  9.4117647e-001  6.4705882e-001
  1.0000000e+000  1.0000000e+000
