 -1.0000000e+000 -8.5263158e-001
 -9.8947368e-001 -6.9473684e-001
 -9.7894737e-001 -5.3684211e-001
 -9.6842105e-001 -3.7894737e-001
 -9.5789474e-001 -2.2105263e-001
 -9.4736842e-001 -6.3157895e-002
 -9.3684211e-001  9.4736842e-002
 -9.2631579e-001  2.5263158e-001
 -9.1578947e-001  4.1052632e-001
 -9.0526316e-001  5.6842105e-001
 -8.9473684e-001  7.2631579e-001
 -8.8421053e-001  8.8421053e-001
 -8.7368421e-001 -9.3684211e-001
 -8.6315789e-001 -7.7894737e-001
 -8.5263158e-001 -6.2105263e-001
 -8.4210526e-001 -4.6315789e-001
 -8.3157895e-001 -3.0526316e-001
 -8.2105263e-001 -1.4736842e-001
 -8.1052632e-001  1.0526316e-002
 -8.0000000e-001  1.6842105e-001
 -7.8947368e-001  3.2631579e-001
 -7.7894737e-001  4.8421053e-001
 -7.6842105e-001  6.4210526e-001
 -7.5789474e-001  8.0000000e-001
 -7.4736842e-001  9.5789474e-001
 -7.3684211e-001 -8.6315789e-001
 -7.2631579e-001 -7.0526316e-001
 -7.1578947e-001 -5.4736842e-001
 -7.0526316e-001 -3.8947368e-001
 -6.9473684e-001 -2.3157895e-001
 -6.8421053e-001 -7.3684211e-002
 -6.7368421e-001  8.4210526e-002
 -6.6315789e-001  2.4210526e-001
 -6.5263158e-001  4.0000000e-001
 -6.4210526e-001  5.5789474e-001
 -6.3157895e-001  7.1578947e-001
 -6.2105263e-001  8.7368421e-001
 -6.1052632e-001 -9.4736842e-001
 -6.0000000e-001 -7.8947368e-001
 -5.8947368e-001 -6.3157895e-001
 -5.7894737e-001 -4.7368421e-001
 -5.6842105e-001 -3.1578947e-001
 -5.5789474e-001 -1.5789474e-001
 -5.4736842e-001  0.0000000e+000
 -5.3684211e-001  1.5789474e-001
 -5.2631579e-001  3.1578947e-001
 -5.1578947e-001  4.7368421e-001
 -5.0526316e-001  6.3157895e-001
 -4.9473684e-001  7.8947368e-001
 -4.8421053e-001  9.4736842e-001
 -4.7368421e-001 -8.7368421e-001
 -4.6315789e-001 -7.1578947e-001
 -4.5263158e-001 -5.5789474e-001
 -4.4210526e-001 -4.0000000e-001
 -4.3157895e-001 -2.4210526e-001
 -4.2105263e-001 -8.4210526e-002
 -4.1052632e-001  7.3684211e-002
 -4.0000000e-001  2.3157895e-001
 -3.8947368e-001  3.8947368e-001
 -3.7894737e-001  5.4736842e-001
 -3.6842105e-001  7.0526316e-001
 -3.5789474e-001  8.6315789e-001
 -3.4736842e-001 -9.5789474e-001
 -3.3684211e-001 -8.0000000e-001
 -3.2631579e-001 -6.4210526e-001
 -3.1578947e-001 -4.8421053e-001
 -3.0526316e-001 -3.2631579e-001
 -2.9473684e-001 -1.6842105e-001
 -2.8421053e-001 -1.0526316e-002
 -2.7368421e-001  1.4736842e-001
 -2.6315789e-001  3.0526316e-001
 -2.5263158e-001  4.6315789e-001
 -2.4210526e-001  6.2105263e-001
 -2.3157895e-001  7.7894737e-001
 -2.2105263e-001  9.3684211e-001
 -2.1052632e-001 -8.8421053e-001
 -2.0000000e-001 -7.2631579e-001
 -1.8947368e-001 -5.6842105e-001
 -1.7894737e-001 -4.1052632e-001
 -1.6842105e-001 -2.5263158e-001
 -1.5789474e-001 -9.4736842e-002
 -1.4736842e-001  6.3157895e-002
 -1.3684211e-001  2.2105263e-001
 -1.2631579e-001  3.7894737e-001
 -1.1578947e-001  5.3684211e-001
 -1.0526316e-001  6.9473684e-001
 -9.4736842e-002  8.5263158e-001
 -8.4210526e-002 -9.6842105e-001
 -7.3684211e-002 -8.1052632e-001
 -6.3157895e-002 -6.5263158e-001
 -5.2631579e-002 -4.9473684e-001
 -4.2105263e-002 -3.3684211e-001
 -3.1578947e-002 -1.7894737e-001
 -2.1052632e-002 -2.1052632e-002
 -1.0526316e-002  1.3684211e-001
  0.0000000e+000  2.9473684e-001
  1.0526316e-002  4.5263158e-001
  2.1052632e-002  6.1052632e-001
  3.1578947e-002  7.6842105e-001
  4.2105263e-002  9.2631579e-001
  5.2631579e-002 -8.9473684e-001
  6.3157895e-002 -7.3684211e-001
  7.3684211e-002 -5.7894737e-001
  8.4210526e-002 -4.2105263e-001
  9.4736842e-002 -2.6315789e-001
  1.0526316e-001 -1.0526316e-001
  1.1578947e-001  5.2631579e-002
  1.2631579e-001  2.1052632e-001
  1.3684211e-001  3.6842105e-001
  1.4736842e-001  5.2631579e-001
  1.5789474e-001  6.8421053e-001
  1.6842105e-001  8.4210526e-001
  1.7894737e-001  1.0000000e+000
  1.8947368e-001 -9.7894737e-001
  2.0000000e-001 -8.2105263e-001
  2.1052632e-001 -6.6315789e-001
  2.2105263e-001 -5.0526316e-001
  2.3157895e-001 -3.4736842e-001
  2.4210526e-001 -1.8947368e-001
  2.5263158e-001 -3.1578947e-002
  2.6315789e-001  1.2631579e-001
  2.7368421e-001  2.8421053e-001
  2.8421053e-001  4.4210526e-001
  2.9473684e-001  6.0000000e-001
  3.0526316e-001  7.5789474e-001
  3.1578947e-001  9.1578947e-001
  3.2631579e-001 -9.0526316e-001
  3.3684211e-001 -7.4736842e-001
  3.4736842e-001 -5.8947368e-001
  3.5789474e-001 -4.3157895e-001
  3.6842105e-001 -2.7368421e-001
  3.7894737e-001 -1.1578947e-001
  3.8947368e-001  4.2105263e-002
  4.0000000e-001  2.0000000e-001
  4.1052632e-001  3.5789474e-001
  4.2105263e-001  5.1578947e-001
  4.3157895e-001  6.7368421e-001
  4.4210526e-001  8.3157895e-001
  4.5263158e-001  9.8947368e-001
  4.6315789e-001 -9.8947368e-001
  4.7368421e-001 -8.3157895e-001
  4.8421053e-001 -6.7368421e-001
  4.9473684e-001 -5.1578947e-001
  5.0526316e-001 -3.5789474e-001
  5.1578947e-001 -2.0000000e-001
  5.2631579e-001 -4.2105263e-002
  5.3684211e-001  1.1578947e-001
  5.4736842e-001  2.7368421e-001
  5.5789474e-001  4.3157895e-001
  5.6842105e-001  5.8947368e-001
  5.7894737e-001  7.4736842e-001
  5.8947368e-001  9.0526316e-001
  6.0000000e-001 -9.1578947e-001
  6.1052632e-001 -7.5789474e-001
  6.2105263e-001 -6.0000000e-001
  6.3157895e-001 -4.4210526e-001
  6.4210526e-001 -2.8421053e-001
  6.5263158e-001 -1.2631579e-001
  6.6315789e-001  3.1578947e-002
  6.7368421e-001  1.8947368e-001
  6.8421053e-001  3.4736842e-001
  6.9473684e-001  5.0526316e-001
  7.0526316e-001  6.6315789e-001
  7.1578947e-001  8.2105263e-001
  7.2631579e-001  9.7894737e-001
  7.3684211e-001 -1.0000000e+000
  7.4736842e-001 -8.4210526e-001
  7.5789474e-001 -6.8421053e-001
  7.6842105e-001 -5.2631579e-001
  7.7894737e-001 -3.6842105e-001
  7.8947368e-001 -2.1052632e-001
  8.0000000e-001 -5.2631579e-002
  8.1052632e-001  1.0526316e-001
  8.2105263e-001  2.6315789e-001
  8.3157895e-001  4.2105263e-001
  8.4210526e-001  5.7894737e-001
  8.5263158e-001  7.3684211e-001
  8.6315789e-001  8.9473684e-001
  8.7368421e-001 -9.2631579e-001
  8.8421053e-001 -7.6842105e-001
  8.9473684e-001 -6.1052632e-001
  9.0526316e-001 -4.5263158e-001
  9.1578947e-001 -2.9473684e-001
  9.2631579e-001 -1.3684211e-001
  9.3684211e-001  2.1052632e-002
  9.4736842e-001  1.7894737e-001
  9.5789474e-001  3.3684211e-001
  9.6842105e-001  4.9473684e-001
  9.7894737e-001  6.5263158e-001
  9.8947368e-001  8.1052632e-001
  1.0000000e+000  9.6842105e-001
