 -1.0000000e+000 -8.3206107e-001
 -9.8473282e-001 -6.4885496e-001
 -9.6946565e-001 -4.6564885e-001
 -9.5419847e-001 -2.8244275e-001
 -9.3893130e-001 -9.9236641e-002
 -9.2366412e-001  8.3969466e-002
 -9.0839695e-001  2.6717557e-001
 -8.9312977e-001  4.5038168e-001
 -8.7786260e-001  6.3358779e-001
 -8.6259542e-001  8.1679389e-001
 -8.4732824e-001  1.0000000e+000
 -8.3206107e-001 -9.3893130e-001
 -8.1679389e-001 -7.5572519e-001
 -8.0152672e-001 -5.7251908e-001
 -7.8625954e-001 -3.8931298e-001
 -7.7099237e-001 -2.0610687e-001
 -7.5572519e-001 -2.2900763e-002
 -7.4045802e-001  1.6030534e-001
 -7.2519084e-001  3.4351145e-001
 -7.0992366e-001  5.2671756e-001
 -6.9465649e-001  7.0992366e-001
 -6.7938931e-001  8.9312977e-001
 -6.6412214e-001 -8.6259542e-001
 -6.4885496e-001 -6.7938931e-001
 -6.3358779e-001 -4.9618321e-001
 -6.1832061e-001 -3.1297710e-001
 -6.0305344e-001 -1.2977099e-001
 -5.8778626e-001  5.3435115e-002
 -5.7251908e-001  2.3664122e-001
 -5.5725191e-001  4.1984733e-001
 -5.4198473e-001  6.0305344e-001
 -5.2671756e-001  7.8625954e-001
 -5.1145038e-001  9.6946565e-001
 -4.9618321e-001 -9.6946565e-001
 -4.8091603e-001 -7.8625954e-001
 -4.6564885e-001 -6.0305344e-001
 -4.5038168e-001 -4.1984733e-001
 -4.3511450e-001 -2.3664122e-001
 -4.1984733e-001 -5.3435115e-002
 -4.0458015e-001  1.2977099e-001
 -3.8931298e-001  3.1297710e-001
 -3.7404580e-001  4.9618321e-001
 -3.5877863e-001  6.7938931e-001
 -3.4351145e-001  8.6259542e-001
 -3.2824427e-001 -8.9312977e-001
 -3.1297710e-001 -7.0992366e-001
 -2.9770992e-001 -5.2671756e-001
 -2.8244275e-001 -3.4351145e-001
 -2.6717557e-001 -1.6030534e-001
 -2.5190840e-001  2.2900763e-002
 -2.3664122e-001  2.0610687e-001
 -2.2137405e-001  3.8931298e-001
 -2.0610687e-001  5.7251908e-001
 -1.9083969e-001  7.5572519e-001
 -1.7557252e-001  9.3893130e-001
 -1.6030534e-001 -1.0000000e+000
 -1.4503817e-001 -8.1679389e-001
 -1.2977099e-001 -6.3358779e-001
 -1.1450382e-001 -4.5038168e-001
 -9.9236641e-002 -2.6717557e-001
 -8.3969466e-002 -8.3969466e-002
 -6.8702290e-002  9.9236641e-002
 -5.3435115e-002  2.8244275e-001
 -3.8167939e-002  4.6564885e-001
 -2.2900763e-002  6.4885496e-001
 -7.6335878e-003  8.3206107e-001
  7.6335878e-003 -9.2366412e-001
  2.2900763e-002 -7.4045802e-001
  3.8167939e-002 -5.5725191e-001
  5.3435115e-002 -3.7404580e-001
  6.8702290e-002 -1.9083969e-001
  8.3969466e-002 -7.6335878e-003
  9.9236641e-002  1.7557252e-001
  1.1450382e-001  3.5877863e-001
  1.2977099e-001  5.4198473e-001
  1.4503817e-001  7.2519084e-001
  1.6030534e-001  9.0839695e-001
  1.7557252e-001 -8.4732824e-001
  1.9083969e-001 -6.6412214e-001
  2.0610687e-001 -4.8091603e-001
  2.2137405e-001 -2.9770992e-001
  2.3664122e-001 -1.1450382e-001
  2.5190840e-001  6.8702290e-002
  2.6717557e-001  2.5190840e-001
  2.8244275e-001  4.3511450e-001
  2.9770992e-001  6.1832061e-001
  3.1297710e-001  8.0152672e-001
  3.2824427e-001  9.8473282e-001
  3.4351145e-001 -9.5419847e-001
  3.5877863e-001 -7.7099237e-001
  3.7404580e-001 -5.8778626e-001
  3.8931298e-001 -4.0458015e-001
  4.0458015e-001 -2.2137405e-001
  4.1984733e-001 -3.8167939e-002
  4.3511450e-001  1.4503817e-001
  4.5038168e-001  3.2824427e-001
  4.6564885e-001  5.1145038e-001
  4.8091603e-001  6.9465649e-001
  4.9618321e-001  8.7786260e-001
  5.1145038e-001 -8.7786260e-001
  5.2671756e-001 -6.9465649e-001
  5.4198473e-001 -5.1145038e-001
  5.5725191e-001 -3.2824427e-001
  5.7251908e-001 -1.4503817e-001
  5.8778626e-001  3.8167939e-002
  6.0305344e-001  2.2137405e-001
  6.1832061e-001  4.0458015e-001
  6.3358779e-001  5.8778626e-001
  6.4885496e-001  7.7099237e-001
  6.6412214e-001  9.5419847e-001
  6.7938931e-001 -9.8473282e-001
  6.9465649e-001 -8.0152672e-001
  7.0992366e-001 -6.1832061e-001
  7.2519084e-001 -4.3511450e-001
  7.4045802e-001 -2.5190840e-001
  7.5572519e-001 -6.8702290e-002
  7.7099237e-001  1.1450382e-001
  7.8625954e-001  2.9770992e-001
  8.0152672e-001  4.8091603e-001
  8.1679389e-001  6.6412214e-001
  8.3206107e-001  8.4732824e-001
  8.4732824e-001 -9.0839695e-001
  8.6259542e-001 -7.2519084e-001
  8.7786260e-001 -5.4198473e-001
  8.9312977e-001 -3.5877863e-001
  9.0839695e-001 -1.7557252e-001
  9.2366412e-001  7.6335878e-003
  9.3893130e-001  1.9083969e-001
  9.5419847e-001  3.7404580e-001
  9.6946565e-001  5.5725191e-001
  9.8473282e-001  7.4045802e-001
  1.0000000e+000  9.2366412e-001
