 -1.0000000e+000 -6.3636364e-001
 -9.0909091e-001 -1.8181818e-001
 -8.1818182e-001  2.7272727e-001
 -7.2727273e-001  7.2727273e-001
 -6.3636364e-001 -1.0000000e+000
 -5.4545455e-001 -5.4545455e-001
 -4.5454545e-001 -9.0909091e-002
 -3.6363636e-001  3.6363636e-001
 -2.7272727e-001  8.1818182e-001
 -1.8181818e-001 -9.0909091e-001
 -9.0909091e-002 -4.5454545e-001
  0.0000000e+000  0.0000000e+000
  9.0909091e-002  4.5454545e-001
  1.8181818e-001  9.0909091e-001
  2.7272727e-001 -8.1818182e-001
  3.6363636e-001 -3.6363636e-001
  4.5454545e-001  9.0909091e-002
  5.4545455e-001  5.4545455e-001
  6.3636364e-001  1.0000000e+000
  7.2727273e-001 -7.2727273e-001
  8.1818182e-001 -2.7272727e-001
  9.0909091e-001  1.8181818e-001
  1.0000000e+000  6.3636364e-001
