 -1.0000000e+000 -8.1308411e-001
 -9.8130841e-001 -6.0747664e-001
 -9.6261682e-001 -4.0186916e-001
 -9.4392523e-001 -1.9626168e-001
 -9.2523364e-001  9.3457944e-003
 -9.0654206e-001  2.1495327e-001
 -8.8785047e-001  4.2056075e-001
 -8.6915888e-001  6.2616822e-001
 -8.5046729e-001  8.3177570e-001
 -8.3177570e-001 -9.2523364e-001
 -8.1308411e-001 -7.1962617e-001
 -7.9439252e-001 -5.1401869e-001
 -7.7570093e-001 -3.0841121e-001
 -7.5700935e-001 -1.0280374e-001
 -7.3831776e-001  1.0280374e-001
 -7.1962617e-001  3.0841121e-001
 -7.0093458e-001  5.1401869e-001
 -6.8224299e-001  7.1962617e-001
 -6.6355140e-001  9.2523364e-001
 -6.4485981e-001 -8.3177570e-001
 -6.2616822e-001 -6.2616822e-001
 -6.0747664e-001 -4.2056075e-001
 -5.8878505e-001 -2.1495327e-001
 -5.7009346e-001 -9.3457944e-003
 -5.5140187e-001  1.9626168e-001
 -5.3271028e-001  4.0186916e-001
 -5.1401869e-001  6.0747664e-001
 -4.9532710e-001  8.1308411e-001
 -4.7663551e-001 -9.4392523e-001
 -4.5794393e-001 -7.3831776e-001
 -4.3925234e-001 -5.3271028e-001
 -4.2056075e-001 -3.2710280e-001
 -4.0186916e-001 -1.2149533e-001
 -3.8317757e-001  8.4112150e-002
 -3.6448598e-001  2.8971963e-001
 -3.4579439e-001  4.9532710e-001
 -3.2710280e-001  7.0093458e-001
 -3.0841121e-001  9.0654206e-001
 -2.8971963e-001 -8.5046729e-001
 -2.7102804e-001 -6.4485981e-001
 -2.5233645e-001 -4.3925234e-001
 -2.3364486e-001 -2.3364486e-001
 -2.1495327e-001 -2.8037383e-002
 -1.9626168e-001  1.7757009e-001
 -1.7757009e-001  3.8317757e-001
 -1.5887850e-001  5.8878505e-001
 -1.4018692e-001  7.9439252e-001
 -1.2149533e-001  1.0000000e+000
 -1.0280374e-001 -9.6261682e-001
 -8.4112150e-002 -7.5700935e-001
 -6.5420561e-002 -5.5140187e-001
 -4.6728972e-002 -3.4579439e-001
 -2.8037383e-002 -1.4018692e-001
 -9.3457944e-003  6.5420561e-002
  9.3457944e-003  2.7102804e-001
  2.8037383e-002  4.7663551e-001
  4.6728972e-002  6.8224299e-001
  6.5420561e-002  8.8785047e-001
  8.4112150e-002 -8.6915888e-001
  1.0280374e-001 -6.6355140e-001
  1.2149533e-001 -4.5794393e-001
  1.4018692e-001 -2.5233645e-001
  1.5887850e-001 -4.6728972e-002
  1.7757009e-001  1.5887850e-001
  1.9626168e-001  3.6448598e-001
  2.1495327e-001  5.7009346e-001
  2.3364486e-001  7.7570093e-001
  2.5233645e-001  9.8130841e-001
  2.7102804e-001 -9.8130841e-001
  2.8971963e-001 -7.7570093e-001
  3.0841121e-001 -5.7009346e-001
  3.2710280e-001 -3.6448598e-001
  3.4579439e-001 -1.5887850e-001
  3.6448598e-001  4.6728972e-002
  3.8317757e-001  2.5233645e-001
  4.0186916e-001  4.5794393e-001
  4.2056075e-001  6.6355140e-001
  4.3925234e-001  8.6915888e-001
  4.5794393e-001 -8.8785047e-001
  4.7663551e-001 -6.8224299e-001
  4.9532710e-001 -4.7663551e-001
  5.1401869e-001 -2.7102804e-001
  5.3271028e-001 -6.5420561e-002
  5.5140187e-001  1.4018692e-001
  5.7009346e-001  3.4579439e-001
  5.8878505e-001  5.5140187e-001
  6.0747664e-001  7.5700935e-001
  6.2616822e-001  9.6261682e-001
  6.4485981e-001 -1.0000000e+000
  6.6355140e-001 -7.9439252e-001
  6.8224299e-001 -5.8878505e-001
  7.0093458e-001 -3.8317757e-001
  7.1962617e-001 -1.7757009e-001
  7.3831776e-001  2.8037383e-002
  7.5700935e-001  2.3364486e-001
  7.7570093e-001  4.3925234e-001
  7.9439252e-001  6.4485981e-001
  8.1308411e-001  8.5046729e-001
  8.3177570e-001 -9.0654206e-001
  8.5046729e-001 -7.0093458e-001
  8.6915888e-001 -4.9532710e-001
  8.8785047e-001 -2.8971963e-001
  9.0654206e-001 -8.4112150e-002
  9.2523364e-001  1.2149533e-001
  9.4392523e-001  3.2710280e-001
  9.6261682e-001  5.3271028e-001
  9.8130841e-001  7.3831776e-001
  1.0000000e+000  9.4392523e-001
