 -1.0000000e+000 -5.8620690e-001
 -9.8850575e-001 -1.6091954e-001
 -9.7701149e-001  2.6436782e-001
 -9.6551724e-001  6.8965517e-001
 -9.5402299e-001 -8.6206897e-001
 -9.4252874e-001 -4.3678161e-001
 -9.3103448e-001 -1.1494253e-002
 -9.1954023e-001  4.1379310e-001
 -9.0804598e-001  8.3908046e-001
 -8.9655172e-001 -7.1264368e-001
 -8.8505747e-001 -2.8735632e-001
 -8.7356322e-001  1.3793103e-001
 -8.6206897e-001  5.6321839e-001
 -8.5057471e-001  9.8850575e-001
 -8.3908046e-001 -9.8850575e-001
 -8.2758621e-001 -5.6321839e-001
 -8.1609195e-001 -1.3793103e-001
 -8.0459770e-001  2.8735632e-001
 -7.9310345e-001  7.1264368e-001
 -7.8160920e-001 -8.3908046e-001
 -7.7011494e-001 -4.1379310e-001
 -7.5862069e-001  1.1494253e-002
 -7.4712644e-001  4.3678161e-001
 -7.3563218e-001  8.6206897e-001
 -7.2413793e-001 -6.8965517e-001
 -7.1264368e-001 -2.6436782e-001
 -7.0114943e-001  1.6091954e-001
 -6.8965517e-001  5.8620690e-001
 -6.7816092e-001 -9.6551724e-001
 -6.6666667e-001 -5.4022989e-001
 -6.5517241e-001 -1.1494253e-001
 -6.4367816e-001  3.1034483e-001
 -6.3218391e-001  7.3563218e-001
 -6.2068966e-001 -8.1609195e-001
 -6.0919540e-001 -3.9080460e-001
 -5.9770115e-001  3.4482759e-002
 -5.8620690e-001  4.5977011e-001
 -5.7471264e-001  8.8505747e-001
 -5.6321839e-001 -6.6666667e-001
 -5.5172414e-001 -2.4137931e-001
 -5.4022989e-001  1.8390805e-001
 -5.2873563e-001  6.0919540e-001
 -5.1724138e-001 -9.4252874e-001
 -5.0574713e-001 -5.1724138e-001
 -4.9425287e-001 -9.1954023e-002
 -4.8275862e-001  3.3333333e-001
 -4.7126437e-001  7.5862069e-001
 -4.5977011e-001 -7.9310345e-001
 -4.4827586e-001 -3.6781609e-001
 -4.3678161e-001  5.7471264e-002
 -4.2528736e-001  4.8275862e-001
 -4.1379310e-001  9.0804598e-001
 -4.0229885e-001 -6.4367816e-001
 -3.9080460e-001 -2.1839080e-001
 -3.7931034e-001  2.0689655e-001
 -3.6781609e-001  6.3218391e-001
 -3.5632184e-001 -9.1954023e-001
 -3.4482759e-001 -4.9425287e-001
 -3.3333333e-001 -6.8965517e-002
 -3.2183908e-001  3.5632184e-001
 -3.1034483e-001  7.8160920e-001
 -2.9885057e-001 -7.7011494e-001
 -2.8735632e-001 -3.4482759e-001
 -2.7586207e-001  8.0459770e-002
 -2.6436782e-001  5.0574713e-001
 -2.5287356e-001  9.3103448e-001
 -2.4137931e-001 -6.2068966e-001
 -2.2988506e-001 -1.9540230e-001
 -2.1839080e-001  2.2988506e-001
 -2.0689655e-001  6.5517241e-001
 -1.9540230e-001 -8.9655172e-001
 -1.8390805e-001 -4.7126437e-001
 -1.7241379e-001 -4.5977011e-002
 -1.6091954e-001  3.7931034e-001
 -1.4942529e-001  8.0459770e-001
 -1.3793103e-001 -7.4712644e-001
 -1.2643678e-001 -3.2183908e-001
 -1.1494253e-001  1.0344828e-001
 -1.0344828e-001  5.2873563e-001
 -9.1954023e-002  9.5402299e-001
 -8.0459770e-002 -5.9770115e-001
 -6.8965517e-002 -1.7241379e-001
 -5.7471264e-002  2.5287356e-001
 -4.5977011e-002  6.7816092e-001
 -3.4482759e-002 -8.7356322e-001
 -2.2988506e-002 -4.4827586e-001
 -1.1494253e-002 -2.2988506e-002
  0.0000000e+000  4.0229885e-001
  1.1494253e-002  8.2758621e-001
  2.2988506e-002 -7.2413793e-001
  3.4482759e-002 -2.9885057e-001
  4.5977011e-002  1.2643678e-001
  5.7471264e-002  5.5172414e-001
  6.8965517e-002  9.7701149e-001
  8.0459770e-002 -1.0000000e+000
  9.1954023e-002 -5.7471264e-001
  1.0344828e-001 -1.4942529e-001
  1.1494253e-001  2.7586207e-001
  1.2643678e-001  7.0114943e-001
  1.3793103e-001 -8.5057471e-001
  1.4942529e-001 -4.2528736e-001
  1.6091954e-001  0.0000000e+000
  1.7241379e-001  4.2528736e-001
  1.8390805e-001  8.5057471e-001
  1.9540230e-001 -7.0114943e-001
  2.0689655e-001 -2.7586207e-001
  2.1839080e-001  1.4942529e-001
  2.2988506e-001  5.7471264e-001
  2.4137931e-001  1.0000000e+000
  2.5287356e-001 -9.7701149e-001
  2.6436782e-001 -5.5172414e-001
  2.7586207e-001 -1.2643678e-001
  2.8735632e-001  2.9885057e-001
  2.9885057e-001  7.2413793e-001
  3.1034483e-001 -8.2758621e-001
  3.2183908e-001 -4.0229885e-001
  3.3333333e-001  2.2988506e-002
  3.4482759e-001  4.4827586e-001
  3.5632184e-001  8.7356322e-001
  3.6781609e-001 -6.7816092e-001
  3.7931034e-001 -2.5287356e-001
  3.9080460e-001  1.7241379e-001
  4.0229885e-001  5.9770115e-001
  4.1379310e-001 -9.5402299e-001
  4.2528736e-001 -5.2873563e-001
  4.3678161e-001 -1.0344828e-001
  4.4827586e-001  3.2183908e-001
  4.5977011e-001  7.4712644e-001
  4.7126437e-001 -8.0459770e-001
  4.8275862e-001 -3.7931034e-001
  4.9425287e-001  4.5977011e-002
  5.0574713e-001  4.7126437e-001
  5.1724138e-001  8.9655172e-001
  5.2873563e-001 -6.5517241e-001
  5.4022989e-001 -2.2988506e-001
  5.5172414e-001  1.9540230e-001
  5.6321839e-001  6.2068966e-001
  5.7471264e-001 -9.3103448e-001
  5.8620690e-001 -5.0574713e-001
  5.9770115e-001 -8.0459770e-002
  6.0919540e-001  3.4482759e-001
  6.2068966e-001  7.7011494e-001
  6.3218391e-001 -7.8160920e-001
  6.4367816e-001 -3.5632184e-001
  6.5517241e-001  6.8965517e-002
  6.6666667e-001  4.9425287e-001
  6.7816092e-001  9.1954023e-001
  6.8965517e-001 -6.3218391e-001
  7.0114943e-001 -2.0689655e-001
  7.1264368e-001  2.1839080e-001
  7.2413793e-001  6.4367816e-001
  7.3563218e-001 -9.0804598e-001
  7.4712644e-001 -4.8275862e-001
  7.5862069e-001 -5.7471264e-002
  7.7011494e-001  3.6781609e-001
  7.8160920e-001  7.9310345e-001
  7.9310345e-001 -7.5862069e-001
  8.0459770e-001 -3.3333333e-001
  8.1609195e-001  9.1954023e-002
  8.2758621e-001  5.1724138e-001
  8.3908046e-001  9.4252874e-001
  8.5057471e-001 -6.0919540e-001
  8.6206897e-001 -1.8390805e-001
  8.7356322e-001  2.4137931e-001
  8.8505747e-001  6.6666667e-001
  8.9655172e-001 -8.8505747e-001
  9.0804598e-001 -4.5977011e-001
  9.1954023e-001 -3.4482759e-002
  9.3103448e-001  3.9080460e-001
  9.4252874e-001  8.1609195e-001
  9.5402299e-001 -7.3563218e-001
  9.6551724e-001 -3.1034483e-001
  9.7701149e-001  1.1494253e-001
  9.8850575e-001  5.4022989e-001
  1.0000000e+000  9.6551724e-001
