 -1.0000000e+000 -7.8823529e-001
 -9.7647059e-001 -5.5294118e-001
 -9.5294118e-001 -3.1764706e-001
 -9.2941176e-001 -8.2352941e-002
 -9.0588235e-001  1.5294118e-001
 -8.8235294e-001  3.8823529e-001
 -8.5882353e-001  6.2352941e-001
 -8.3529412e-001  8.5882353e-001
 -8.1176471e-001 -9.2941176e-001
 -7.8823529e-001 -6.9411765e-001
 -7.6470588e-001 -4.5882353e-001
 -7.4117647e-001 -2.2352941e-001
 -7.1764706e-001  1.1764706e-002
 -6.9411765e-001  2.4705882e-001
 -6.7058824e-001  4.8235294e-001
 -6.4705882e-001  7.1764706e-001
 -6.2352941e-001  9.5294118e-001
 -6.0000000e-001 -8.3529412e-001
 -5.7647059e-001 -6.0000000e-001
 -5.5294118e-001 -3.6470588e-001
 -5.2941176e-001 -1.2941176e-001
 -5.0588235e-001  1.0588235e-001
 -4.8235294e-001  3.4117647e-001
 -4.5882353e-001  5.7647059e-001
 -4.3529412e-001  8.1176471e-001
 -4.1176471e-001 -9.7647059e-001
 -3.8823529e-001 -7.4117647e-001
 -3.6470588e-001 -5.0588235e-001
 -3.4117647e-001 -2.7058824e-001
 -3.1764706e-001 -3.5294118e-002
 -2.9411765e-001  2.0000000e-001
 -2.7058824e-001  4.3529412e-001
 -2.4705882e-001  6.7058824e-001
 -2.2352941e-001  9.0588235e-001
 -2.0000000e-001 -8.8235294e-001
 -1.7647059e-001 -6.4705882e-001
 -1.5294118e-001 -4.1176471e-001
 -1.2941176e-001 -1.7647059e-001
 -1.0588235e-001  5.8823529e-002
 -8.2352941e-002  2.9411765e-001
 -5.8823529e-002  5.2941176e-001
 -3.5294118e-002  7.6470588e-001
 -1.1764706e-002  1.0000000e+000
  1.1764706e-002 -1.0000000e+000
  3.5294118e-002 -7.6470588e-001
  5.8823529e-002 -5.2941176e-001
  8.2352941e-002 -2.9411765e-001
  1.0588235e-001 -5.8823529e-002
  1.2941176e-001  1.7647059e-001
  1.5294118e-001  4.1176471e-001
  1.7647059e-001  6.4705882e-001
  2.0000000e-001  8.8235294e-001
  2.2352941e-001 -9.0588235e-001
  2.4705882e-001 -6.7058824e-001
  2.7058824e-001 -4.3529412e-001
  2.9411765e-001 -2.0000000e-001
  3.1764706e-001  3.5294118e-002
  3.4117647e-001  2.7058824e-001
  3.6470588e-001  5.0588235e-001
  3.8823529e-001  7.4117647e-001
  4.1176471e-001  9.7647059e-001
  4.3529412e-001 -8.1176471e-001
  4.5882353e-001 -5.7647059e-001
  4.8235294e-001 -3.4117647e-001
  5.0588235e-001 -1.0588235e-001
  5.2941176e-001  1.2941176e-001
  5.5294118e-001  3.6470588e-001
  5.7647059e-001  6.0000000e-001
  6.0000000e-001  8.3529412e-001
  6.2352941e-001 -9.5294118e-001
  6.4705882e-001 -7.1764706e-001
  6.7058824e-001 -4.8235294e-001
  6.9411765e-001 -2.4705882e-001
  7.1764706e-001 -1.1764706e-002
  7.4117647e-001  2.2352941e-001
  7.6470588e-001  4.5882353e-001
  7.8823529e-001  6.9411765e-001
  8.1176471e-001  9.2941176e-001
  8.3529412e-001 -8.5882353e-001
  8.5882353e-001 -6.2352941e-001
  8.8235294e-001 -3.8823529e-001
  9.0588235e-001 -1.5294118e-001
  9.2941176e-001  8.2352941e-002
  9.5294118e-001  3.1764706e-001
  9.7647059e-001  5.5294118e-001
  1.0000000e+000  7.8823529e-001
