 -1.0000000e+000 -5.7575758e-001
 -9.8787879e-001 -1.3939394e-001
 -9.7575758e-001  2.9696970e-001
 -9.6363636e-001  7.3333333e-001
 -9.5151515e-001 -8.5454545e-001
 -9.3939394e-001 -4.1818182e-001
 -9.2727273e-001  1.8181818e-002
 -9.1515152e-001  4.5454545e-001
 -9.0303030e-001  8.9090909e-001
 -8.9090909e-001 -6.9696970e-001
 -8.7878788e-001 -2.6060606e-001
 -8.6666667e-001  1.7575758e-001
 -8.5454545e-001  6.1212121e-001
 -8.4242424e-001 -9.7575758e-001
 -8.3030303e-001 -5.3939394e-001
 -8.1818182e-001 -1.0303030e-001
 -8.0606061e-001  3.3333333e-001
 -7.9393939e-001  7.6969697e-001
 -7.8181818e-001 -8.1818182e-001
 -7.6969697e-001 -3.8181818e-001
 -7.5757576e-001  5.4545455e-002
 -7.4545455e-001  4.9090909e-001
 -7.3333333e-001  9.2727273e-001
 -7.2121212e-001 -6.6060606e-001
 -7.0909091e-001 -2.2424242e-001
 -6.9696970e-001  2.1212121e-001
 -6.8484848e-001  6.4848485e-001
 -6.7272727e-001 -9.3939394e-001
 -6.6060606e-001 -5.0303030e-001
 -6.4848485e-001 -6.6666667e-002
 -6.3636364e-001  3.6969697e-001
 -6.2424242e-001  8.0606061e-001
 -6.1212121e-001 -7.8181818e-001
 -6.0000000e-001 -3.4545455e-001
 -5.8787879e-001  9.0909091e-002
 -5.7575758e-001  5.2727273e-001
 -5.6363636e-001  9.6363636e-001
 -5.5151515e-001 -6.2424242e-001
 -5.3939394e-001 -1.8787879e-001
 -5.2727273e-001  2.4848485e-001
 -5.1515152e-001  6.8484848e-001
 -5.0303030e-001 -9.0303030e-001
 -4.9090909e-001 -4.6666667e-001
 -4.7878788e-001 -3.0303030e-002
 -4.6666667e-001  4.0606061e-001
 -4.5454545e-001  8.4242424e-001
 -4.4242424e-001 -7.4545455e-001
 -4.3030303e-001 -3.0909091e-001
 -4.1818182e-001  1.2727273e-001
 -4.0606061e-001  5.6363636e-001
 -3.9393939e-001  1.0000000e+000
 -3.8181818e-001 -5.8787879e-001
 -3.6969697e-001 -1.5151515e-001
 -3.5757576e-001  2.8484848e-001
 -3.4545455e-001  7.2121212e-001
 -3.3333333e-001 -8.6666667e-001
 -3.2121212e-001 -4.3030303e-001
 -3.0909091e-001  6.0606061e-003
 -2.9696970e-001  4.4242424e-001
 -2.8484848e-001  8.7878788e-001
 -2.7272727e-001 -7.0909091e-001
 -2.6060606e-001 -2.7272727e-001
 -2.4848485e-001  1.6363636e-001
 -2.3636364e-001  6.0000000e-001
 -2.2424242e-001 -9.8787879e-001
 -2.1212121e-001 -5.5151515e-001
 -2.0000000e-001 -1.1515152e-001
 -1.8787879e-001  3.2121212e-001
 -1.7575758e-001  7.5757576e-001
 -1.6363636e-001 -8.3030303e-001
 -1.5151515e-001 -3.9393939e-001
 -1.3939394e-001  4.2424242e-002
 -1.2727273e-001  4.7878788e-001
 -1.1515152e-001  9.1515152e-001
 -1.0303030e-001 -6.7272727e-001
 -9.0909091e-002 -2.3636364e-001
 -7.8787879e-002  2.0000000e-001
 -6.6666667e-002  6.3636364e-001
 -5.4545455e-002 -9.5151515e-001
 -4.2424242e-002 -5.1515152e-001
 -3.0303030e-002 -7.8787879e-002
 -1.8181818e-002  3.5757576e-001
 -6.0606061e-003  7.9393939e-001
  6.0606061e-003 -7.9393939e-001
  1.8181818e-002 -3.5757576e-001
  3.0303030e-002  7.8787879e-002
  4.2424242e-002  5.1515152e-001
  5.4545455e-002  9.5151515e-001
  6.6666667e-002 -6.3636364e-001
  7.8787879e-002 -2.0000000e-001
  9.0909091e-002  2.3636364e-001
  1.0303030e-001  6.7272727e-001
  1.1515152e-001 -9.1515152e-001
  1.2727273e-001 -4.7878788e-001
  1.3939394e-001 -4.2424242e-002
  1.5151515e-001  3.9393939e-001
  1.6363636e-001  8.3030303e-001
  1.7575758e-001 -7.5757576e-001
  1.8787879e-001 -3.2121212e-001
  2.0000000e-001  1.1515152e-001
  2.1212121e-001  5.5151515e-001
  2.2424242e-001  9.8787879e-001
  2.3636364e-001 -6.0000000e-001
  2.4848485e-001 -1.6363636e-001
  2.6060606e-001  2.7272727e-001
  2.7272727e-001  7.0909091e-001
  2.8484848e-001 -8.7878788e-001
  2.9696970e-001 -4.4242424e-001
  3.0909091e-001 -6.0606061e-003
  3.2121212e-001  4.3030303e-001
  3.3333333e-001  8.6666667e-001
  3.4545455e-001 -7.2121212e-001
  3.5757576e-001 -2.8484848e-001
  3.6969697e-001  1.5151515e-001
  3.8181818e-001  5.8787879e-001
  3.9393939e-001 -1.0000000e+000
  4.0606061e-001 -5.6363636e-001
  4.1818182e-001 -1.2727273e-001
  4.3030303e-001  3.0909091e-001
  4.4242424e-001  7.4545455e-001
  4.5454545e-001 -8.4242424e-001
  4.6666667e-001 -4.0606061e-001
  4.7878788e-001  3.0303030e-002
  4.9090909e-001  4.6666667e-001
  5.0303030e-001  9.0303030e-001
  5.1515152e-001 -6.8484848e-001
  5.2727273e-001 -2.4848485e-001
  5.3939394e-001  1.8787879e-001
  5.5151515e-001  6.2424242e-001
  5.6363636e-001 -9.6363636e-001
  5.7575758e-001 -5.2727273e-001
  5.8787879e-001 -9.0909091e-002
  6.0000000e-001  3.4545455e-001
  6.1212121e-001  7.8181818e-001
  6.2424242e-001 -8.0606061e-001
  6.3636364e-001 -3.6969697e-001
  6.4848485e-001  6.6666667e-002
  6.6060606e-001  5.0303030e-001
  6.7272727e-001  9.3939394e-001
  6.8484848e-001 -6.4848485e-001
  6.9696970e-001 -2.1212121e-001
  7.0909091e-001  2.2424242e-001
  7.2121212e-001  6.6060606e-001
  7.3333333e-001 -9.2727273e-001
  7.4545455e-001 -4.9090909e-001
  7.5757576e-001 -5.4545455e-002
  7.6969697e-001  3.8181818e-001
  7.8181818e-001  8.1818182e-001
  7.9393939e-001 -7.6969697e-001
  8.0606061e-001 -3.3333333e-001
  8.1818182e-001  1.0303030e-001
  8.3030303e-001  5.3939394e-001
  8.4242424e-001  9.7575758e-001
  8.5454545e-001 -6.1212121e-001
  8.6666667e-001 -1.7575758e-001
  8.7878788e-001  2.6060606e-001
  8.9090909e-001  6.9696970e-001
  9.0303030e-001 -8.9090909e-001
  9.1515152e-001 -4.5454545e-001
  9.2727273e-001 -1.8181818e-002
  9.3939394e-001  4.1818182e-001
  9.5151515e-001  8.5454545e-001
  9.6363636e-001 -7.3333333e-001
  9.7575758e-001 -2.9696970e-001
  9.8787879e-001  1.3939394e-001
  1.0000000e+000  5.7575758e-001
