 -1.0000000e+000 -6.1290323e-001
 -9.3548387e-001 -1.6129032e-001
 -8.7096774e-001  2.9032258e-001
 -8.0645161e-001  7.4193548e-001
 -7.4193548e-001 -8.7096774e-001
 -6.7741935e-001 -4.1935484e-001
 -6.1290323e-001  3.2258065e-002
 -5.4838710e-001  4.8387097e-001
 -4.8387097e-001  9.3548387e-001
 -4.1935484e-001 -6.7741935e-001
 -3.5483871e-001 -2.2580645e-001
 -2.9032258e-001  2.2580645e-001
 -2.2580645e-001  6.7741935e-001
 -1.6129032e-001 -9.3548387e-001
 -9.6774194e-002 -4.8387097e-001
 -3.2258065e-002 -3.2258065e-002
  3.2258065e-002  4.1935484e-001
  9.6774194e-002  8.7096774e-001
  1.6129032e-001 -7.4193548e-001
  2.2580645e-001 -2.9032258e-001
  2.9032258e-001  1.6129032e-001
  3.5483871e-001  6.1290323e-001
  4.1935484e-001 -1.0000000e+000
  4.8387097e-001 -5.4838710e-001
  5.4838710e-001 -9.6774194e-002
  6.1290323e-001  3.5483871e-001
  6.7741935e-001  8.0645161e-001
  7.4193548e-001 -8.0645161e-001
  8.0645161e-001 -3.5483871e-001
  8.7096774e-001  9.6774194e-002
  9.3548387e-001  5.4838710e-001
  1.0000000e+000  1.0000000e+000
