 -1.0000000e+000 -7.5000000e-001
 -9.6428571e-001 -4.6428571e-001
 -9.2857143e-001 -1.7857143e-001
 -8.9285714e-001  1.0714286e-001
 -8.5714286e-001  3.9285714e-001
 -8.2142857e-001  6.7857143e-001
 -7.8571429e-001  9.6428571e-001
 -7.5000000e-001 -9.2857143e-001
 -7.1428571e-001 -6.4285714e-001
 -6.7857143e-001 -3.5714286e-001
 -6.4285714e-001 -7.1428571e-002
 -6.0714286e-001  2.1428571e-001
 -5.7142857e-001  5.0000000e-001
 -5.3571429e-001  7.8571429e-001
 -5.0000000e-001 -8.2142857e-001
 -4.6428571e-001 -5.3571429e-001
 -4.2857143e-001 -2.5000000e-001
 -3.9285714e-001  3.5714286e-002
 -3.5714286e-001  3.2142857e-001
 -3.2142857e-001  6.0714286e-001
 -2.8571429e-001  8.9285714e-001
 -2.5000000e-001 -1.0000000e+000
 -2.1428571e-001 -7.1428571e-001
 -1.7857143e-001 -4.2857143e-001
 -1.4285714e-001 -1.4285714e-001
 -1.0714286e-001  1.4285714e-001
 -7.1428571e-002  4.2857143e-001
 -3.5714286e-002  7.1428571e-001
  0.0000000e+000  1.0000000e+000
  3.5714286e-002 -8.9285714e-001
  7.1428571e-002 -6.0714286e-001
  1.0714286e-001 -3.2142857e-001
  1.4285714e-001 -3.5714286e-002
  1.7857143e-001  2.5000000e-001
  2.1428571e-001  5.3571429e-001
  2.5000000e-001  8.2142857e-001
  2.8571429e-001 -7.8571429e-001
  3.2142857e-001 -5.0000000e-001
  3.5714286e-001 -2.1428571e-001
  3.9285714e-001  7.1428571e-002
  4.2857143e-001  3.5714286e-001
  4.6428571e-001  6.4285714e-001
  5.0000000e-001  9.2857143e-001
  5.3571429e-001 -9.6428571e-001
  5.7142857e-001 -6.7857143e-001
  6.0714286e-001 -3.9285714e-001
  6.4285714e-001 -1.0714286e-001
  6.7857143e-001  1.7857143e-001
  7.1428571e-001  4.6428571e-001
  7.5000000e-001  7.5000000e-001
  7.8571429e-001 -8.5714286e-001
  8.2142857e-001 -5.7142857e-001
  8.5714286e-001 -2.8571429e-001
  8.9285714e-001  0.0000000e+000
  9.2857143e-001  2.8571429e-001
  9.6428571e-001  5.7142857e-001
  1.0000000e+000  8.5714286e-001
