 -1.0000000e+000 -5.2941176e-001
 -8.8235294e-001  5.8823529e-002
 -7.6470588e-001  6.4705882e-001
 -6.4705882e-001 -8.8235294e-001
 -5.2941176e-001 -2.9411765e-001
 -4.1176471e-001  2.9411765e-001
 -2.9411765e-001  8.8235294e-001
 -1.7647059e-001 -6.4705882e-001
 -5.8823529e-002 -5.8823529e-002
  5.8823529e-002  5.2941176e-001
  1.7647059e-001 -1.0000000e+000
  2.9411765e-001 -4.1176471e-001
  4.1176471e-001  1.7647059e-001
  5.2941176e-001  7.6470588e-001
  6.4705882e-001 -7.6470588e-001
  7.6470588e-001 -1.7647059e-001
  8.8235294e-001  4.1176471e-001
  1.0000000e+000  1.0000000e+000
