 -1.0000000e+000 -4.1414141e-001
 -9.7979798e-001  1.9191919e-001
 -9.5959596e-001  7.9797980e-001
 -9.3939394e-001 -6.3636364e-001
 -9.1919192e-001 -3.0303030e-002
 -8.9898990e-001  5.7575758e-001
 -8.7878788e-001 -8.5858586e-001
 -8.5858586e-001 -2.5252525e-001
 -8.3838384e-001  3.5353535e-001
 -8.1818182e-001  9.5959596e-001
 -7.9797980e-001 -4.7474747e-001
 -7.7777778e-001  1.3131313e-001
 -7.5757576e-001  7.3737374e-001
 -7.3737374e-001 -6.9696970e-001
 -7.1717172e-001 -9.0909091e-002
 -6.9696970e-001  5.1515152e-001
 -6.7676768e-001 -9.1919192e-001
 -6.5656566e-001 -3.1313131e-001
 -6.3636364e-001  2.9292929e-001
 -6.1616162e-001  8.9898990e-001
 -5.9595960e-001 -5.3535354e-001
 -5.7575758e-001  7.0707071e-002
 -5.5555556e-001  6.7676768e-001
 -5.3535354e-001 -7.5757576e-001
 -5.1515152e-001 -1.5151515e-001
 -4.9494949e-001  4.5454545e-001
 -4.7474747e-001 -9.7979798e-001
 -4.5454545e-001 -3.7373737e-001
 -4.3434343e-001  2.3232323e-001
 -4.1414141e-001  8.3838384e-001
 -3.9393939e-001 -5.9595960e-001
 -3.7373737e-001  1.0101010e-002
 -3.5353535e-001  6.1616162e-001
 -3.3333333e-001 -8.1818182e-001
 -3.1313131e-001 -2.1212121e-001
 -2.9292929e-001  3.9393939e-001
 -2.7272727e-001  1.0000000e+000
 -2.5252525e-001 -4.3434343e-001
 -2.3232323e-001  1.7171717e-001
 -2.1212121e-001  7.7777778e-001
 -1.9191919e-001 -6.5656566e-001
 -1.7171717e-001 -5.0505051e-002
 -1.5151515e-001  5.5555556e-001
 -1.3131313e-001 -8.7878788e-001
 -1.1111111e-001 -2.7272727e-001
 -9.0909091e-002  3.3333333e-001
 -7.0707071e-002  9.3939394e-001
 -5.0505051e-002 -4.9494949e-001
 -3.0303030e-002  1.1111111e-001
 -1.0101010e-002  7.1717172e-001
  1.0101010e-002 -7.1717172e-001
  3.0303030e-002 -1.1111111e-001
  5.0505051e-002  4.9494949e-001
  7.0707071e-002 -9.3939394e-001
  9.0909091e-002 -3.3333333e-001
  1.1111111e-001  2.7272727e-001
  1.3131313e-001  8.7878788e-001
  1.5151515e-001 -5.5555556e-001
  1.7171717e-001  5.0505051e-002
  1.9191919e-001  6.5656566e-001
  2.1212121e-001 -7.7777778e-001
  2.3232323e-001 -1.7171717e-001
  2.5252525e-001  4.3434343e-001
  2.7272727e-001 -1.0000000e+000
  2.9292929e-001 -3.9393939e-001
  3.1313131e-001  2.1212121e-001
  3.3333333e-001  8.1818182e-001
  3.5353535e-001 -6.1616162e-001
  3.7373737e-001 -1.0101010e-002
  3.9393939e-001  5.9595960e-001
  4.1414141e-001 -8.3838384e-001
  4.3434343e-001 -2.3232323e-001
  4.5454545e-001  3.7373737e-001
  4.7474747e-001  9.7979798e-001
  4.9494949e-001 -4.5454545e-001
  5.1515152e-001  1.5151515e-001
  5.3535354e-001  7.5757576e-001
  5.5555556e-001 -6.7676768e-001
  5.7575758e-001 -7.0707071e-002
  5.9595960e-001  5.3535354e-001
  6.1616162e-001 -8.9898990e-001
  6.3636364e-001 -2.9292929e-001
  6.5656566e-001  3.1313131e-001
  6.7676768e-001  9.1919192e-001
  6.9696970e-001 -5.1515152e-001
  7.1717172e-001  9.0909091e-002
  7.3737374e-001  6.9696970e-001
  7.5757576e-001 -7.3737374e-001
  7.7777778e-001 -1.3131313e-001
  7.9797980e-001  4.7474747e-001
  8.1818182e-001 -9.5959596e-001
  8.3838384e-001 -3.5353535e-001
  8.5858586e-001  2.5252525e-001
  8.7878788e-001  8.5858586e-001
  8.9898990e-001 -5.7575758e-001
  9.1919192e-001  3.0303030e-002
  9.3939394e-001  6.3636364e-001
  9.5959596e-001 -7.9797980e-001
  9.7979798e-001 -1.9191919e-001
  1.0000000e+000  4.1414141e-001
