 -1.0000000e+000 -6.9696970e-001
 -9.3939394e-001 -3.3333333e-001
 -8.7878788e-001  3.0303030e-002
 -8.1818182e-001  3.9393939e-001
 -7.5757576e-001  7.5757576e-001
 -6.9696970e-001 -1.0000000e+000
 -6.3636364e-001 -6.3636364e-001
 -5.7575758e-001 -2.7272727e-001
 -5.1515152e-001  9.0909091e-002
 -4.5454545e-001  4.5454545e-001
 -3.9393939e-001  8.1818182e-001
 -3.3333333e-001 -9.3939394e-001
 -2.7272727e-001 -5.7575758e-001
 -2.1212121e-001 -2.1212121e-001
 -1.5151515e-001  1.5151515e-001
 -9.0909091e-002  5.1515152e-001
 -3.0303030e-002  8.7878788e-001
  3.0303030e-002 -8.7878788e-001
  9.0909091e-002 -5.1515152e-001
  1.5151515e-001 -1.5151515e-001
  2.1212121e-001  2.1212121e-001
  2.7272727e-001  5.7575758e-001
  3.3333333e-001  9.3939394e-001
  3.9393939e-001 -8.1818182e-001
  4.5454545e-001 -4.5454545e-001
  5.1515152e-001 -9.0909091e-002
  5.7575758e-001  2.7272727e-001
  6.3636364e-001  6.3636364e-001
  6.9696970e-001  1.0000000e+000
  7.5757576e-001 -7.5757576e-001
  8.1818182e-001 -3.9393939e-001
  8.7878788e-001 -3.0303030e-002
  9.3939394e-001  3.3333333e-001
  1.0000000e+000  6.9696970e-001
