 -1.0000000e+000 -8.4946237e-001
 -9.8924731e-001 -6.8817204e-001
 -9.7849462e-001 -5.2688172e-001
 -9.6774194e-001 -3.6559140e-001
 -9.5698925e-001 -2.0430108e-001
 -9.4623656e-001 -4.3010753e-002
 -9.3548387e-001  1.1827957e-001
 -9.2473118e-001  2.7956989e-001
 -9.1397849e-001  4.4086022e-001
 -9.0322581e-001  6.0215054e-001
 -8.9247312e-001  7.6344086e-001
 -8.8172043e-001  9.2473118e-001
 -8.7096774e-001 -9.3548387e-001
 -8.6021505e-001 -7.7419355e-001
 -8.4946237e-001 -6.1290323e-001
 -8.3870968e-001 -4.5161290e-001
 -8.2795699e-001 -2.9032258e-001
 -8.1720430e-001 -1.2903226e-001
 -8.0645161e-001  3.2258065e-002
 -7.9569892e-001  1.9354839e-001
 -7.8494624e-001  3.5483871e-001
 -7.7419355e-001  5.1612903e-001
 -7.6344086e-001  6.7741935e-001
 -7.5268817e-001  8.3870968e-001
 -7.4193548e-001  1.0000000e+000
 -7.3118280e-001 -8.6021505e-001
 -7.2043011e-001 -6.9892473e-001
 -7.0967742e-001 -5.3763441e-001
 -6.9892473e-001 -3.7634409e-001
 -6.8817204e-001 -2.1505376e-001
 -6.7741935e-001 -5.3763441e-002
 -6.6666667e-001  1.0752688e-001
 -6.5591398e-001  2.6881720e-001
 -6.4516129e-001  4.3010753e-001
 -6.3440860e-001  5.9139785e-001
 -6.2365591e-001  7.5268817e-001
 -6.1290323e-001  9.1397849e-001
 -6.0215054e-001 -9.4623656e-001
 -5.9139785e-001 -7.8494624e-001
 -5.8064516e-001 -6.2365591e-001
 -5.6989247e-001 -4.6236559e-001
 -5.5913978e-001 -3.0107527e-001
 -5.4838710e-001 -1.3978495e-001
 -5.3763441e-001  2.1505376e-002
 -5.2688172e-001  1.8279570e-001
 -5.1612903e-001  3.4408602e-001
 -5.0537634e-001  5.0537634e-001
 -4.9462366e-001  6.6666667e-001
 -4.8387097e-001  8.2795699e-001
 -4.7311828e-001  9.8924731e-001
 -4.6236559e-001 -8.7096774e-001
 -4.5161290e-001 -7.0967742e-001
 -4.4086022e-001 -5.4838710e-001
 -4.3010753e-001 -3.8709677e-001
 -4.1935484e-001 -2.2580645e-001
 -4.0860215e-001 -6.4516129e-002
 -3.9784946e-001  9.6774194e-002
 -3.8709677e-001  2.5806452e-001
 -3.7634409e-001  4.1935484e-001
 -3.6559140e-001  5.8064516e-001
 -3.5483871e-001  7.4193548e-001
 -3.4408602e-001  9.0322581e-001
 -3.3333333e-001 -9.5698925e-001
 -3.2258065e-001 -7.9569892e-001
 -3.1182796e-001 -6.3440860e-001
 -3.0107527e-001 -4.7311828e-001
 -2.9032258e-001 -3.1182796e-001
 -2.7956989e-001 -1.5053763e-001
 -2.6881720e-001  1.0752688e-002
 -2.5806452e-001  1.7204301e-001
 -2.4731183e-001  3.3333333e-001
 -2.3655914e-001  4.9462366e-001
 -2.2580645e-001  6.5591398e-001
 -2.1505376e-001  8.1720430e-001
 -2.0430108e-001  9.7849462e-001
 -1.9354839e-001 -8.8172043e-001
 -1.8279570e-001 -7.2043011e-001
 -1.7204301e-001 -5.5913978e-001
 -1.6129032e-001 -3.9784946e-001
 -1.5053763e-001 -2.3655914e-001
 -1.3978495e-001 -7.5268817e-002
 -1.2903226e-001  8.6021505e-002
 -1.1827957e-001  2.4731183e-001
 -1.0752688e-001  4.0860215e-001
 -9.6774194e-002  5.6989247e-001
 -8.6021505e-002  7.3118280e-001
 -7.5268817e-002  8.9247312e-001
 -6.4516129e-002 -9.6774194e-001
 -5.3763441e-002 -8.0645161e-001
 -4.3010753e-002 -6.4516129e-001
 -3.2258065e-002 -4.8387097e-001
 -2.1505376e-002 -3.2258065e-001
 -1.0752688e-002 -1.6129032e-001
  0.0000000e+000  0.0000000e+000
  1.0752688e-002  1.6129032e-001
  2.1505376e-002  3.2258065e-001
  3.2258065e-002  4.8387097e-001
  4.3010753e-002  6.4516129e-001
  5.3763441e-002  8.0645161e-001
  6.4516129e-002  9.6774194e-001
  7.5268817e-002 -8.9247312e-001
  8.6021505e-002 -7.3118280e-001
  9.6774194e-002 -5.6989247e-001
  1.0752688e-001 -4.0860215e-001
  1.1827957e-001 -2.4731183e-001
  1.2903226e-001 -8.6021505e-002
  1.3978495e-001  7.5268817e-002
  1.5053763e-001  2.3655914e-001
  1.6129032e-001  3.9784946e-001
  1.7204301e-001  5.5913978e-001
  1.8279570e-001  7.2043011e-001
  1.9354839e-001  8.8172043e-001
  2.0430108e-001 -9.7849462e-001
  2.1505376e-001 -8.1720430e-001
  2.2580645e-001 -6.5591398e-001
  2.3655914e-001 -4.9462366e-001
  2.4731183e-001 -3.3333333e-001
  2.5806452e-001 -1.7204301e-001
  2.6881720e-001 -1.0752688e-002
  2.7956989e-001  1.5053763e-001
  2.9032258e-001  3.1182796e-001
  3.0107527e-001  4.7311828e-001
  3.1182796e-001  6.3440860e-001
  3.2258065e-001  7.9569892e-001
  3.3333333e-001  9.5698925e-001
  3.4408602e-001 -9.0322581e-001
  3.5483871e-001 -7.4193548e-001
  3.6559140e-001 -5.8064516e-001
  3.7634409e-001 -4.1935484e-001
  3.8709677e-001 -2.5806452e-001
  3.9784946e-001 -9.6774194e-002
  4.0860215e-001  6.4516129e-002
  4.1935484e-001  2.2580645e-001
  4.3010753e-001  3.8709677e-001
  4.4086022e-001  5.4838710e-001
  4.5161290e-001  7.0967742e-001
  4.6236559e-001  8.7096774e-001
  4.7311828e-001 -9.8924731e-001
  4.8387097e-001 -8.2795699e-001
  4.9462366e-001 -6.6666667e-001
  5.0537634e-001 -5.0537634e-001
  5.1612903e-001 -3.4408602e-001
  5.2688172e-001 -1.8279570e-001
  5.3763441e-001 -2.1505376e-002
  5.4838710e-001  1.3978495e-001
  5.5913978e-001  3.0107527e-001
  5.6989247e-001  4.6236559e-001
  5.8064516e-001  6.2365591e-001
  5.9139785e-001  7.8494624e-001
  6.0215054e-001  9.4623656e-001
  6.1290323e-001 -9.1397849e-001
  6.2365591e-001 -7.5268817e-001
  6.3440860e-001 -5.9139785e-001
  6.4516129e-001 -4.3010753e-001
  6.5591398e-001 -2.6881720e-001
  6.6666667e-001 -1.0752688e-001
  6.7741935e-001  5.3763441e-002
  6.8817204e-001  2.1505376e-001
  6.9892473e-001  3.7634409e-001
  7.0967742e-001  5.3763441e-001
  7.2043011e-001  6.9892473e-001
  7.3118280e-001  8.6021505e-001
  7.4193548e-001 -1.0000000e+000
  7.5268817e-001 -8.3870968e-001
  7.6344086e-001 -6.7741935e-001
  7.7419355e-001 -5.1612903e-001
  7.8494624e-001 -3.5483871e-001
  7.9569892e-001 -1.9354839e-001
  8.0645161e-001 -3.2258065e-002
  8.1720430e-001  1.2903226e-001
  8.2795699e-001  2.9032258e-001
  8.3870968e-001  4.5161290e-001
  8.4946237e-001  6.1290323e-001
  8.6021505e-001  7.7419355e-001
  8.7096774e-001  9.3548387e-001
  8.8172043e-001 -9.2473118e-001
  8.9247312e-001 -7.6344086e-001
  9.0322581e-001 -6.0215054e-001
  9.1397849e-001 -4.4086022e-001
  9.2473118e-001 -2.7956989e-001
  9.3548387e-001 -1.1827957e-001
  9.4623656e-001  4.3010753e-002
  9.5698925e-001  2.0430108e-001
  9.6774194e-001  3.6559140e-001
  9.7849462e-001  5.2688172e-001
  9.8924731e-001  6.8817204e-001
  1.0000000e+000  8.4946237e-001
