 -1.0000000e+000 -5.7894737e-001
 -9.8830409e-001 -1.4619883e-001
 -9.7660819e-001  2.8654971e-001
 -9.6491228e-001  7.1929825e-001
 -9.5321637e-001 -8.5964912e-001
 -9.4152047e-001 -4.2690058e-001
 -9.2982456e-001  5.8479532e-003
 -9.1812865e-001  4.3859649e-001
 -9.0643275e-001  8.7134503e-001
 -8.9473684e-001 -7.0760234e-001
 -8.8304094e-001 -2.7485380e-001
 -8.7134503e-001  1.5789474e-001
 -8.5964912e-001  5.9064327e-001
 -8.4795322e-001 -9.8830409e-001
 -8.3625731e-001 -5.5555556e-001
 -8.2456140e-001 -1.2280702e-001
 -8.1286550e-001  3.0994152e-001
 -8.0116959e-001  7.4269006e-001
 -7.8947368e-001 -8.3625731e-001
 -7.7777778e-001 -4.0350877e-001
 -7.6608187e-001  2.9239766e-002
 -7.5438596e-001  4.6198830e-001
 -7.4269006e-001  8.9473684e-001
 -7.3099415e-001 -6.8421053e-001
 -7.1929825e-001 -2.5146199e-001
 -7.0760234e-001  1.8128655e-001
 -6.9590643e-001  6.1403509e-001
 -6.8421053e-001 -9.6491228e-001
 -6.7251462e-001 -5.3216374e-001
 -6.6081871e-001 -9.9415205e-002
 -6.4912281e-001  3.3333333e-001
 -6.3742690e-001  7.6608187e-001
 -6.2573099e-001 -8.1286550e-001
 -6.1403509e-001 -3.8011696e-001
 -6.0233918e-001  5.2631579e-002
 -5.9064327e-001  4.8538012e-001
 -5.7894737e-001  9.1812865e-001
 -5.6725146e-001 -6.6081871e-001
 -5.5555556e-001 -2.2807018e-001
 -5.4385965e-001  2.0467836e-001
 -5.3216374e-001  6.3742690e-001
 -5.2046784e-001 -9.4152047e-001
 -5.0877193e-001 -5.0877193e-001
 -4.9707602e-001 -7.6023392e-002
 -4.8538012e-001  3.5672515e-001
 -4.7368421e-001  7.8947368e-001
 -4.6198830e-001 -7.8947368e-001
 -4.5029240e-001 -3.5672515e-001
 -4.3859649e-001  7.6023392e-002
 -4.2690058e-001  5.0877193e-001
 -4.1520468e-001  9.4152047e-001
 -4.0350877e-001 -6.3742690e-001
 -3.9181287e-001 -2.0467836e-001
 -3.8011696e-001  2.2807018e-001
 -3.6842105e-001  6.6081871e-001
 -3.5672515e-001 -9.1812865e-001
 -3.4502924e-001 -4.8538012e-001
 -3.3333333e-001 -5.2631579e-002
 -3.2163743e-001  3.8011696e-001
 -3.0994152e-001  8.1286550e-001
 -2.9824561e-001 -7.6608187e-001
 -2.8654971e-001 -3.3333333e-001
 -2.7485380e-001  9.9415205e-002
 -2.6315789e-001  5.3216374e-001
 -2.5146199e-001  9.6491228e-001
 -2.3976608e-001 -6.1403509e-001
 -2.2807018e-001 -1.8128655e-001
 -2.1637427e-001  2.5146199e-001
 -2.0467836e-001  6.8421053e-001
 -1.9298246e-001 -8.9473684e-001
 -1.8128655e-001 -4.6198830e-001
 -1.6959064e-001 -2.9239766e-002
 -1.5789474e-001  4.0350877e-001
 -1.4619883e-001  8.3625731e-001
 -1.3450292e-001 -7.4269006e-001
 -1.2280702e-001 -3.0994152e-001
 -1.1111111e-001  1.2280702e-001
 -9.9415205e-002  5.5555556e-001
 -8.7719298e-002  9.8830409e-001
 -7.6023392e-002 -5.9064327e-001
 -6.4327485e-002 -1.5789474e-001
 -5.2631579e-002  2.7485380e-001
 -4.0935673e-002  7.0760234e-001
 -2.9239766e-002 -8.7134503e-001
 -1.7543860e-002 -4.3859649e-001
 -5.8479532e-003 -5.8479532e-003
  5.8479532e-003  4.2690058e-001
  1.7543860e-002  8.5964912e-001
  2.9239766e-002 -7.1929825e-001
  4.0935673e-002 -2.8654971e-001
  5.2631579e-002  1.4619883e-001
  6.4327485e-002  5.7894737e-001
  7.6023392e-002 -1.0000000e+000
  8.7719298e-002 -5.6725146e-001
  9.9415205e-002 -1.3450292e-001
  1.1111111e-001  2.9824561e-001
  1.2280702e-001  7.3099415e-001
  1.3450292e-001 -8.4795322e-001
  1.4619883e-001 -4.1520468e-001
  1.5789474e-001  1.7543860e-002
  1.6959064e-001  4.5029240e-001
  1.8128655e-001  8.8304094e-001
  1.9298246e-001 -6.9590643e-001
  2.0467836e-001 -2.6315789e-001
  2.1637427e-001  1.6959064e-001
  2.2807018e-001  6.0233918e-001
  2.3976608e-001 -9.7660819e-001
  2.5146199e-001 -5.4385965e-001
  2.6315789e-001 -1.1111111e-001
  2.7485380e-001  3.2163743e-001
  2.8654971e-001  7.5438596e-001
  2.9824561e-001 -8.2456140e-001
  3.0994152e-001 -3.9181287e-001
  3.2163743e-001  4.0935673e-002
  3.3333333e-001  4.7368421e-001
  3.4502924e-001  9.0643275e-001
  3.5672515e-001 -6.7251462e-001
  3.6842105e-001 -2.3976608e-001
  3.8011696e-001  1.9298246e-001
  3.9181287e-001  6.2573099e-001
  4.0350877e-001 -9.5321637e-001
  4.1520468e-001 -5.2046784e-001
  4.2690058e-001 -8.7719298e-002
  4.3859649e-001  3.4502924e-001
  4.5029240e-001  7.7777778e-001
  4.6198830e-001 -8.0116959e-001
  4.7368421e-001 -3.6842105e-001
  4.8538012e-001  6.4327485e-002
  4.9707602e-001  4.9707602e-001
  5.0877193e-001  9.2982456e-001
  5.2046784e-001 -6.4912281e-001
  5.3216374e-001 -2.1637427e-001
  5.4385965e-001  2.1637427e-001
  5.5555556e-001  6.4912281e-001
  5.6725146e-001 -9.2982456e-001
  5.7894737e-001 -4.9707602e-001
  5.9064327e-001 -6.4327485e-002
  6.0233918e-001  3.6842105e-001
  6.1403509e-001  8.0116959e-001
  6.2573099e-001 -7.7777778e-001
  6.3742690e-001 -3.4502924e-001
  6.4912281e-001  8.7719298e-002
  6.6081871e-001  5.2046784e-001
  6.7251462e-001  9.5321637e-001
  6.8421053e-001 -6.2573099e-001
  6.9590643e-001 -1.9298246e-001
  7.0760234e-001  2.3976608e-001
  7.1929825e-001  6.7251462e-001
  7.3099415e-001 -9.0643275e-001
  7.4269006e-001 -4.7368421e-001
  7.5438596e-001 -4.0935673e-002
  7.6608187e-001  3.9181287e-001
  7.7777778e-001  8.2456140e-001
  7.8947368e-001 -7.5438596e-001
  8.0116959e-001 -3.2163743e-001
  8.1286550e-001  1.1111111e-001
  8.2456140e-001  5.4385965e-001
  8.3625731e-001  9.7660819e-001
  8.4795322e-001 -6.0233918e-001
  8.5964912e-001 -1.6959064e-001
  8.7134503e-001  2.6315789e-001
  8.8304094e-001  6.9590643e-001
  8.9473684e-001 -8.8304094e-001
  9.0643275e-001 -4.5029240e-001
  9.1812865e-001 -1.7543860e-002
  9.2982456e-001  4.1520468e-001
  9.4152047e-001  8.4795322e-001
  9.5321637e-001 -7.3099415e-001
  9.6491228e-001 -2.9824561e-001
  9.7660819e-001  1.3450292e-001
  9.8830409e-001  5.6725146e-001
  1.0000000e+000  1.0000000e+000
