 -1.0000000e+000 -1.7355372e-001
 -9.8347107e-001  6.6942149e-001
 -9.6694215e-001 -5.0413223e-001
 -9.5041322e-001  3.3884298e-001
 -9.3388430e-001 -8.3471074e-001
 -9.1735537e-001  8.2644628e-003
 -9.0082645e-001  8.5123967e-001
 -8.8429752e-001 -3.2231405e-001
 -8.6776860e-001  5.2066116e-001
 -8.5123967e-001 -6.5289256e-001
 -8.3471074e-001  1.9008264e-001
 -8.1818182e-001 -9.8347107e-001
 -8.0165289e-001 -1.4049587e-001
 -7.8512397e-001  7.0247934e-001
 -7.6859504e-001 -4.7107438e-001
 -7.5206612e-001  3.7190083e-001
 -7.3553719e-001 -8.0165289e-001
 -7.1900826e-001  4.1322314e-002
 -7.0247934e-001  8.8429752e-001
 -6.8595041e-001 -2.8925620e-001
 -6.6942149e-001  5.5371901e-001
 -6.5289256e-001 -6.1983471e-001
 -6.3636364e-001  2.2314050e-001
 -6.1983471e-001 -9.5041322e-001
 -6.0330579e-001 -1.0743802e-001
 -5.8677686e-001  7.3553719e-001
 -5.7024793e-001 -4.3801653e-001
 -5.5371901e-001  4.0495868e-001
 -5.3719008e-001 -7.6859504e-001
 -5.2066116e-001  7.4380165e-002
 -5.0413223e-001  9.1735537e-001
 -4.8760331e-001 -2.5619835e-001
 -4.7107438e-001  5.8677686e-001
 -4.5454545e-001 -5.8677686e-001
 -4.3801653e-001  2.5619835e-001
 -4.2148760e-001 -9.1735537e-001
 -4.0495868e-001 -7.4380165e-002
 -3.8842975e-001  7.6859504e-001
 -3.7190083e-001 -4.0495868e-001
 -3.5537190e-001  4.3801653e-001
 -3.3884298e-001 -7.3553719e-001
 -3.2231405e-001  1.0743802e-001
 -3.0578512e-001  9.5041322e-001
 -2.8925620e-001 -2.2314050e-001
 -2.7272727e-001  6.1983471e-001
 -2.5619835e-001 -5.5371901e-001
 -2.3966942e-001  2.8925620e-001
 -2.2314050e-001 -8.8429752e-001
 -2.0661157e-001 -4.1322314e-002
 -1.9008264e-001  8.0165289e-001
 -1.7355372e-001 -3.7190083e-001
 -1.5702479e-001  4.7107438e-001
 -1.4049587e-001 -7.0247934e-001
 -1.2396694e-001  1.4049587e-001
 -1.0743802e-001  9.8347107e-001
 -9.0909091e-002 -1.9008264e-001
 -7.4380165e-002  6.5289256e-001
 -5.7851240e-002 -5.2066116e-001
 -4.1322314e-002  3.2231405e-001
 -2.4793388e-002 -8.5123967e-001
 -8.2644628e-003 -8.2644628e-003
  8.2644628e-003  8.3471074e-001
  2.4793388e-002 -3.3884298e-001
  4.1322314e-002  5.0413223e-001
  5.7851240e-002 -6.6942149e-001
  7.4380165e-002  1.7355372e-001
  9.0909091e-002 -1.0000000e+000
  1.0743802e-001 -1.5702479e-001
  1.2396694e-001  6.8595041e-001
  1.4049587e-001 -4.8760331e-001
  1.5702479e-001  3.5537190e-001
  1.7355372e-001 -8.1818182e-001
  1.9008264e-001  2.4793388e-002
  2.0661157e-001  8.6776860e-001
  2.2314050e-001 -3.0578512e-001
  2.3966942e-001  5.3719008e-001
  2.5619835e-001 -6.3636364e-001
  2.7272727e-001  2.0661157e-001
  2.8925620e-001 -9.6694215e-001
  3.0578512e-001 -1.2396694e-001
  3.2231405e-001  7.1900826e-001
  3.3884298e-001 -4.5454545e-001
  3.5537190e-001  3.8842975e-001
  3.7190083e-001 -7.8512397e-001
  3.8842975e-001  5.7851240e-002
  4.0495868e-001  9.0082645e-001
  4.2148760e-001 -2.7272727e-001
  4.3801653e-001  5.7024793e-001
  4.5454545e-001 -6.0330579e-001
  4.7107438e-001  2.3966942e-001
  4.8760331e-001 -9.3388430e-001
  5.0413223e-001 -9.0909091e-002
  5.2066116e-001  7.5206612e-001
  5.3719008e-001 -4.2148760e-001
  5.5371901e-001  4.2148760e-001
  5.7024793e-001 -7.5206612e-001
  5.8677686e-001  9.0909091e-002
  6.0330579e-001  9.3388430e-001
  6.1983471e-001 -2.3966942e-001
  6.3636364e-001  6.0330579e-001
  6.5289256e-001 -5.7024793e-001
  6.6942149e-001  2.7272727e-001
  6.8595041e-001 -9.0082645e-001
  7.0247934e-001 -5.7851240e-002
  7.1900826e-001  7.8512397e-001
  7.3553719e-001 -3.8842975e-001
  7.5206612e-001  4.5454545e-001
  7.6859504e-001 -7.1900826e-001
  7.8512397e-001  1.2396694e-001
  8.0165289e-001  9.6694215e-001
  8.1818182e-001 -2.0661157e-001
  8.3471074e-001  6.3636364e-001
  8.5123967e-001 -5.3719008e-001
  8.6776860e-001  3.0578512e-001
  8.8429752e-001 -8.6776860e-001
  9.0082645e-001 -2.4793388e-002
  9.1735537e-001  8.1818182e-001
  9.3388430e-001 -3.5537190e-001
  9.5041322e-001  4.8760331e-001
  9.6694215e-001 -6.8595041e-001
  9.8347107e-001  1.5702479e-001
  1.0000000e+000  1.0000000e+000
