 -1.0000000e+000 -8.3892617e-001
 -9.8657718e-001 -6.6442953e-001
 -9.7315436e-001 -4.8993289e-001
 -9.5973154e-001 -3.1543624e-001
 -9.4630872e-001 -1.4093960e-001
 -9.3288591e-001  3.3557047e-002
 -9.1946309e-001  2.0805369e-001
 -9.0604027e-001  3.8255034e-001
 -8.9261745e-001  5.5704698e-001
 -8.7919463e-001  7.3154362e-001
 -8.6577181e-001  9.0604027e-001
 -8.5234899e-001 -9.3288591e-001
 -8.3892617e-001 -7.5838926e-001
 -8.2550336e-001 -5.8389262e-001
 -8.1208054e-001 -4.0939597e-001
 -7.9865772e-001 -2.3489933e-001
 -7.8523490e-001 -6.0402685e-002
 -7.7181208e-001  1.1409396e-001
 -7.5838926e-001  2.8859060e-001
 -7.4496644e-001  4.6308725e-001
 -7.3154362e-001  6.3758389e-001
 -7.1812081e-001  8.1208054e-001
 -7.0469799e-001  9.8657718e-001
 -6.9127517e-001 -8.5234899e-001
 -6.7785235e-001 -6.7785235e-001
 -6.6442953e-001 -5.0335570e-001
 -6.5100671e-001 -3.2885906e-001
 -6.3758389e-001 -1.5436242e-001
 -6.2416107e-001  2.0134228e-002
 -6.1073826e-001  1.9463087e-001
 -5.9731544e-001  3.6912752e-001
 -5.8389262e-001  5.4362416e-001
 -5.7046980e-001  7.1812081e-001
 -5.5704698e-001  8.9261745e-001
 -5.4362416e-001 -9.4630872e-001
 -5.3020134e-001 -7.7181208e-001
 -5.1677852e-001 -5.9731544e-001
 -5.0335570e-001 -4.2281879e-001
 -4.8993289e-001 -2.4832215e-001
 -4.7651007e-001 -7.3825503e-002
 -4.6308725e-001  1.0067114e-001
 -4.4966443e-001  2.7516779e-001
 -4.3624161e-001  4.4966443e-001
 -4.2281879e-001  6.2416107e-001
 -4.0939597e-001  7.9865772e-001
 -3.9597315e-001  9.7315436e-001
 -3.8255034e-001 -8.6577181e-001
 -3.6912752e-001 -6.9127517e-001
 -3.5570470e-001 -5.1677852e-001
 -3.4228188e-001 -3.4228188e-001
 -3.2885906e-001 -1.6778523e-001
 -3.1543624e-001  6.7114094e-003
 -3.0201342e-001  1.8120805e-001
 -2.8859060e-001  3.5570470e-001
 -2.7516779e-001  5.3020134e-001
 -2.6174497e-001  7.0469799e-001
 -2.4832215e-001  8.7919463e-001
 -2.3489933e-001 -9.5973154e-001
 -2.2147651e-001 -7.8523490e-001
 -2.0805369e-001 -6.1073826e-001
 -1.9463087e-001 -4.3624161e-001
 -1.8120805e-001 -2.6174497e-001
 -1.6778523e-001 -8.7248322e-002
 -1.5436242e-001  8.7248322e-002
 -1.4093960e-001  2.6174497e-001
 -1.2751678e-001  4.3624161e-001
 -1.1409396e-001  6.1073826e-001
 -1.0067114e-001  7.8523490e-001
 -8.7248322e-002  9.5973154e-001
 -7.3825503e-002 -8.7919463e-001
 -6.0402685e-002 -7.0469799e-001
 -4.6979866e-002 -5.3020134e-001
 -3.3557047e-002 -3.5570470e-001
 -2.0134228e-002 -1.8120805e-001
 -6.7114094e-003 -6.7114094e-003
  6.7114094e-003  1.6778523e-001
  2.0134228e-002  3.4228188e-001
  3.3557047e-002  5.1677852e-001
  4.6979866e-002  6.9127517e-001
  6.0402685e-002  8.6577181e-001
  7.3825503e-002 -9.7315436e-001
  8.7248322e-002 -7.9865772e-001
  1.0067114e-001 -6.2416107e-001
  1.1409396e-001 -4.4966443e-001
  1.2751678e-001 -2.7516779e-001
  1.4093960e-001 -1.0067114e-001
  1.5436242e-001  7.3825503e-002
  1.6778523e-001  2.4832215e-001
  1.8120805e-001  4.2281879e-001
  1.9463087e-001  5.9731544e-001
  2.0805369e-001  7.7181208e-001
  2.2147651e-001  9.4630872e-001
  2.3489933e-001 -8.9261745e-001
  2.4832215e-001 -7.1812081e-001
  2.6174497e-001 -5.4362416e-001
  2.7516779e-001 -3.6912752e-001
  2.8859060e-001 -1.9463087e-001
  3.0201342e-001 -2.0134228e-002
  3.1543624e-001  1.5436242e-001
  3.2885906e-001  3.2885906e-001
  3.4228188e-001  5.0335570e-001
  3.5570470e-001  6.7785235e-001
  3.6912752e-001  8.5234899e-001
  3.8255034e-001 -9.8657718e-001
  3.9597315e-001 -8.1208054e-001
  4.0939597e-001 -6.3758389e-001
  4.2281879e-001 -4.6308725e-001
  4.3624161e-001 -2.8859060e-001
  4.4966443e-001 -1.1409396e-001
  4.6308725e-001  6.0402685e-002
  4.7651007e-001  2.3489933e-001
  4.8993289e-001  4.0939597e-001
  5.0335570e-001  5.8389262e-001
  5.1677852e-001  7.5838926e-001
  5.3020134e-001  9.3288591e-001
  5.4362416e-001 -9.0604027e-001
  5.5704698e-001 -7.3154362e-001
  5.7046980e-001 -5.5704698e-001
  5.8389262e-001 -3.8255034e-001
  5.9731544e-001 -2.0805369e-001
  6.1073826e-001 -3.3557047e-002
  6.2416107e-001  1.4093960e-001
  6.3758389e-001  3.1543624e-001
  6.5100671e-001  4.8993289e-001
  6.6442953e-001  6.6442953e-001
  6.7785235e-001  8.3892617e-001
  6.9127517e-001 -1.0000000e+000
  7.0469799e-001 -8.2550336e-001
  7.1812081e-001 -6.5100671e-001
  7.3154362e-001 -4.7651007e-001
  7.4496644e-001 -3.0201342e-001
  7.5838926e-001 -1.2751678e-001
  7.7181208e-001  4.6979866e-002
  7.8523490e-001  2.2147651e-001
  7.9865772e-001  3.9597315e-001
  8.1208054e-001  5.7046980e-001
  8.2550336e-001  7.4496644e-001
  8.3892617e-001  9.1946309e-001
  8.5234899e-001 -9.1946309e-001
  8.6577181e-001 -7.4496644e-001
  8.7919463e-001 -5.7046980e-001
  8.9261745e-001 -3.9597315e-001
  9.0604027e-001 -2.2147651e-001
  9.1946309e-001 -4.6979866e-002
  9.3288591e-001  1.2751678e-001
  9.4630872e-001  3.0201342e-001
  9.5973154e-001  4.7651007e-001
  9.7315436e-001  6.5100671e-001
  9.8657718e-001  8.2550336e-001
  1.0000000e+000  1.0000000e+000
