 -1.0000000e+000 -4.7150259e-001
 -9.8963731e-001  6.7357513e-002
 -9.7927461e-001  6.0621762e-001
 -9.6891192e-001 -8.6528497e-001
 -9.5854922e-001 -3.2642487e-001
 -9.4818653e-001  2.1243523e-001
 -9.3782383e-001  7.5129534e-001
 -9.2746114e-001 -7.2020725e-001
 -9.1709845e-001 -1.8134715e-001
 -9.0673575e-001  3.5751295e-001
 -8.9637306e-001  8.9637306e-001
 -8.8601036e-001 -5.7512953e-001
 -8.7564767e-001 -3.6269430e-002
 -8.6528497e-001  5.0259067e-001
 -8.5492228e-001 -9.6891192e-001
 -8.4455959e-001 -4.3005181e-001
 -8.3419689e-001  1.0880829e-001
 -8.2383420e-001  6.4766839e-001
 -8.1347150e-001 -8.2383420e-001
 -8.0310881e-001 -2.8497409e-001
 -7.9274611e-001  2.5388601e-001
 -7.8238342e-001  7.9274611e-001
 -7.7202073e-001 -6.7875648e-001
 -7.6165803e-001 -1.3989637e-001
 -7.5129534e-001  3.9896373e-001
 -7.4093264e-001  9.3782383e-001
 -7.3056995e-001 -5.3367876e-001
 -7.2020725e-001  5.1813472e-003
 -7.0984456e-001  5.4404145e-001
 -6.9948187e-001 -9.2746114e-001
 -6.8911917e-001 -3.8860104e-001
 -6.7875648e-001  1.5025907e-001
 -6.6839378e-001  6.8911917e-001
 -6.5803109e-001 -7.8238342e-001
 -6.4766839e-001 -2.4352332e-001
 -6.3730570e-001  2.9533679e-001
 -6.2694301e-001  8.3419689e-001
 -6.1658031e-001 -6.3730570e-001
 -6.0621762e-001 -9.8445596e-002
 -5.9585492e-001  4.4041451e-001
 -5.8549223e-001  9.7927461e-001
 -5.7512953e-001 -4.9222798e-001
 -5.6476684e-001  4.6632124e-002
 -5.5440415e-001  5.8549223e-001
 -5.4404145e-001 -8.8601036e-001
 -5.3367876e-001 -3.4715026e-001
 -5.2331606e-001  1.9170984e-001
 -5.1295337e-001  7.3056995e-001
 -5.0259067e-001 -7.4093264e-001
 -4.9222798e-001 -2.0207254e-001
 -4.8186528e-001  3.3678756e-001
 -4.7150259e-001  8.7564767e-001
 -4.6113990e-001 -5.9585492e-001
 -4.5077720e-001 -5.6994819e-002
 -4.4041451e-001  4.8186528e-001
 -4.3005181e-001 -9.8963731e-001
 -4.1968912e-001 -4.5077720e-001
 -4.0932642e-001  8.8082902e-002
 -3.9896373e-001  6.2694301e-001
 -3.8860104e-001 -8.4455959e-001
 -3.7823834e-001 -3.0569948e-001
 -3.6787565e-001  2.3316062e-001
 -3.5751295e-001  7.7202073e-001
 -3.4715026e-001 -6.9948187e-001
 -3.3678756e-001 -1.6062176e-001
 -3.2642487e-001  3.7823834e-001
 -3.1606218e-001  9.1709845e-001
 -3.0569948e-001 -5.5440415e-001
 -2.9533679e-001 -1.5544041e-002
 -2.8497409e-001  5.2331606e-001
 -2.7461140e-001 -9.4818653e-001
 -2.6424870e-001 -4.0932642e-001
 -2.5388601e-001  1.2953368e-001
 -2.4352332e-001  6.6839378e-001
 -2.3316062e-001 -8.0310881e-001
 -2.2279793e-001 -2.6424870e-001
 -2.1243523e-001  2.7461140e-001
 -2.0207254e-001  8.1347150e-001
 -1.9170984e-001 -6.5803109e-001
 -1.8134715e-001 -1.1917098e-001
 -1.7098446e-001  4.1968912e-001
 -1.6062176e-001  9.5854922e-001
 -1.5025907e-001 -5.1295337e-001
 -1.3989637e-001  2.5906736e-002
 -1.2953368e-001  5.6476684e-001
 -1.1917098e-001 -9.0673575e-001
 -1.0880829e-001 -3.6787565e-001
 -9.8445596e-002  1.7098446e-001
 -8.8082902e-002  7.0984456e-001
 -7.7720207e-002 -7.6165803e-001
 -6.7357513e-002 -2.2279793e-001
 -5.6994819e-002  3.1606218e-001
 -4.6632124e-002  8.5492228e-001
 -3.6269430e-002 -6.1658031e-001
 -2.5906736e-002 -7.7720207e-002
 -1.5544041e-002  4.6113990e-001
 -5.1813472e-003  1.0000000e+000
  5.1813472e-003 -1.0000000e+000
  1.5544041e-002 -4.6113990e-001
  2.5906736e-002  7.7720207e-002
  3.6269430e-002  6.1658031e-001
  4.6632124e-002 -8.5492228e-001
  5.6994819e-002 -3.1606218e-001
  6.7357513e-002  2.2279793e-001
  7.7720207e-002  7.6165803e-001
  8.8082902e-002 -7.0984456e-001
  9.8445596e-002 -1.7098446e-001
  1.0880829e-001  3.6787565e-001
  1.1917098e-001  9.0673575e-001
  1.2953368e-001 -5.6476684e-001
  1.3989637e-001 -2.5906736e-002
  1.5025907e-001  5.1295337e-001
  1.6062176e-001 -9.5854922e-001
  1.7098446e-001 -4.1968912e-001
  1.8134715e-001  1.1917098e-001
  1.9170984e-001  6.5803109e-001
  2.0207254e-001 -8.1347150e-001
  2.1243523e-001 -2.7461140e-001
  2.2279793e-001  2.6424870e-001
  2.3316062e-001  8.0310881e-001
  2.4352332e-001 -6.6839378e-001
  2.5388601e-001 -1.2953368e-001
  2.6424870e-001  4.0932642e-001
  2.7461140e-001  9.4818653e-001
  2.8497409e-001 -5.2331606e-001
  2.9533679e-001  1.5544041e-002
  3.0569948e-001  5.5440415e-001
  3.1606218e-001 -9.1709845e-001
  3.2642487e-001 -3.7823834e-001
  3.3678756e-001  1.6062176e-001
  3.4715026e-001  6.9948187e-001
  3.5751295e-001 -7.7202073e-001
  3.6787565e-001 -2.3316062e-001
  3.7823834e-001  3.0569948e-001
  3.8860104e-001  8.4455959e-001
  3.9896373e-001 -6.2694301e-001
  4.0932642e-001 -8.8082902e-002
  4.1968912e-001  4.5077720e-001
  4.3005181e-001  9.8963731e-001
  4.4041451e-001 -4.8186528e-001
  4.5077720e-001  5.6994819e-002
  4.6113990e-001  5.9585492e-001
  4.7150259e-001 -8.7564767e-001
  4.8186528e-001 -3.3678756e-001
  4.9222798e-001  2.0207254e-001
  5.0259067e-001  7.4093264e-001
  5.1295337e-001 -7.3056995e-001
  5.2331606e-001 -1.9170984e-001
  5.3367876e-001  3.4715026e-001
  5.4404145e-001  8.8601036e-001
  5.5440415e-001 -5.8549223e-001
  5.6476684e-001 -4.6632124e-002
  5.7512953e-001  4.9222798e-001
  5.8549223e-001 -9.7927461e-001
  5.9585492e-001 -4.4041451e-001
  6.0621762e-001  9.8445596e-002
  6.1658031e-001  6.3730570e-001
  6.2694301e-001 -8.3419689e-001
  6.3730570e-001 -2.9533679e-001
  6.4766839e-001  2.4352332e-001
  6.5803109e-001  7.8238342e-001
  6.6839378e-001 -6.8911917e-001
  6.7875648e-001 -1.5025907e-001
  6.8911917e-001  3.8860104e-001
  6.9948187e-001  9.2746114e-001
  7.0984456e-001 -5.4404145e-001
  7.2020725e-001 -5.1813472e-003
  7.3056995e-001  5.3367876e-001
  7.4093264e-001 -9.3782383e-001
  7.5129534e-001 -3.9896373e-001
  7.6165803e-001  1.3989637e-001
  7.7202073e-001  6.7875648e-001
  7.8238342e-001 -7.9274611e-001
  7.9274611e-001 -2.5388601e-001
  8.0310881e-001  2.8497409e-001
  8.1347150e-001  8.2383420e-001
  8.2383420e-001 -6.4766839e-001
  8.3419689e-001 -1.0880829e-001
  8.4455959e-001  4.3005181e-001
  8.5492228e-001  9.6891192e-001
  8.6528497e-001 -5.0259067e-001
  8.7564767e-001  3.6269430e-002
  8.8601036e-001  5.7512953e-001
  8.9637306e-001 -8.9637306e-001
  9.0673575e-001 -3.5751295e-001
  9.1709845e-001  1.8134715e-001
  9.2746114e-001  7.2020725e-001
  9.3782383e-001 -7.5129534e-001
  9.4818653e-001 -2.1243523e-001
  9.5854922e-001  3.2642487e-001
  9.6891192e-001  8.6528497e-001
  9.7927461e-001 -6.0621762e-001
  9.8963731e-001 -6.7357513e-002
  1.0000000e+000  4.7150259e-001
