 -1.0000000e+000 -4.2857143e-001
 -9.7619048e-001  1.6666667e-001
 -9.5238095e-001  7.6190476e-001
 -9.2857143e-001 -6.4285714e-001
 -9.0476190e-001 -4.7619048e-002
 -8.8095238e-001  5.4761905e-001
 -8.5714286e-001 -8.5714286e-001
 -8.3333333e-001 -2.6190476e-001
 -8.0952381e-001  3.3333333e-001
 -7.8571429e-001  9.2857143e-001
 -7.6190476e-001 -4.7619048e-001
 -7.3809524e-001  1.1904762e-001
 -7.1428571e-001  7.1428571e-001
 -6.9047619e-001 -6.9047619e-001
 -6.6666667e-001 -9.5238095e-002
 -6.4285714e-001  5.0000000e-001
 -6.1904762e-001 -9.0476190e-001
 -5.9523810e-001 -3.0952381e-001
 -5.7142857e-001  2.8571429e-001
 -5.4761905e-001  8.8095238e-001
 -5.2380952e-001 -5.2380952e-001
 -5.0000000e-001  7.1428571e-002
 -4.7619048e-001  6.6666667e-001
 -4.5238095e-001 -7.3809524e-001
 -4.2857143e-001 -1.4285714e-001
 -4.0476190e-001  4.5238095e-001
 -3.8095238e-001 -9.5238095e-001
 -3.5714286e-001 -3.5714286e-001
 -3.3333333e-001  2.3809524e-001
 -3.0952381e-001  8.3333333e-001
 -2.8571429e-001 -5.7142857e-001
 -2.6190476e-001  2.3809524e-002
 -2.3809524e-001  6.1904762e-001
 -2.1428571e-001 -7.8571429e-001
 -1.9047619e-001 -1.9047619e-001
 -1.6666667e-001  4.0476190e-001
 -1.4285714e-001  1.0000000e+000
 -1.1904762e-001 -1.0000000e+000
 -9.5238095e-002 -4.0476190e-001
 -7.1428571e-002  1.9047619e-001
 -4.7619048e-002  7.8571429e-001
 -2.3809524e-002 -6.1904762e-001
  0.0000000e+000 -2.3809524e-002
  2.3809524e-002  5.7142857e-001
  4.7619048e-002 -8.3333333e-001
  7.1428571e-002 -2.3809524e-001
  9.5238095e-002  3.5714286e-001
  1.1904762e-001  9.5238095e-001
  1.4285714e-001 -4.5238095e-001
  1.6666667e-001  1.4285714e-001
  1.9047619e-001  7.3809524e-001
  2.1428571e-001 -6.6666667e-001
  2.3809524e-001 -7.1428571e-002
  2.6190476e-001  5.2380952e-001
  2.8571429e-001 -8.8095238e-001
  3.0952381e-001 -2.8571429e-001
  3.3333333e-001  3.0952381e-001
  3.5714286e-001  9.0476190e-001
  3.8095238e-001 -5.0000000e-001
  4.0476190e-001  9.5238095e-002
  4.2857143e-001  6.9047619e-001
  4.5238095e-001 -7.1428571e-001
  4.7619048e-001 -1.1904762e-001
  5.0000000e-001  4.7619048e-001
  5.2380952e-001 -9.2857143e-001
  5.4761905e-001 -3.3333333e-001
  5.7142857e-001  2.6190476e-001
  5.9523810e-001  8.5714286e-001
  6.1904762e-001 -5.4761905e-001
  6.4285714e-001  4.7619048e-002
  6.6666667e-001  6.4285714e-001
  6.9047619e-001 -7.6190476e-001
  7.1428571e-001 -1.6666667e-001
  7.3809524e-001  4.2857143e-001
  7.6190476e-001 -9.7619048e-001
  7.8571429e-001 -3.8095238e-001
  8.0952381e-001  2.1428571e-001
  8.3333333e-001  8.0952381e-001
  8.5714286e-001 -5.9523810e-001
  8.8095238e-001  0.0000000e+000
  9.0476190e-001  5.9523810e-001
  9.2857143e-001 -8.0952381e-001
  9.5238095e-001 -2.1428571e-001
  9.7619048e-001  3.8095238e-001
  1.0000000e+000  9.7619048e-001
