 -1.0000000e+000 -8.5185185e-001
 -9.8941799e-001 -6.9312169e-001
 -9.7883598e-001 -5.3439153e-001
 -9.6825397e-001 -3.7566138e-001
 -9.5767196e-001 -2.1693122e-001
 -9.4708995e-001 -5.8201058e-002
 -9.3650794e-001  1.0052910e-001
 -9.2592593e-001  2.5925926e-001
 -9.1534392e-001  4.1798942e-001
 -9.0476190e-001  5.7671958e-001
 -8.9417989e-001  7.3544974e-001
 -8.8359788e-001  8.9417989e-001
 -8.7301587e-001 -9.3650794e-001
 -8.6243386e-001 -7.7777778e-001
 -8.5185185e-001 -6.1904762e-001
 -8.4126984e-001 -4.6031746e-001
 -8.3068783e-001 -3.0158730e-001
 -8.2010582e-001 -1.4285714e-001
 -8.0952381e-001  1.5873016e-002
 -7.9894180e-001  1.7460317e-001
 -7.8835979e-001  3.3333333e-001
 -7.7777778e-001  4.9206349e-001
 -7.6719577e-001  6.5079365e-001
 -7.5661376e-001  8.0952381e-001
 -7.4603175e-001  9.6825397e-001
 -7.3544974e-001 -8.6243386e-001
 -7.2486772e-001 -7.0370370e-001
 -7.1428571e-001 -5.4497354e-001
 -7.0370370e-001 -3.8624339e-001
 -6.9312169e-001 -2.2751323e-001
 -6.8253968e-001 -6.8783069e-002
 -6.7195767e-001  8.9947090e-002
 -6.6137566e-001  2.4867725e-001
 -6.5079365e-001  4.0740741e-001
 -6.4021164e-001  5.6613757e-001
 -6.2962963e-001  7.2486772e-001
 -6.1904762e-001  8.8359788e-001
 -6.0846561e-001 -9.4708995e-001
 -5.9788360e-001 -7.8835979e-001
 -5.8730159e-001 -6.2962963e-001
 -5.7671958e-001 -4.7089947e-001
 -5.6613757e-001 -3.1216931e-001
 -5.5555556e-001 -1.5343915e-001
 -5.4497354e-001  5.2910053e-003
 -5.3439153e-001  1.6402116e-001
 -5.2380952e-001  3.2275132e-001
 -5.1322751e-001  4.8148148e-001
 -5.0264550e-001  6.4021164e-001
 -4.9206349e-001  7.9894180e-001
 -4.8148148e-001  9.5767196e-001
 -4.7089947e-001 -8.7301587e-001
 -4.6031746e-001 -7.1428571e-001
 -4.4973545e-001 -5.5555556e-001
 -4.3915344e-001 -3.9682540e-001
 -4.2857143e-001 -2.3809524e-001
 -4.1798942e-001 -7.9365079e-002
 -4.0740741e-001  7.9365079e-002
 -3.9682540e-001  2.3809524e-001
 -3.8624339e-001  3.9682540e-001
 -3.7566138e-001  5.5555556e-001
 -3.6507937e-001  7.1428571e-001
 -3.5449735e-001  8.7301587e-001
 -3.4391534e-001 -9.5767196e-001
 -3.3333333e-001 -7.9894180e-001
 -3.2275132e-001 -6.4021164e-001
 -3.1216931e-001 -4.8148148e-001
 -3.0158730e-001 -3.2275132e-001
 -2.9100529e-001 -1.6402116e-001
 -2.8042328e-001 -5.2910053e-003
 -2.6984127e-001  1.5343915e-001
 -2.5925926e-001  3.1216931e-001
 -2.4867725e-001  4.7089947e-001
 -2.3809524e-001  6.2962963e-001
 -2.2751323e-001  7.8835979e-001
 -2.1693122e-001  9.4708995e-001
 -2.0634921e-001 -8.8359788e-001
 -1.9576720e-001 -7.2486772e-001
 -1.8518519e-001 -5.6613757e-001
 -1.7460317e-001 -4.0740741e-001
 -1.6402116e-001 -2.4867725e-001
 -1.5343915e-001 -8.9947090e-002
 -1.4285714e-001  6.8783069e-002
 -1.3227513e-001  2.2751323e-001
 -1.2169312e-001  3.8624339e-001
 -1.1111111e-001  5.4497354e-001
 -1.0052910e-001  7.0370370e-001
 -8.9947090e-002  8.6243386e-001
 -7.9365079e-002 -9.6825397e-001
 -6.8783069e-002 -8.0952381e-001
 -5.8201058e-002 -6.5079365e-001
 -4.7619048e-002 -4.9206349e-001
 -3.7037037e-002 -3.3333333e-001
 -2.6455026e-002 -1.7460317e-001
 -1.5873016e-002 -1.5873016e-002
 -5.2910053e-003  1.4285714e-001
  5.2910053e-003  3.0158730e-001
  1.5873016e-002  4.6031746e-001
  2.6455026e-002  6.1904762e-001
  3.7037037e-002  7.7777778e-001
  4.7619048e-002  9.3650794e-001
  5.8201058e-002 -8.9417989e-001
  6.8783069e-002 -7.3544974e-001
  7.9365079e-002 -5.7671958e-001
  8.9947090e-002 -4.1798942e-001
  1.0052910e-001 -2.5925926e-001
  1.1111111e-001 -1.0052910e-001
  1.2169312e-001  5.8201058e-002
  1.3227513e-001  2.1693122e-001
  1.4285714e-001  3.7566138e-001
  1.5343915e-001  5.3439153e-001
  1.6402116e-001  6.9312169e-001
  1.7460317e-001  8.5185185e-001
  1.8518519e-001 -9.7883598e-001
  1.9576720e-001 -8.2010582e-001
  2.0634921e-001 -6.6137566e-001
  2.1693122e-001 -5.0264550e-001
  2.2751323e-001 -3.4391534e-001
  2.3809524e-001 -1.8518519e-001
  2.4867725e-001 -2.6455026e-002
  2.5925926e-001  1.3227513e-001
  2.6984127e-001  2.9100529e-001
  2.8042328e-001  4.4973545e-001
  2.9100529e-001  6.0846561e-001
  3.0158730e-001  7.6719577e-001
  3.1216931e-001  9.2592593e-001
  3.2275132e-001 -9.0476190e-001
  3.3333333e-001 -7.4603175e-001
  3.4391534e-001 -5.8730159e-001
  3.5449735e-001 -4.2857143e-001
  3.6507937e-001 -2.6984127e-001
  3.7566138e-001 -1.1111111e-001
  3.8624339e-001  4.7619048e-002
  3.9682540e-001  2.0634921e-001
  4.0740741e-001  3.6507937e-001
  4.1798942e-001  5.2380952e-001
  4.2857143e-001  6.8253968e-001
  4.3915344e-001  8.4126984e-001
  4.4973545e-001  1.0000000e+000
  4.6031746e-001 -9.8941799e-001
  4.7089947e-001 -8.3068783e-001
  4.8148148e-001 -6.7195767e-001
  4.9206349e-001 -5.1322751e-001
  5.0264550e-001 -3.5449735e-001
  5.1322751e-001 -1.9576720e-001
  5.2380952e-001 -3.7037037e-002
  5.3439153e-001  1.2169312e-001
  5.4497354e-001  2.8042328e-001
  5.5555556e-001  4.3915344e-001
  5.6613757e-001  5.9788360e-001
  5.7671958e-001  7.5661376e-001
  5.8730159e-001  9.1534392e-001
  5.9788360e-001 -9.1534392e-001
  6.0846561e-001 -7.5661376e-001
  6.1904762e-001 -5.9788360e-001
  6.2962963e-001 -4.3915344e-001
  6.4021164e-001 -2.8042328e-001
  6.5079365e-001 -1.2169312e-001
  6.6137566e-001  3.7037037e-002
  6.7195767e-001  1.9576720e-001
  6.8253968e-001  3.5449735e-001
  6.9312169e-001  5.1322751e-001
  7.0370370e-001  6.7195767e-001
  7.1428571e-001  8.3068783e-001
  7.2486772e-001  9.8941799e-001
  7.3544974e-001 -1.0000000e+000
  7.4603175e-001 -8.4126984e-001
  7.5661376e-001 -6.8253968e-001
  7.6719577e-001 -5.2380952e-001
  7.7777778e-001 -3.6507937e-001
  7.8835979e-001 -2.0634921e-001
  7.9894180e-001 -4.7619048e-002
  8.0952381e-001  1.1111111e-001
  8.2010582e-001  2.6984127e-001
  8.3068783e-001  4.2857143e-001
  8.4126984e-001  5.8730159e-001
  8.5185185e-001  7.4603175e-001
  8.6243386e-001  9.0476190e-001
  8.7301587e-001 -9.2592593e-001
  8.8359788e-001 -7.6719577e-001
  8.9417989e-001 -6.0846561e-001
  9.0476190e-001 -4.4973545e-001
  9.1534392e-001 -2.9100529e-001
  9.2592593e-001 -1.3227513e-001
  9.3650794e-001  2.6455026e-002
  9.4708995e-001  1.8518519e-001
  9.5767196e-001  3.4391534e-001
  9.6825397e-001  5.0264550e-001
  9.7883598e-001  6.6137566e-001
  9.8941799e-001  8.2010582e-001
  1.0000000e+000  9.7883598e-001
