 -1.0000000e+000 -2.8961749e-001
 -9.8907104e-001  4.3169399e-001
 -9.7814208e-001 -8.5792350e-001
 -9.6721311e-001 -1.3661202e-001
 -9.5628415e-001  5.8469945e-001
 -9.4535519e-001 -7.0491803e-001
 -9.3442623e-001  1.6393443e-002
 -9.2349727e-001  7.3770492e-001
 -9.1256831e-001 -5.5191257e-001
 -9.0163934e-001  1.6939891e-001
 -8.9071038e-001  8.9071038e-001
 -8.7978142e-001 -3.9890710e-001
 -8.6885246e-001  3.2240437e-001
 -8.5792350e-001 -9.6721311e-001
 -8.4699454e-001 -2.4590164e-001
 -8.3606557e-001  4.7540984e-001
 -8.2513661e-001 -8.1420765e-001
 -8.1420765e-001 -9.2896175e-002
 -8.0327869e-001  6.2841530e-001
 -7.9234973e-001 -6.6120219e-001
 -7.8142077e-001  6.0109290e-002
 -7.7049180e-001  7.8142077e-001
 -7.5956284e-001 -5.0819672e-001
 -7.4863388e-001  2.1311475e-001
 -7.3770492e-001  9.3442623e-001
 -7.2677596e-001 -3.5519126e-001
 -7.1584699e-001  3.6612022e-001
 -7.0491803e-001 -9.2349727e-001
 -6.9398907e-001 -2.0218579e-001
 -6.8306011e-001  5.1912568e-001
 -6.7213115e-001 -7.7049180e-001
 -6.6120219e-001 -4.9180328e-002
 -6.5027322e-001  6.7213115e-001
 -6.3934426e-001 -6.1748634e-001
 -6.2841530e-001  1.0382514e-001
 -6.1748634e-001  8.2513661e-001
 -6.0655738e-001 -4.6448087e-001
 -5.9562842e-001  2.5683060e-001
 -5.8469945e-001  9.7814208e-001
 -5.7377049e-001 -3.1147541e-001
 -5.6284153e-001  4.0983607e-001
 -5.5191257e-001 -8.7978142e-001
 -5.4098361e-001 -1.5846995e-001
 -5.3005464e-001  5.6284153e-001
 -5.1912568e-001 -7.2677596e-001
 -5.0819672e-001 -5.4644809e-003
 -4.9726776e-001  7.1584699e-001
 -4.8633880e-001 -5.7377049e-001
 -4.7540984e-001  1.4754098e-001
 -4.6448087e-001  8.6885246e-001
 -4.5355191e-001 -4.2076503e-001
 -4.4262295e-001  3.0054645e-001
 -4.3169399e-001 -9.8907104e-001
 -4.2076503e-001 -2.6775956e-001
 -4.0983607e-001  4.5355191e-001
 -3.9890710e-001 -8.3606557e-001
 -3.8797814e-001 -1.1475410e-001
 -3.7704918e-001  6.0655738e-001
 -3.6612022e-001 -6.8306011e-001
 -3.5519126e-001  3.8251366e-002
 -3.4426230e-001  7.5956284e-001
 -3.3333333e-001 -5.3005464e-001
 -3.2240437e-001  1.9125683e-001
 -3.1147541e-001  9.1256831e-001
 -3.0054645e-001 -3.7704918e-001
 -2.8961749e-001  3.4426230e-001
 -2.7868852e-001 -9.4535519e-001
 -2.6775956e-001 -2.2404372e-001
 -2.5683060e-001  4.9726776e-001
 -2.4590164e-001 -7.9234973e-001
 -2.3497268e-001 -7.1038251e-002
 -2.2404372e-001  6.5027322e-001
 -2.1311475e-001 -6.3934426e-001
 -2.0218579e-001  8.1967213e-002
 -1.9125683e-001  8.0327869e-001
 -1.8032787e-001 -4.8633880e-001
 -1.6939891e-001  2.3497268e-001
 -1.5846995e-001  9.5628415e-001
 -1.4754098e-001 -3.3333333e-001
 -1.3661202e-001  3.8797814e-001
 -1.2568306e-001 -9.0163934e-001
 -1.1475410e-001 -1.8032787e-001
 -1.0382514e-001  5.4098361e-001
 -9.2896175e-002 -7.4863388e-001
 -8.1967213e-002 -2.7322404e-002
 -7.1038251e-002  6.9398907e-001
 -6.0109290e-002 -5.9562842e-001
 -4.9180328e-002  1.2568306e-001
 -3.8251366e-002  8.4699454e-001
 -2.7322404e-002 -4.4262295e-001
 -1.6393443e-002  2.7868852e-001
 -5.4644809e-003  1.0000000e+000
  5.4644809e-003 -1.0000000e+000
  1.6393443e-002 -2.7868852e-001
  2.7322404e-002  4.4262295e-001
  3.8251366e-002 -8.4699454e-001
  4.9180328e-002 -1.2568306e-001
  6.0109290e-002  5.9562842e-001
  7.1038251e-002 -6.9398907e-001
  8.1967213e-002  2.7322404e-002
  9.2896175e-002  7.4863388e-001
  1.0382514e-001 -5.4098361e-001
  1.1475410e-001  1.8032787e-001
  1.2568306e-001  9.0163934e-001
  1.3661202e-001 -3.8797814e-001
  1.4754098e-001  3.3333333e-001
  1.5846995e-001 -9.5628415e-001
  1.6939891e-001 -2.3497268e-001
  1.8032787e-001  4.8633880e-001
  1.9125683e-001 -8.0327869e-001
  2.0218579e-001 -8.1967213e-002
  2.1311475e-001  6.3934426e-001
  2.2404372e-001 -6.5027322e-001
  2.3497268e-001  7.1038251e-002
  2.4590164e-001  7.9234973e-001
  2.5683060e-001 -4.9726776e-001
  2.6775956e-001  2.2404372e-001
  2.7868852e-001  9.4535519e-001
  2.8961749e-001 -3.4426230e-001
  3.0054645e-001  3.7704918e-001
  3.1147541e-001 -9.1256831e-001
  3.2240437e-001 -1.9125683e-001
  3.3333333e-001  5.3005464e-001
  3.4426230e-001 -7.5956284e-001
  3.5519126e-001 -3.8251366e-002
  3.6612022e-001  6.8306011e-001
  3.7704918e-001 -6.0655738e-001
  3.8797814e-001  1.1475410e-001
  3.9890710e-001  8.3606557e-001
  4.0983607e-001 -4.5355191e-001
  4.2076503e-001  2.6775956e-001
  4.3169399e-001  9.8907104e-001
  4.4262295e-001 -3.0054645e-001
  4.5355191e-001  4.2076503e-001
  4.6448087e-001 -8.6885246e-001
  4.7540984e-001 -1.4754098e-001
  4.8633880e-001  5.7377049e-001
  4.9726776e-001 -7.1584699e-001
  5.0819672e-001  5.4644809e-003
  5.1912568e-001  7.2677596e-001
  5.3005464e-001 -5.6284153e-001
  5.4098361e-001  1.5846995e-001
  5.5191257e-001  8.7978142e-001
  5.6284153e-001 -4.0983607e-001
  5.7377049e-001  3.1147541e-001
  5.8469945e-001 -9.7814208e-001
  5.9562842e-001 -2.5683060e-001
  6.0655738e-001  4.6448087e-001
  6.1748634e-001 -8.2513661e-001
  6.2841530e-001 -1.0382514e-001
  6.3934426e-001  6.1748634e-001
  6.5027322e-001 -6.7213115e-001
  6.6120219e-001  4.9180328e-002
  6.7213115e-001  7.7049180e-001
  6.8306011e-001 -5.1912568e-001
  6.9398907e-001  2.0218579e-001
  7.0491803e-001  9.2349727e-001
  7.1584699e-001 -3.6612022e-001
  7.2677596e-001  3.5519126e-001
  7.3770492e-001 -9.3442623e-001
  7.4863388e-001 -2.1311475e-001
  7.5956284e-001  5.0819672e-001
  7.7049180e-001 -7.8142077e-001
  7.8142077e-001 -6.0109290e-002
  7.9234973e-001  6.6120219e-001
  8.0327869e-001 -6.2841530e-001
  8.1420765e-001  9.2896175e-002
  8.2513661e-001  8.1420765e-001
  8.3606557e-001 -4.7540984e-001
  8.4699454e-001  2.4590164e-001
  8.5792350e-001  9.6721311e-001
  8.6885246e-001 -3.2240437e-001
  8.7978142e-001  3.9890710e-001
  8.9071038e-001 -8.9071038e-001
  9.0163934e-001 -1.6939891e-001
  9.1256831e-001  5.5191257e-001
  9.2349727e-001 -7.3770492e-001
  9.3442623e-001 -1.6393443e-002
  9.4535519e-001  7.0491803e-001
  9.5628415e-001 -5.8469945e-001
  9.6721311e-001  1.3661202e-001
  9.7814208e-001  8.5792350e-001
  9.8907104e-001 -4.3169399e-001
  1.0000000e+000  2.8961749e-001
