 -1.0000000e+000 -8.4146341e-001
 -9.8780488e-001 -6.7073171e-001
 -9.7560976e-001 -5.0000000e-001
 -9.6341463e-001 -3.2926829e-001
 -9.5121951e-001 -1.5853659e-001
 -9.3902439e-001  1.2195122e-002
 -9.2682927e-001  1.8292683e-001
 -9.1463415e-001  3.5365854e-001
 -9.0243902e-001  5.2439024e-001
 -8.9024390e-001  6.9512195e-001
 -8.7804878e-001  8.6585366e-001
 -8.6585366e-001 -9.3902439e-001
 -8.5365854e-001 -7.6829268e-001
 -8.4146341e-001 -5.9756098e-001
 -8.2926829e-001 -4.2682927e-001
 -8.1707317e-001 -2.5609756e-001
 -8.0487805e-001 -8.5365854e-002
 -7.9268293e-001  8.5365854e-002
 -7.8048780e-001  2.5609756e-001
 -7.6829268e-001  4.2682927e-001
 -7.5609756e-001  5.9756098e-001
 -7.4390244e-001  7.6829268e-001
 -7.3170732e-001  9.3902439e-001
 -7.1951220e-001 -8.6585366e-001
 -7.0731707e-001 -6.9512195e-001
 -6.9512195e-001 -5.2439024e-001
 -6.8292683e-001 -3.5365854e-001
 -6.7073171e-001 -1.8292683e-001
 -6.5853659e-001 -1.2195122e-002
 -6.4634146e-001  1.5853659e-001
 -6.3414634e-001  3.2926829e-001
 -6.2195122e-001  5.0000000e-001
 -6.0975610e-001  6.7073171e-001
 -5.9756098e-001  8.4146341e-001
 -5.8536585e-001 -9.6341463e-001
 -5.7317073e-001 -7.9268293e-001
 -5.6097561e-001 -6.2195122e-001
 -5.4878049e-001 -4.5121951e-001
 -5.3658537e-001 -2.8048780e-001
 -5.2439024e-001 -1.0975610e-001
 -5.1219512e-001  6.0975610e-002
 -5.0000000e-001  2.3170732e-001
 -4.8780488e-001  4.0243902e-001
 -4.7560976e-001  5.7317073e-001
 -4.6341463e-001  7.4390244e-001
 -4.5121951e-001  9.1463415e-001
 -4.3902439e-001 -8.9024390e-001
 -4.2682927e-001 -7.1951220e-001
 -4.1463415e-001 -5.4878049e-001
 -4.0243902e-001 -3.7804878e-001
 -3.9024390e-001 -2.0731707e-001
 -3.7804878e-001 -3.6585366e-002
 -3.6585366e-001  1.3414634e-001
 -3.5365854e-001  3.0487805e-001
 -3.4146341e-001  4.7560976e-001
 -3.2926829e-001  6.4634146e-001
 -3.1707317e-001  8.1707317e-001
 -3.0487805e-001  9.8780488e-001
 -2.9268293e-001 -9.8780488e-001
 -2.8048780e-001 -8.1707317e-001
 -2.6829268e-001 -6.4634146e-001
 -2.5609756e-001 -4.7560976e-001
 -2.4390244e-001 -3.0487805e-001
 -2.3170732e-001 -1.3414634e-001
 -2.1951220e-001  3.6585366e-002
 -2.0731707e-001  2.0731707e-001
 -1.9512195e-001  3.7804878e-001
 -1.8292683e-001  5.4878049e-001
 -1.7073171e-001  7.1951220e-001
 -1.5853659e-001  8.9024390e-001
 -1.4634146e-001 -9.1463415e-001
 -1.3414634e-001 -7.4390244e-001
 -1.2195122e-001 -5.7317073e-001
 -1.0975610e-001 -4.0243902e-001
 -9.7560976e-002 -2.3170732e-001
 -8.5365854e-002 -6.0975610e-002
 -7.3170732e-002  1.0975610e-001
 -6.0975610e-002  2.8048780e-001
 -4.8780488e-002  4.5121951e-001
 -3.6585366e-002  6.2195122e-001
 -2.4390244e-002  7.9268293e-001
 -1.2195122e-002  9.6341463e-001
  0.0000000e+000 -1.0000000e+000
  1.2195122e-002 -8.2926829e-001
  2.4390244e-002 -6.5853659e-001
  3.6585366e-002 -4.8780488e-001
  4.8780488e-002 -3.1707317e-001
  6.0975610e-002 -1.4634146e-001
  7.3170732e-002  2.4390244e-002
  8.5365854e-002  1.9512195e-001
  9.7560976e-002  3.6585366e-001
  1.0975610e-001  5.3658537e-001
  1.2195122e-001  7.0731707e-001
  1.3414634e-001  8.7804878e-001
  1.4634146e-001 -9.2682927e-001
  1.5853659e-001 -7.5609756e-001
  1.7073171e-001 -5.8536585e-001
  1.8292683e-001 -4.1463415e-001
  1.9512195e-001 -2.4390244e-001
  2.0731707e-001 -7.3170732e-002
  2.1951220e-001  9.7560976e-002
  2.3170732e-001  2.6829268e-001
  2.4390244e-001  4.3902439e-001
  2.5609756e-001  6.0975610e-001
  2.6829268e-001  7.8048780e-001
  2.8048780e-001  9.5121951e-001
  2.9268293e-001 -8.5365854e-001
  3.0487805e-001 -6.8292683e-001
  3.1707317e-001 -5.1219512e-001
  3.2926829e-001 -3.4146341e-001
  3.4146341e-001 -1.7073171e-001
  3.5365854e-001  0.0000000e+000
  3.6585366e-001  1.7073171e-001
  3.7804878e-001  3.4146341e-001
  3.9024390e-001  5.1219512e-001
  4.0243902e-001  6.8292683e-001
  4.1463415e-001  8.5365854e-001
  4.2682927e-001 -9.5121951e-001
  4.3902439e-001 -7.8048780e-001
  4.5121951e-001 -6.0975610e-001
  4.6341463e-001 -4.3902439e-001
  4.7560976e-001 -2.6829268e-001
  4.8780488e-001 -9.7560976e-002
  5.0000000e-001  7.3170732e-002
  5.1219512e-001  2.4390244e-001
  5.2439024e-001  4.1463415e-001
  5.3658537e-001  5.8536585e-001
  5.4878049e-001  7.5609756e-001
  5.6097561e-001  9.2682927e-001
  5.7317073e-001 -8.7804878e-001
  5.8536585e-001 -7.0731707e-001
  5.9756098e-001 -5.3658537e-001
  6.0975610e-001 -3.6585366e-001
  6.2195122e-001 -1.9512195e-001
  6.3414634e-001 -2.4390244e-002
  6.4634146e-001  1.4634146e-001
  6.5853659e-001  3.1707317e-001
  6.7073171e-001  4.8780488e-001
  6.8292683e-001  6.5853659e-001
  6.9512195e-001  8.2926829e-001
  7.0731707e-001  1.0000000e+000
  7.1951220e-001 -9.7560976e-001
  7.3170732e-001 -8.0487805e-001
  7.4390244e-001 -6.3414634e-001
  7.5609756e-001 -4.6341463e-001
  7.6829268e-001 -2.9268293e-001
  7.8048780e-001 -1.2195122e-001
  7.9268293e-001  4.8780488e-002
  8.0487805e-001  2.1951220e-001
  8.1707317e-001  3.9024390e-001
  8.2926829e-001  5.6097561e-001
  8.4146341e-001  7.3170732e-001
  8.5365854e-001  9.0243902e-001
  8.6585366e-001 -9.0243902e-001
  8.7804878e-001 -7.3170732e-001
  8.9024390e-001 -5.6097561e-001
  9.0243902e-001 -3.9024390e-001
  9.1463415e-001 -2.1951220e-001
  9.2682927e-001 -4.8780488e-002
  9.3902439e-001  1.2195122e-001
  9.5121951e-001  2.9268293e-001
  9.6341463e-001  4.6341463e-001
  9.7560976e-001  6.3414634e-001
  9.8780488e-001  8.0487805e-001
  1.0000000e+000  9.7560976e-001
