 -1.0000000e+000 -2.9203540e-001
 -9.8230088e-001  4.3362832e-001
 -9.6460177e-001 -8.2300885e-001
 -9.4690265e-001 -9.7345133e-002
 -9.2920354e-001  6.2831858e-001
 -9.1150442e-001 -6.2831858e-001
 -8.9380531e-001  9.7345133e-002
 -8.7610619e-001  8.2300885e-001
 -8.5840708e-001 -4.3362832e-001
 -8.4070796e-001  2.9203540e-001
 -8.2300885e-001 -9.6460177e-001
 -8.0530973e-001 -2.3893805e-001
 -7.8761062e-001  4.8672566e-001
 -7.6991150e-001 -7.6991150e-001
 -7.5221239e-001 -4.4247788e-002
 -7.3451327e-001  6.8141593e-001
 -7.1681416e-001 -5.7522124e-001
 -6.9911504e-001  1.5044248e-001
 -6.8141593e-001  8.7610619e-001
 -6.6371681e-001 -3.8053097e-001
 -6.4601770e-001  3.4513274e-001
 -6.2831858e-001 -9.1150442e-001
 -6.1061947e-001 -1.8584071e-001
 -5.9292035e-001  5.3982301e-001
 -5.7522124e-001 -7.1681416e-001
 -5.5752212e-001  8.8495575e-003
 -5.3982301e-001  7.3451327e-001
 -5.2212389e-001 -5.2212389e-001
 -5.0442478e-001  2.0353982e-001
 -4.8672566e-001  9.2920354e-001
 -4.6902655e-001 -3.2743363e-001
 -4.5132743e-001  3.9823009e-001
 -4.3362832e-001 -8.5840708e-001
 -4.1592920e-001 -1.3274336e-001
 -3.9823009e-001  5.9292035e-001
 -3.8053097e-001 -6.6371681e-001
 -3.6283186e-001  6.1946903e-002
 -3.4513274e-001  7.8761062e-001
 -3.2743363e-001 -4.6902655e-001
 -3.0973451e-001  2.5663717e-001
 -2.9203540e-001  9.8230088e-001
 -2.7433628e-001 -1.0000000e+000
 -2.5663717e-001 -2.7433628e-001
 -2.3893805e-001  4.5132743e-001
 -2.2123894e-001 -8.0530973e-001
 -2.0353982e-001 -7.9646018e-002
 -1.8584071e-001  6.4601770e-001
 -1.6814159e-001 -6.1061947e-001
 -1.5044248e-001  1.1504425e-001
 -1.3274336e-001  8.4070796e-001
 -1.1504425e-001 -4.1592920e-001
 -9.7345133e-002  3.0973451e-001
 -7.9646018e-002 -9.4690265e-001
 -6.1946903e-002 -2.2123894e-001
 -4.4247788e-002  5.0442478e-001
 -2.6548673e-002 -7.5221239e-001
 -8.8495575e-003 -2.6548673e-002
  8.8495575e-003  6.9911504e-001
  2.6548673e-002 -5.5752212e-001
  4.4247788e-002  1.6814159e-001
  6.1946903e-002  8.9380531e-001
  7.9646018e-002 -3.6283186e-001
  9.7345133e-002  3.6283186e-001
  1.1504425e-001 -8.9380531e-001
  1.3274336e-001 -1.6814159e-001
  1.5044248e-001  5.5752212e-001
  1.6814159e-001 -6.9911504e-001
  1.8584071e-001  2.6548673e-002
  2.0353982e-001  7.5221239e-001
  2.2123894e-001 -5.0442478e-001
  2.3893805e-001  2.2123894e-001
  2.5663717e-001  9.4690265e-001
  2.7433628e-001 -3.0973451e-001
  2.9203540e-001  4.1592920e-001
  3.0973451e-001 -8.4070796e-001
  3.2743363e-001 -1.1504425e-001
  3.4513274e-001  6.1061947e-001
  3.6283186e-001 -6.4601770e-001
  3.8053097e-001  7.9646018e-002
  3.9823009e-001  8.0530973e-001
  4.1592920e-001 -4.5132743e-001
  4.3362832e-001  2.7433628e-001
  4.5132743e-001  1.0000000e+000
  4.6902655e-001 -9.8230088e-001
  4.8672566e-001 -2.5663717e-001
  5.0442478e-001  4.6902655e-001
  5.2212389e-001 -7.8761062e-001
  5.3982301e-001 -6.1946903e-002
  5.5752212e-001  6.6371681e-001
  5.7522124e-001 -5.9292035e-001
  5.9292035e-001  1.3274336e-001
  6.1061947e-001  8.5840708e-001
  6.2831858e-001 -3.9823009e-001
  6.4601770e-001  3.2743363e-001
  6.6371681e-001 -9.2920354e-001
  6.8141593e-001 -2.0353982e-001
  6.9911504e-001  5.2212389e-001
  7.1681416e-001 -7.3451327e-001
  7.3451327e-001 -8.8495575e-003
  7.5221239e-001  7.1681416e-001
  7.6991150e-001 -5.3982301e-001
  7.8761062e-001  1.8584071e-001
  8.0530973e-001  9.1150442e-001
  8.2300885e-001 -3.4513274e-001
  8.4070796e-001  3.8053097e-001
  8.5840708e-001 -8.7610619e-001
  8.7610619e-001 -1.5044248e-001
  8.9380531e-001  5.7522124e-001
  9.1150442e-001 -6.8141593e-001
  9.2920354e-001  4.4247788e-002
  9.4690265e-001  7.6991150e-001
  9.6460177e-001 -4.8672566e-001
  9.8230088e-001  2.3893805e-001
  1.0000000e+000  9.6460177e-001
