 -1.0000000e+000 -5.7831325e-001
 -9.8795181e-001 -1.4457831e-001
 -9.7590361e-001  2.8915663e-001
 -9.6385542e-001  7.2289157e-001
 -9.5180723e-001 -8.5542169e-001
 -9.3975904e-001 -4.2168675e-001
 -9.2771084e-001  1.2048193e-002
 -9.1566265e-001  4.4578313e-001
 -9.0361446e-001  8.7951807e-001
 -8.9156627e-001 -6.9879518e-001
 -8.7951807e-001 -2.6506024e-001
 -8.6746988e-001  1.6867470e-001
 -8.5542169e-001  6.0240964e-001
 -8.4337349e-001 -9.7590361e-001
 -8.3132530e-001 -5.4216867e-001
 -8.1927711e-001 -1.0843373e-001
 -8.0722892e-001  3.2530120e-001
 -7.9518072e-001  7.5903614e-001
 -7.8313253e-001 -8.1927711e-001
 -7.7108434e-001 -3.8554217e-001
 -7.5903614e-001  4.8192771e-002
 -7.4698795e-001  4.8192771e-001
 -7.3493976e-001  9.1566265e-001
 -7.2289157e-001 -6.6265060e-001
 -7.1084337e-001 -2.2891566e-001
 -6.9879518e-001  2.0481928e-001
 -6.8674699e-001  6.3855422e-001
 -6.7469880e-001 -9.3975904e-001
 -6.6265060e-001 -5.0602410e-001
 -6.5060241e-001 -7.2289157e-002
 -6.3855422e-001  3.6144578e-001
 -6.2650602e-001  7.9518072e-001
 -6.1445783e-001 -7.8313253e-001
 -6.0240964e-001 -3.4939759e-001
 -5.9036145e-001  8.4337349e-002
 -5.7831325e-001  5.1807229e-001
 -5.6626506e-001  9.5180723e-001
 -5.5421687e-001 -6.2650602e-001
 -5.4216867e-001 -1.9277108e-001
 -5.3012048e-001  2.4096386e-001
 -5.1807229e-001  6.7469880e-001
 -5.0602410e-001 -9.0361446e-001
 -4.9397590e-001 -4.6987952e-001
 -4.8192771e-001 -3.6144578e-002
 -4.6987952e-001  3.9759036e-001
 -4.5783133e-001  8.3132530e-001
 -4.4578313e-001 -7.4698795e-001
 -4.3373494e-001 -3.1325301e-001
 -4.2168675e-001  1.2048193e-001
 -4.0963855e-001  5.5421687e-001
 -3.9759036e-001  9.8795181e-001
 -3.8554217e-001 -5.9036145e-001
 -3.7349398e-001 -1.5662651e-001
 -3.6144578e-001  2.7710843e-001
 -3.4939759e-001  7.1084337e-001
 -3.3734940e-001 -8.6746988e-001
 -3.2530120e-001 -4.3373494e-001
 -3.1325301e-001  0.0000000e+000
 -3.0120482e-001  4.3373494e-001
 -2.8915663e-001  8.6746988e-001
 -2.7710843e-001 -7.1084337e-001
 -2.6506024e-001 -2.7710843e-001
 -2.5301205e-001  1.5662651e-001
 -2.4096386e-001  5.9036145e-001
 -2.2891566e-001 -9.8795181e-001
 -2.1686747e-001 -5.5421687e-001
 -2.0481928e-001 -1.2048193e-001
 -1.9277108e-001  3.1325301e-001
 -1.8072289e-001  7.4698795e-001
 -1.6867470e-001 -8.3132530e-001
 -1.5662651e-001 -3.9759036e-001
 -1.4457831e-001  3.6144578e-002
 -1.3253012e-001  4.6987952e-001
 -1.2048193e-001  9.0361446e-001
 -1.0843373e-001 -6.7469880e-001
 -9.6385542e-002 -2.4096386e-001
 -8.4337349e-002  1.9277108e-001
 -7.2289157e-002  6.2650602e-001
 -6.0240964e-002 -9.5180723e-001
 -4.8192771e-002 -5.1807229e-001
 -3.6144578e-002 -8.4337349e-002
 -2.4096386e-002  3.4939759e-001
 -1.2048193e-002  7.8313253e-001
  0.0000000e+000 -7.9518072e-001
  1.2048193e-002 -3.6144578e-001
  2.4096386e-002  7.2289157e-002
  3.6144578e-002  5.0602410e-001
  4.8192771e-002  9.3975904e-001
  6.0240964e-002 -6.3855422e-001
  7.2289157e-002 -2.0481928e-001
  8.4337349e-002  2.2891566e-001
  9.6385542e-002  6.6265060e-001
  1.0843373e-001 -9.1566265e-001
  1.2048193e-001 -4.8192771e-001
  1.3253012e-001 -4.8192771e-002
  1.4457831e-001  3.8554217e-001
  1.5662651e-001  8.1927711e-001
  1.6867470e-001 -7.5903614e-001
  1.8072289e-001 -3.2530120e-001
  1.9277108e-001  1.0843373e-001
  2.0481928e-001  5.4216867e-001
  2.1686747e-001  9.7590361e-001
  2.2891566e-001 -6.0240964e-001
  2.4096386e-001 -1.6867470e-001
  2.5301205e-001  2.6506024e-001
  2.6506024e-001  6.9879518e-001
  2.7710843e-001 -8.7951807e-001
  2.8915663e-001 -4.4578313e-001
  3.0120482e-001 -1.2048193e-002
  3.1325301e-001  4.2168675e-001
  3.2530120e-001  8.5542169e-001
  3.3734940e-001 -7.2289157e-001
  3.4939759e-001 -2.8915663e-001
  3.6144578e-001  1.4457831e-001
  3.7349398e-001  5.7831325e-001
  3.8554217e-001 -1.0000000e+000
  3.9759036e-001 -5.6626506e-001
  4.0963855e-001 -1.3253012e-001
  4.2168675e-001  3.0120482e-001
  4.3373494e-001  7.3493976e-001
  4.4578313e-001 -8.4337349e-001
  4.5783133e-001 -4.0963855e-001
  4.6987952e-001  2.4096386e-002
  4.8192771e-001  4.5783133e-001
  4.9397590e-001  8.9156627e-001
  5.0602410e-001 -6.8674699e-001
  5.1807229e-001 -2.5301205e-001
  5.3012048e-001  1.8072289e-001
  5.4216867e-001  6.1445783e-001
  5.5421687e-001 -9.6385542e-001
  5.6626506e-001 -5.3012048e-001
  5.7831325e-001 -9.6385542e-002
  5.9036145e-001  3.3734940e-001
  6.0240964e-001  7.7108434e-001
  6.1445783e-001 -8.0722892e-001
  6.2650602e-001 -3.7349398e-001
  6.3855422e-001  6.0240964e-002
  6.5060241e-001  4.9397590e-001
  6.6265060e-001  9.2771084e-001
  6.7469880e-001 -6.5060241e-001
  6.8674699e-001 -2.1686747e-001
  6.9879518e-001  2.1686747e-001
  7.1084337e-001  6.5060241e-001
  7.2289157e-001 -9.2771084e-001
  7.3493976e-001 -4.9397590e-001
  7.4698795e-001 -6.0240964e-002
  7.5903614e-001  3.7349398e-001
  7.7108434e-001  8.0722892e-001
  7.8313253e-001 -7.7108434e-001
  7.9518072e-001 -3.3734940e-001
  8.0722892e-001  9.6385542e-002
  8.1927711e-001  5.3012048e-001
  8.3132530e-001  9.6385542e-001
  8.4337349e-001 -6.1445783e-001
  8.5542169e-001 -1.8072289e-001
  8.6746988e-001  2.5301205e-001
  8.7951807e-001  6.8674699e-001
  8.9156627e-001 -8.9156627e-001
  9.0361446e-001 -4.5783133e-001
  9.1566265e-001 -2.4096386e-002
  9.2771084e-001  4.0963855e-001
  9.3975904e-001  8.4337349e-001
  9.5180723e-001 -7.3493976e-001
  9.6385542e-001 -3.0120482e-001
  9.7590361e-001  1.3253012e-001
  9.8795181e-001  5.6626506e-001
  1.0000000e+000  1.0000000e+000
