 -1.0000000e+000 -7.6470588e-001
 -9.7058824e-001 -5.0000000e-001
 -9.4117647e-001 -2.3529412e-001
 -9.1176471e-001  2.9411765e-002
 -8.8235294e-001  2.9411765e-001
 -8.5294118e-001  5.5882353e-001
 -8.2352941e-001  8.2352941e-001
 -7.9411765e-001 -9.1176471e-001
 -7.6470588e-001 -6.4705882e-001
 -7.3529412e-001 -3.8235294e-001
 -7.0588235e-001 -1.1764706e-001
 -6.7647059e-001  1.4705882e-001
 -6.4705882e-001  4.1176471e-001
 -6.1764706e-001  6.7647059e-001
 -5.8823529e-001  9.4117647e-001
 -5.5882353e-001 -7.9411765e-001
 -5.2941176e-001 -5.2941176e-001
 -5.0000000e-001 -2.6470588e-001
 -4.7058824e-001  0.0000000e+000
 -4.4117647e-001  2.6470588e-001
 -4.1176471e-001  5.2941176e-001
 -3.8235294e-001  7.9411765e-001
 -3.5294118e-001 -9.4117647e-001
 -3.2352941e-001 -6.7647059e-001
 -2.9411765e-001 -4.1176471e-001
 -2.6470588e-001 -1.4705882e-001
 -2.3529412e-001  1.1764706e-001
 -2.0588235e-001  3.8235294e-001
 -1.7647059e-001  6.4705882e-001
 -1.4705882e-001  9.1176471e-001
 -1.1764706e-001 -8.2352941e-001
 -8.8235294e-002 -5.5882353e-001
 -5.8823529e-002 -2.9411765e-001
 -2.9411765e-002 -2.9411765e-002
  0.0000000e+000  2.3529412e-001
  2.9411765e-002  5.0000000e-001
  5.8823529e-002  7.6470588e-001
  8.8235294e-002 -9.7058824e-001
  1.1764706e-001 -7.0588235e-001
  1.4705882e-001 -4.4117647e-001
  1.7647059e-001 -1.7647059e-001
  2.0588235e-001  8.8235294e-002
  2.3529412e-001  3.5294118e-001
  2.6470588e-001  6.1764706e-001
  2.9411765e-001  8.8235294e-001
  3.2352941e-001 -8.5294118e-001
  3.5294118e-001 -5.8823529e-001
  3.8235294e-001 -3.2352941e-001
  4.1176471e-001 -5.8823529e-002
  4.4117647e-001  2.0588235e-001
  4.7058824e-001  4.7058824e-001
  5.0000000e-001  7.3529412e-001
  5.2941176e-001  1.0000000e+000
  5.5882353e-001 -1.0000000e+000
  5.8823529e-001 -7.3529412e-001
  6.1764706e-001 -4.7058824e-001
  6.4705882e-001 -2.0588235e-001
  6.7647059e-001  5.8823529e-002
  7.0588235e-001  3.2352941e-001
  7.3529412e-001  5.8823529e-001
  7.6470588e-001  8.5294118e-001
  7.9411765e-001 -8.8235294e-001
  8.2352941e-001 -6.1764706e-001
  8.5294118e-001 -3.5294118e-001
  8.8235294e-001 -8.8235294e-002
  9.1176471e-001  1.7647059e-001
  9.4117647e-001  4.4117647e-001
  9.7058824e-001  7.0588235e-001
  1.0000000e+000  9.7058824e-001
