 -1.0000000e+000 -5.5128205e-001
 -9.8717949e-001 -8.9743590e-002
 -9.7435897e-001  3.7179487e-001
 -9.6153846e-001  8.3333333e-001
 -9.4871795e-001 -7.1794872e-001
 -9.3589744e-001 -2.5641026e-001
 -9.2307692e-001  2.0512821e-001
 -9.1025641e-001  6.6666667e-001
 -8.9743590e-001 -8.8461538e-001
 -8.8461538e-001 -4.2307692e-001
 -8.7179487e-001  3.8461538e-002
 -8.5897436e-001  5.0000000e-001
 -8.4615385e-001  9.6153846e-001
 -8.3333333e-001 -5.8974359e-001
 -8.2051282e-001 -1.2820513e-001
 -8.0769231e-001  3.3333333e-001
 -7.9487179e-001  7.9487179e-001
 -7.8205128e-001 -7.5641026e-001
 -7.6923077e-001 -2.9487179e-001
 -7.5641026e-001  1.6666667e-001
 -7.4358974e-001  6.2820513e-001
 -7.3076923e-001 -9.2307692e-001
 -7.1794872e-001 -4.6153846e-001
 -7.0512821e-001  0.0000000e+000
 -6.9230769e-001  4.6153846e-001
 -6.7948718e-001  9.2307692e-001
 -6.6666667e-001 -6.2820513e-001
 -6.5384615e-001 -1.6666667e-001
 -6.4102564e-001  2.9487179e-001
 -6.2820513e-001  7.5641026e-001
 -6.1538462e-001 -7.9487179e-001
 -6.0256410e-001 -3.3333333e-001
 -5.8974359e-001  1.2820513e-001
 -5.7692308e-001  5.8974359e-001
 -5.6410256e-001 -9.6153846e-001
 -5.5128205e-001 -5.0000000e-001
 -5.3846154e-001 -3.8461538e-002
 -5.2564103e-001  4.2307692e-001
 -5.1282051e-001  8.8461538e-001
 -5.0000000e-001 -6.6666667e-001
 -4.8717949e-001 -2.0512821e-001
 -4.7435897e-001  2.5641026e-001
 -4.6153846e-001  7.1794872e-001
 -4.4871795e-001 -8.3333333e-001
 -4.3589744e-001 -3.7179487e-001
 -4.2307692e-001  8.9743590e-002
 -4.1025641e-001  5.5128205e-001
 -3.9743590e-001 -1.0000000e+000
 -3.8461538e-001 -5.3846154e-001
 -3.7179487e-001 -7.6923077e-002
 -3.5897436e-001  3.8461538e-001
 -3.4615385e-001  8.4615385e-001
 -3.3333333e-001 -7.0512821e-001
 -3.2051282e-001 -2.4358974e-001
 -3.0769231e-001  2.1794872e-001
 -2.9487179e-001  6.7948718e-001
 -2.8205128e-001 -8.7179487e-001
 -2.6923077e-001 -4.1025641e-001
 -2.5641026e-001  5.1282051e-002
 -2.4358974e-001  5.1282051e-001
 -2.3076923e-001  9.7435897e-001
 -2.1794872e-001 -5.7692308e-001
 -2.0512821e-001 -1.1538462e-001
 -1.9230769e-001  3.4615385e-001
 -1.7948718e-001  8.0769231e-001
 -1.6666667e-001 -7.4358974e-001
 -1.5384615e-001 -2.8205128e-001
 -1.4102564e-001  1.7948718e-001
 -1.2820513e-001  6.4102564e-001
 -1.1538462e-001 -9.1025641e-001
 -1.0256410e-001 -4.4871795e-001
 -8.9743590e-002  1.2820513e-002
 -7.6923077e-002  4.7435897e-001
 -6.4102564e-002  9.3589744e-001
 -5.1282051e-002 -6.1538462e-001
 -3.8461538e-002 -1.5384615e-001
 -2.5641026e-002  3.0769231e-001
 -1.2820513e-002  7.6923077e-001
  0.0000000e+000 -7.8205128e-001
  1.2820513e-002 -3.2051282e-001
  2.5641026e-002  1.4102564e-001
  3.8461538e-002  6.0256410e-001
  5.1282051e-002 -9.4871795e-001
  6.4102564e-002 -4.8717949e-001
  7.6923077e-002 -2.5641026e-002
  8.9743590e-002  4.3589744e-001
  1.0256410e-001  8.9743590e-001
  1.1538462e-001 -6.5384615e-001
  1.2820513e-001 -1.9230769e-001
  1.4102564e-001  2.6923077e-001
  1.5384615e-001  7.3076923e-001
  1.6666667e-001 -8.2051282e-001
  1.7948718e-001 -3.5897436e-001
  1.9230769e-001  1.0256410e-001
  2.0512821e-001  5.6410256e-001
  2.1794872e-001 -9.8717949e-001
  2.3076923e-001 -5.2564103e-001
  2.4358974e-001 -6.4102564e-002
  2.5641026e-001  3.9743590e-001
  2.6923077e-001  8.5897436e-001
  2.8205128e-001 -6.9230769e-001
  2.9487179e-001 -2.3076923e-001
  3.0769231e-001  2.3076923e-001
  3.2051282e-001  6.9230769e-001
  3.3333333e-001 -8.5897436e-001
  3.4615385e-001 -3.9743590e-001
  3.5897436e-001  6.4102564e-002
  3.7179487e-001  5.2564103e-001
  3.8461538e-001  9.8717949e-001
  3.9743590e-001 -5.6410256e-001
  4.1025641e-001 -1.0256410e-001
  4.2307692e-001  3.5897436e-001
  4.3589744e-001  8.2051282e-001
  4.4871795e-001 -7.3076923e-001
  4.6153846e-001 -2.6923077e-001
  4.7435897e-001  1.9230769e-001
  4.8717949e-001  6.5384615e-001
  5.0000000e-001 -8.9743590e-001
  5.1282051e-001 -4.3589744e-001
  5.2564103e-001  2.5641026e-002
  5.3846154e-001  4.8717949e-001
  5.5128205e-001  9.4871795e-001
  5.6410256e-001 -6.0256410e-001
  5.7692308e-001 -1.4102564e-001
  5.8974359e-001  3.2051282e-001
  6.0256410e-001  7.8205128e-001
  6.1538462e-001 -7.6923077e-001
  6.2820513e-001 -3.0769231e-001
  6.4102564e-001  1.5384615e-001
  6.5384615e-001  6.1538462e-001
  6.6666667e-001 -9.3589744e-001
  6.7948718e-001 -4.7435897e-001
  6.9230769e-001 -1.2820513e-002
  7.0512821e-001  4.4871795e-001
  7.1794872e-001  9.1025641e-001
  7.3076923e-001 -6.4102564e-001
  7.4358974e-001 -1.7948718e-001
  7.5641026e-001  2.8205128e-001
  7.6923077e-001  7.4358974e-001
  7.8205128e-001 -8.0769231e-001
  7.9487179e-001 -3.4615385e-001
  8.0769231e-001  1.1538462e-001
  8.2051282e-001  5.7692308e-001
  8.3333333e-001 -9.7435897e-001
  8.4615385e-001 -5.1282051e-001
  8.5897436e-001 -5.1282051e-002
  8.7179487e-001  4.1025641e-001
  8.8461538e-001  8.7179487e-001
  8.9743590e-001 -6.7948718e-001
  9.1025641e-001 -2.1794872e-001
  9.2307692e-001  2.4358974e-001
  9.3589744e-001  7.0512821e-001
  9.4871795e-001 -8.4615385e-001
  9.6153846e-001 -3.8461538e-001
  9.7435897e-001  7.6923077e-002
  9.8717949e-001  5.3846154e-001
  1.0000000e+000  1.0000000e+000
