 -1.0000000e+000 -5.7894737e-001
 -8.9473684e-001 -5.2631579e-002
 -7.8947368e-001  4.7368421e-001
 -6.8421053e-001  1.0000000e+000
 -5.7894737e-001 -8.9473684e-001
 -4.7368421e-001 -3.6842105e-001
 -3.6842105e-001  1.5789474e-001
 -2.6315789e-001  6.8421053e-001
 -1.5789474e-001 -6.8421053e-001
 -5.2631579e-002 -1.5789474e-001
  5.2631579e-002  3.6842105e-001
  1.5789474e-001  8.9473684e-001
  2.6315789e-001 -1.0000000e+000
  3.6842105e-001 -4.7368421e-001
  4.7368421e-001  5.2631579e-002
  5.7894737e-001  5.7894737e-001
  6.8421053e-001 -7.8947368e-001
  7.8947368e-001 -2.6315789e-001
  8.9473684e-001  2.6315789e-001
  1.0000000e+000  7.8947368e-001
