 -1.0000000e+000 -8.2539683e-001
 -9.8412698e-001 -6.3492063e-001
 -9.6825397e-001 -4.4444444e-001
 -9.5238095e-001 -2.5396825e-001
 -9.3650794e-001 -6.3492063e-002
 -9.2063492e-001  1.2698413e-001
 -9.0476190e-001  3.1746032e-001
 -8.8888889e-001  5.0793651e-001
 -8.7301587e-001  6.9841270e-001
 -8.5714286e-001  8.8888889e-001
 -8.4126984e-001 -9.3650794e-001
 -8.2539683e-001 -7.4603175e-001
 -8.0952381e-001 -5.5555556e-001
 -7.9365079e-001 -3.6507937e-001
 -7.7777778e-001 -1.7460317e-001
 -7.6190476e-001  1.5873016e-002
 -7.4603175e-001  2.0634921e-001
 -7.3015873e-001  3.9682540e-001
 -7.1428571e-001  5.8730159e-001
 -6.9841270e-001  7.7777778e-001
 -6.8253968e-001  9.6825397e-001
 -6.6666667e-001 -8.5714286e-001
 -6.5079365e-001 -6.6666667e-001
 -6.3492063e-001 -4.7619048e-001
 -6.1904762e-001 -2.8571429e-001
 -6.0317460e-001 -9.5238095e-002
 -5.8730159e-001  9.5238095e-002
 -5.7142857e-001  2.8571429e-001
 -5.5555556e-001  4.7619048e-001
 -5.3968254e-001  6.6666667e-001
 -5.2380952e-001  8.5714286e-001
 -5.0793651e-001 -9.6825397e-001
 -4.9206349e-001 -7.7777778e-001
 -4.7619048e-001 -5.8730159e-001
 -4.6031746e-001 -3.9682540e-001
 -4.4444444e-001 -2.0634921e-001
 -4.2857143e-001 -1.5873016e-002
 -4.1269841e-001  1.7460317e-001
 -3.9682540e-001  3.6507937e-001
 -3.8095238e-001  5.5555556e-001
 -3.6507937e-001  7.4603175e-001
 -3.4920635e-001  9.3650794e-001
 -3.3333333e-001 -8.8888889e-001
 -3.1746032e-001 -6.9841270e-001
 -3.0158730e-001 -5.0793651e-001
 -2.8571429e-001 -3.1746032e-001
 -2.6984127e-001 -1.2698413e-001
 -2.5396825e-001  6.3492063e-002
 -2.3809524e-001  2.5396825e-001
 -2.2222222e-001  4.4444444e-001
 -2.0634921e-001  6.3492063e-001
 -1.9047619e-001  8.2539683e-001
 -1.7460317e-001 -1.0000000e+000
 -1.5873016e-001 -8.0952381e-001
 -1.4285714e-001 -6.1904762e-001
 -1.2698413e-001 -4.2857143e-001
 -1.1111111e-001 -2.3809524e-001
 -9.5238095e-002 -4.7619048e-002
 -7.9365079e-002  1.4285714e-001
 -6.3492063e-002  3.3333333e-001
 -4.7619048e-002  5.2380952e-001
 -3.1746032e-002  7.1428571e-001
 -1.5873016e-002  9.0476190e-001
  0.0000000e+000 -9.2063492e-001
  1.5873016e-002 -7.3015873e-001
  3.1746032e-002 -5.3968254e-001
  4.7619048e-002 -3.4920635e-001
  6.3492063e-002 -1.5873016e-001
  7.9365079e-002  3.1746032e-002
  9.5238095e-002  2.2222222e-001
  1.1111111e-001  4.1269841e-001
  1.2698413e-001  6.0317460e-001
  1.4285714e-001  7.9365079e-001
  1.5873016e-001  9.8412698e-001
  1.7460317e-001 -8.4126984e-001
  1.9047619e-001 -6.5079365e-001
  2.0634921e-001 -4.6031746e-001
  2.2222222e-001 -2.6984127e-001
  2.3809524e-001 -7.9365079e-002
  2.5396825e-001  1.1111111e-001
  2.6984127e-001  3.0158730e-001
  2.8571429e-001  4.9206349e-001
  3.0158730e-001  6.8253968e-001
  3.1746032e-001  8.7301587e-001
  3.3333333e-001 -9.5238095e-001
  3.4920635e-001 -7.6190476e-001
  3.6507937e-001 -5.7142857e-001
  3.8095238e-001 -3.8095238e-001
  3.9682540e-001 -1.9047619e-001
  4.1269841e-001  0.0000000e+000
  4.2857143e-001  1.9047619e-001
  4.4444444e-001  3.8095238e-001
  4.6031746e-001  5.7142857e-001
  4.7619048e-001  7.6190476e-001
  4.9206349e-001  9.5238095e-001
  5.0793651e-001 -8.7301587e-001
  5.2380952e-001 -6.8253968e-001
  5.3968254e-001 -4.9206349e-001
  5.5555556e-001 -3.0158730e-001
  5.7142857e-001 -1.1111111e-001
  5.8730159e-001  7.9365079e-002
  6.0317460e-001  2.6984127e-001
  6.1904762e-001  4.6031746e-001
  6.3492063e-001  6.5079365e-001
  6.5079365e-001  8.4126984e-001
  6.6666667e-001 -9.8412698e-001
  6.8253968e-001 -7.9365079e-001
  6.9841270e-001 -6.0317460e-001
  7.1428571e-001 -4.1269841e-001
  7.3015873e-001 -2.2222222e-001
  7.4603175e-001 -3.1746032e-002
  7.6190476e-001  1.5873016e-001
  7.7777778e-001  3.4920635e-001
  7.9365079e-001  5.3968254e-001
  8.0952381e-001  7.3015873e-001
  8.2539683e-001  9.2063492e-001
  8.4126984e-001 -9.0476190e-001
  8.5714286e-001 -7.1428571e-001
  8.7301587e-001 -5.2380952e-001
  8.8888889e-001 -3.3333333e-001
  9.0476190e-001 -1.4285714e-001
  9.2063492e-001  4.7619048e-002
  9.3650794e-001  2.3809524e-001
  9.5238095e-001  4.2857143e-001
  9.6825397e-001  6.1904762e-001
  9.8412698e-001  8.0952381e-001
  1.0000000e+000  1.0000000e+000
