 -1.0000000e+000 -8.1132075e-001
 -9.8113208e-001 -6.0377358e-001
 -9.6226415e-001 -3.9622642e-001
 -9.4339623e-001 -1.8867925e-001
 -9.2452830e-001  1.8867925e-002
 -9.0566038e-001  2.2641509e-001
 -8.8679245e-001  4.3396226e-001
 -8.6792453e-001  6.4150943e-001
 -8.4905660e-001  8.4905660e-001
 -8.3018868e-001 -9.2452830e-001
 -8.1132075e-001 -7.1698113e-001
 -7.9245283e-001 -5.0943396e-001
 -7.7358491e-001 -3.0188679e-001
 -7.5471698e-001 -9.4339623e-002
 -7.3584906e-001  1.1320755e-001
 -7.1698113e-001  3.2075472e-001
 -6.9811321e-001  5.2830189e-001
 -6.7924528e-001  7.3584906e-001
 -6.6037736e-001  9.4339623e-001
 -6.4150943e-001 -8.3018868e-001
 -6.2264151e-001 -6.2264151e-001
 -6.0377358e-001 -4.1509434e-001
 -5.8490566e-001 -2.0754717e-001
 -5.6603774e-001  0.0000000e+000
 -5.4716981e-001  2.0754717e-001
 -5.2830189e-001  4.1509434e-001
 -5.0943396e-001  6.2264151e-001
 -4.9056604e-001  8.3018868e-001
 -4.7169811e-001 -9.4339623e-001
 -4.5283019e-001 -7.3584906e-001
 -4.3396226e-001 -5.2830189e-001
 -4.1509434e-001 -3.2075472e-001
 -3.9622642e-001 -1.1320755e-001
 -3.7735849e-001  9.4339623e-002
 -3.5849057e-001  3.0188679e-001
 -3.3962264e-001  5.0943396e-001
 -3.2075472e-001  7.1698113e-001
 -3.0188679e-001  9.2452830e-001
 -2.8301887e-001 -8.4905660e-001
 -2.6415094e-001 -6.4150943e-001
 -2.4528302e-001 -4.3396226e-001
 -2.2641509e-001 -2.2641509e-001
 -2.0754717e-001 -1.8867925e-002
 -1.8867925e-001  1.8867925e-001
 -1.6981132e-001  3.9622642e-001
 -1.5094340e-001  6.0377358e-001
 -1.3207547e-001  8.1132075e-001
 -1.1320755e-001 -9.6226415e-001
 -9.4339623e-002 -7.5471698e-001
 -7.5471698e-002 -5.4716981e-001
 -5.6603774e-002 -3.3962264e-001
 -3.7735849e-002 -1.3207547e-001
 -1.8867925e-002  7.5471698e-002
  0.0000000e+000  2.8301887e-001
  1.8867925e-002  4.9056604e-001
  3.7735849e-002  6.9811321e-001
  5.6603774e-002  9.0566038e-001
  7.5471698e-002 -8.6792453e-001
  9.4339623e-002 -6.6037736e-001
  1.1320755e-001 -4.5283019e-001
  1.3207547e-001 -2.4528302e-001
  1.5094340e-001 -3.7735849e-002
  1.6981132e-001  1.6981132e-001
  1.8867925e-001  3.7735849e-001
  2.0754717e-001  5.8490566e-001
  2.2641509e-001  7.9245283e-001
  2.4528302e-001  1.0000000e+000
  2.6415094e-001 -9.8113208e-001
  2.8301887e-001 -7.7358491e-001
  3.0188679e-001 -5.6603774e-001
  3.2075472e-001 -3.5849057e-001
  3.3962264e-001 -1.5094340e-001
  3.5849057e-001  5.6603774e-002
  3.7735849e-001  2.6415094e-001
  3.9622642e-001  4.7169811e-001
  4.1509434e-001  6.7924528e-001
  4.3396226e-001  8.8679245e-001
  4.5283019e-001 -8.8679245e-001
  4.7169811e-001 -6.7924528e-001
  4.9056604e-001 -4.7169811e-001
  5.0943396e-001 -2.6415094e-001
  5.2830189e-001 -5.6603774e-002
  5.4716981e-001  1.5094340e-001
  5.6603774e-001  3.5849057e-001
  5.8490566e-001  5.6603774e-001
  6.0377358e-001  7.7358491e-001
  6.2264151e-001  9.8113208e-001
  6.4150943e-001 -1.0000000e+000
  6.6037736e-001 -7.9245283e-001
  6.7924528e-001 -5.8490566e-001
  6.9811321e-001 -3.7735849e-001
  7.1698113e-001 -1.6981132e-001
  7.3584906e-001  3.7735849e-002
  7.5471698e-001  2.4528302e-001
  7.7358491e-001  4.5283019e-001
  7.9245283e-001  6.6037736e-001
  8.1132075e-001  8.6792453e-001
  8.3018868e-001 -9.0566038e-001
  8.4905660e-001 -6.9811321e-001
  8.6792453e-001 -4.9056604e-001
  8.8679245e-001 -2.8301887e-001
  9.0566038e-001 -7.5471698e-002
  9.2452830e-001  1.3207547e-001
  9.4339623e-001  3.3962264e-001
  9.6226415e-001  5.4716981e-001
  9.8113208e-001  7.5471698e-001
  1.0000000e+000  9.6226415e-001
