 -1.0000000e+000 -8.3098592e-001
 -9.8591549e-001 -6.4788732e-001
 -9.7183099e-001 -4.6478873e-001
 -9.5774648e-001 -2.8169014e-001
 -9.4366197e-001 -9.8591549e-002
 -9.2957746e-001  8.4507042e-002
 -9.1549296e-001  2.6760563e-001
 -9.0140845e-001  4.5070423e-001
 -8.8732394e-001  6.3380282e-001
 -8.7323944e-001  8.1690141e-001
 -8.5915493e-001  1.0000000e+000
 -8.4507042e-001 -9.2957746e-001
 -8.3098592e-001 -7.4647887e-001
 -8.1690141e-001 -5.6338028e-001
 -8.0281690e-001 -3.8028169e-001
 -7.8873239e-001 -1.9718310e-001
 -7.7464789e-001 -1.4084507e-002
 -7.6056338e-001  1.6901408e-001
 -7.4647887e-001  3.5211268e-001
 -7.3239437e-001  5.3521127e-001
 -7.1830986e-001  7.1830986e-001
 -7.0422535e-001  9.0140845e-001
 -6.9014085e-001 -8.4507042e-001
 -6.7605634e-001 -6.6197183e-001
 -6.6197183e-001 -4.7887324e-001
 -6.4788732e-001 -2.9577465e-001
 -6.3380282e-001 -1.1267606e-001
 -6.1971831e-001  7.0422535e-002
 -6.0563380e-001  2.5352113e-001
 -5.9154930e-001  4.3661972e-001
 -5.7746479e-001  6.1971831e-001
 -5.6338028e-001  8.0281690e-001
 -5.4929577e-001  9.8591549e-001
 -5.3521127e-001 -9.4366197e-001
 -5.2112676e-001 -7.6056338e-001
 -5.0704225e-001 -5.7746479e-001
 -4.9295775e-001 -3.9436620e-001
 -4.7887324e-001 -2.1126761e-001
 -4.6478873e-001 -2.8169014e-002
 -4.5070423e-001  1.5492958e-001
 -4.3661972e-001  3.3802817e-001
 -4.2253521e-001  5.2112676e-001
 -4.0845070e-001  7.0422535e-001
 -3.9436620e-001  8.8732394e-001
 -3.8028169e-001 -8.5915493e-001
 -3.6619718e-001 -6.7605634e-001
 -3.5211268e-001 -4.9295775e-001
 -3.3802817e-001 -3.0985915e-001
 -3.2394366e-001 -1.2676056e-001
 -3.0985915e-001  5.6338028e-002
 -2.9577465e-001  2.3943662e-001
 -2.8169014e-001  4.2253521e-001
 -2.6760563e-001  6.0563380e-001
 -2.5352113e-001  7.8873239e-001
 -2.3943662e-001  9.7183099e-001
 -2.2535211e-001 -9.5774648e-001
 -2.1126761e-001 -7.7464789e-001
 -1.9718310e-001 -5.9154930e-001
 -1.8309859e-001 -4.0845070e-001
 -1.6901408e-001 -2.2535211e-001
 -1.5492958e-001 -4.2253521e-002
 -1.4084507e-001  1.4084507e-001
 -1.2676056e-001  3.2394366e-001
 -1.1267606e-001  5.0704225e-001
 -9.8591549e-002  6.9014085e-001
 -8.4507042e-002  8.7323944e-001
 -7.0422535e-002 -8.7323944e-001
 -5.6338028e-002 -6.9014085e-001
 -4.2253521e-002 -5.0704225e-001
 -2.8169014e-002 -3.2394366e-001
 -1.4084507e-002 -1.4084507e-001
  0.0000000e+000  4.2253521e-002
  1.4084507e-002  2.2535211e-001
  2.8169014e-002  4.0845070e-001
  4.2253521e-002  5.9154930e-001
  5.6338028e-002  7.7464789e-001
  7.0422535e-002  9.5774648e-001
  8.4507042e-002 -9.7183099e-001
  9.8591549e-002 -7.8873239e-001
  1.1267606e-001 -6.0563380e-001
  1.2676056e-001 -4.2253521e-001
  1.4084507e-001 -2.3943662e-001
  1.5492958e-001 -5.6338028e-002
  1.6901408e-001  1.2676056e-001
  1.8309859e-001  3.0985915e-001
  1.9718310e-001  4.9295775e-001
  2.1126761e-001  6.7605634e-001
  2.2535211e-001  8.5915493e-001
  2.3943662e-001 -8.8732394e-001
  2.5352113e-001 -7.0422535e-001
  2.6760563e-001 -5.2112676e-001
  2.8169014e-001 -3.3802817e-001
  2.9577465e-001 -1.5492958e-001
  3.0985915e-001  2.8169014e-002
  3.2394366e-001  2.1126761e-001
  3.3802817e-001  3.9436620e-001
  3.5211268e-001  5.7746479e-001
  3.6619718e-001  7.6056338e-001
  3.8028169e-001  9.4366197e-001
  3.9436620e-001 -9.8591549e-001
  4.0845070e-001 -8.0281690e-001
  4.2253521e-001 -6.1971831e-001
  4.3661972e-001 -4.3661972e-001
  4.5070423e-001 -2.5352113e-001
  4.6478873e-001 -7.0422535e-002
  4.7887324e-001  1.1267606e-001
  4.9295775e-001  2.9577465e-001
  5.0704225e-001  4.7887324e-001
  5.2112676e-001  6.6197183e-001
  5.3521127e-001  8.4507042e-001
  5.4929577e-001 -9.0140845e-001
  5.6338028e-001 -7.1830986e-001
  5.7746479e-001 -5.3521127e-001
  5.9154930e-001 -3.5211268e-001
  6.0563380e-001 -1.6901408e-001
  6.1971831e-001  1.4084507e-002
  6.3380282e-001  1.9718310e-001
  6.4788732e-001  3.8028169e-001
  6.6197183e-001  5.6338028e-001
  6.7605634e-001  7.4647887e-001
  6.9014085e-001  9.2957746e-001
  7.0422535e-001 -1.0000000e+000
  7.1830986e-001 -8.1690141e-001
  7.3239437e-001 -6.3380282e-001
  7.4647887e-001 -4.5070423e-001
  7.6056338e-001 -2.6760563e-001
  7.7464789e-001 -8.4507042e-002
  7.8873239e-001  9.8591549e-002
  8.0281690e-001  2.8169014e-001
  8.1690141e-001  4.6478873e-001
  8.3098592e-001  6.4788732e-001
  8.4507042e-001  8.3098592e-001
  8.5915493e-001 -9.1549296e-001
  8.7323944e-001 -7.3239437e-001
  8.8732394e-001 -5.4929577e-001
  9.0140845e-001 -3.6619718e-001
  9.1549296e-001 -1.8309859e-001
  9.2957746e-001  0.0000000e+000
  9.4366197e-001  1.8309859e-001
  9.5774648e-001  3.6619718e-001
  9.7183099e-001  5.4929577e-001
  9.8591549e-001  7.3239437e-001
  1.0000000e+000  9.1549296e-001
