 -1.0000000e+000 -7.7419355e-001
 -9.6774194e-001 -5.1612903e-001
 -9.3548387e-001 -2.5806452e-001
 -9.0322581e-001  0.0000000e+000
 -8.7096774e-001  2.5806452e-001
 -8.3870968e-001  5.1612903e-001
 -8.0645161e-001  7.7419355e-001
 -7.7419355e-001 -9.3548387e-001
 -7.4193548e-001 -6.7741935e-001
 -7.0967742e-001 -4.1935484e-001
 -6.7741935e-001 -1.6129032e-001
 -6.4516129e-001  9.6774194e-002
 -6.1290323e-001  3.5483871e-001
 -5.8064516e-001  6.1290323e-001
 -5.4838710e-001  8.7096774e-001
 -5.1612903e-001 -8.3870968e-001
 -4.8387097e-001 -5.8064516e-001
 -4.5161290e-001 -3.2258065e-001
 -4.1935484e-001 -6.4516129e-002
 -3.8709677e-001  1.9354839e-001
 -3.5483871e-001  4.5161290e-001
 -3.2258065e-001  7.0967742e-001
 -2.9032258e-001  9.6774194e-001
 -2.5806452e-001 -1.0000000e+000
 -2.2580645e-001 -7.4193548e-001
 -1.9354839e-001 -4.8387097e-001
 -1.6129032e-001 -2.2580645e-001
 -1.2903226e-001  3.2258065e-002
 -9.6774194e-002  2.9032258e-001
 -6.4516129e-002  5.4838710e-001
 -3.2258065e-002  8.0645161e-001
  0.0000000e+000 -9.0322581e-001
  3.2258065e-002 -6.4516129e-001
  6.4516129e-002 -3.8709677e-001
  9.6774194e-002 -1.2903226e-001
  1.2903226e-001  1.2903226e-001
  1.6129032e-001  3.8709677e-001
  1.9354839e-001  6.4516129e-001
  2.2580645e-001  9.0322581e-001
  2.5806452e-001 -8.0645161e-001
  2.9032258e-001 -5.4838710e-001
  3.2258065e-001 -2.9032258e-001
  3.5483871e-001 -3.2258065e-002
  3.8709677e-001  2.2580645e-001
  4.1935484e-001  4.8387097e-001
  4.5161290e-001  7.4193548e-001
  4.8387097e-001  1.0000000e+000
  5.1612903e-001 -9.6774194e-001
  5.4838710e-001 -7.0967742e-001
  5.8064516e-001 -4.5161290e-001
  6.1290323e-001 -1.9354839e-001
  6.4516129e-001  6.4516129e-002
  6.7741935e-001  3.2258065e-001
  7.0967742e-001  5.8064516e-001
  7.4193548e-001  8.3870968e-001
  7.7419355e-001 -8.7096774e-001
  8.0645161e-001 -6.1290323e-001
  8.3870968e-001 -3.5483871e-001
  8.7096774e-001 -9.6774194e-002
  9.0322581e-001  1.6129032e-001
  9.3548387e-001  4.1935484e-001
  9.6774194e-001  6.7741935e-001
  1.0000000e+000  9.3548387e-001
