 -1.0000000e+000 -4.6534653e-001
 -9.8019802e-001  8.9108911e-002
 -9.6039604e-001  6.4356436e-001
 -9.4059406e-001 -8.2178218e-001
 -9.2079208e-001 -2.6732673e-001
 -9.0099010e-001  2.8712871e-001
 -8.8118812e-001  8.4158416e-001
 -8.6138614e-001 -6.2376238e-001
 -8.4158416e-001 -6.9306931e-002
 -8.2178218e-001  4.8514851e-001
 -8.0198020e-001 -9.8019802e-001
 -7.8217822e-001 -4.2574257e-001
 -7.6237624e-001  1.2871287e-001
 -7.4257426e-001  6.8316832e-001
 -7.2277228e-001 -7.8217822e-001
 -7.0297030e-001 -2.2772277e-001
 -6.8316832e-001  3.2673267e-001
 -6.6336634e-001  8.8118812e-001
 -6.4356436e-001 -5.8415842e-001
 -6.2376238e-001 -2.9702970e-002
 -6.0396040e-001  5.2475248e-001
 -5.8415842e-001 -9.4059406e-001
 -5.6435644e-001 -3.8613861e-001
 -5.4455446e-001  1.6831683e-001
 -5.2475248e-001  7.2277228e-001
 -5.0495050e-001 -7.4257426e-001
 -4.8514851e-001 -1.8811881e-001
 -4.6534653e-001  3.6633663e-001
 -4.4554455e-001  9.2079208e-001
 -4.2574257e-001 -5.4455446e-001
 -4.0594059e-001  9.9009901e-003
 -3.8613861e-001  5.6435644e-001
 -3.6633663e-001 -9.0099010e-001
 -3.4653465e-001 -3.4653465e-001
 -3.2673267e-001  2.0792079e-001
 -3.0693069e-001  7.6237624e-001
 -2.8712871e-001 -7.0297030e-001
 -2.6732673e-001 -1.4851485e-001
 -2.4752475e-001  4.0594059e-001
 -2.2772277e-001  9.6039604e-001
 -2.0792079e-001 -5.0495050e-001
 -1.8811881e-001  4.9504950e-002
 -1.6831683e-001  6.0396040e-001
 -1.4851485e-001 -8.6138614e-001
 -1.2871287e-001 -3.0693069e-001
 -1.0891089e-001  2.4752475e-001
 -8.9108911e-002  8.0198020e-001
 -6.9306931e-002 -6.6336634e-001
 -4.9504950e-002 -1.0891089e-001
 -2.9702970e-002  4.4554455e-001
 -9.9009901e-003  1.0000000e+000
  9.9009901e-003 -1.0000000e+000
  2.9702970e-002 -4.4554455e-001
  4.9504950e-002  1.0891089e-001
  6.9306931e-002  6.6336634e-001
  8.9108911e-002 -8.0198020e-001
  1.0891089e-001 -2.4752475e-001
  1.2871287e-001  3.0693069e-001
  1.4851485e-001  8.6138614e-001
  1.6831683e-001 -6.0396040e-001
  1.8811881e-001 -4.9504950e-002
  2.0792079e-001  5.0495050e-001
  2.2772277e-001 -9.6039604e-001
  2.4752475e-001 -4.0594059e-001
  2.6732673e-001  1.4851485e-001
  2.8712871e-001  7.0297030e-001
  3.0693069e-001 -7.6237624e-001
  3.2673267e-001 -2.0792079e-001
  3.4653465e-001  3.4653465e-001
  3.6633663e-001  9.0099010e-001
  3.8613861e-001 -5.6435644e-001
  4.0594059e-001 -9.9009901e-003
  4.2574257e-001  5.4455446e-001
  4.4554455e-001 -9.2079208e-001
  4.6534653e-001 -3.6633663e-001
  4.8514851e-001  1.8811881e-001
  5.0495050e-001  7.4257426e-001
  5.2475248e-001 -7.2277228e-001
  5.4455446e-001 -1.6831683e-001
  5.6435644e-001  3.8613861e-001
  5.8415842e-001  9.4059406e-001
  6.0396040e-001 -5.2475248e-001
  6.2376238e-001  2.9702970e-002
  6.4356436e-001  5.8415842e-001
  6.6336634e-001 -8.8118812e-001
  6.8316832e-001 -3.2673267e-001
  7.0297030e-001  2.2772277e-001
  7.2277228e-001  7.8217822e-001
  7.4257426e-001 -6.8316832e-001
  7.6237624e-001 -1.2871287e-001
  7.8217822e-001  4.2574257e-001
  8.0198020e-001  9.8019802e-001
  8.2178218e-001 -4.8514851e-001
  8.4158416e-001  6.9306931e-002
  8.6138614e-001  6.2376238e-001
  8.8118812e-001 -8.4158416e-001
  9.0099010e-001 -2.8712871e-001
  9.2079208e-001  2.6732673e-001
  9.4059406e-001  8.2178218e-001
  9.6039604e-001 -6.4356436e-001
  9.8019802e-001 -8.9108911e-002
  1.0000000e+000  4.6534653e-001
