 -1.0000000e+000 -5.8241758e-001
 -9.8901099e-001 -1.5384615e-001
 -9.7802198e-001  2.7472527e-001
 -9.6703297e-001  7.0329670e-001
 -9.5604396e-001 -8.5714286e-001
 -9.4505495e-001 -4.2857143e-001
 -9.3406593e-001  0.0000000e+000
 -9.2307692e-001  4.2857143e-001
 -9.1208791e-001  8.5714286e-001
 -9.0109890e-001 -7.0329670e-001
 -8.9010989e-001 -2.7472527e-001
 -8.7912088e-001  1.5384615e-001
 -8.6813187e-001  5.8241758e-001
 -8.5714286e-001 -9.7802198e-001
 -8.4615385e-001 -5.4945055e-001
 -8.3516484e-001 -1.2087912e-001
 -8.2417582e-001  3.0769231e-001
 -8.1318681e-001  7.3626374e-001
 -8.0219780e-001 -8.2417582e-001
 -7.9120879e-001 -3.9560440e-001
 -7.8021978e-001  3.2967033e-002
 -7.6923077e-001  4.6153846e-001
 -7.5824176e-001  8.9010989e-001
 -7.4725275e-001 -6.7032967e-001
 -7.3626374e-001 -2.4175824e-001
 -7.2527473e-001  1.8681319e-001
 -7.1428571e-001  6.1538462e-001
 -7.0329670e-001 -9.4505495e-001
 -6.9230769e-001 -5.1648352e-001
 -6.8131868e-001 -8.7912088e-002
 -6.7032967e-001  3.4065934e-001
 -6.5934066e-001  7.6923077e-001
 -6.4835165e-001 -7.9120879e-001
 -6.3736264e-001 -3.6263736e-001
 -6.2637363e-001  6.5934066e-002
 -6.1538462e-001  4.9450549e-001
 -6.0439560e-001  9.2307692e-001
 -5.9340659e-001 -6.3736264e-001
 -5.8241758e-001 -2.0879121e-001
 -5.7142857e-001  2.1978022e-001
 -5.6043956e-001  6.4835165e-001
 -5.4945055e-001 -9.1208791e-001
 -5.3846154e-001 -4.8351648e-001
 -5.2747253e-001 -5.4945055e-002
 -5.1648352e-001  3.7362637e-001
 -5.0549451e-001  8.0219780e-001
 -4.9450549e-001 -7.5824176e-001
 -4.8351648e-001 -3.2967033e-001
 -4.7252747e-001  9.8901099e-002
 -4.6153846e-001  5.2747253e-001
 -4.5054945e-001  9.5604396e-001
 -4.3956044e-001 -6.0439560e-001
 -4.2857143e-001 -1.7582418e-001
 -4.1758242e-001  2.5274725e-001
 -4.0659341e-001  6.8131868e-001
 -3.9560440e-001 -8.7912088e-001
 -3.8461538e-001 -4.5054945e-001
 -3.7362637e-001 -2.1978022e-002
 -3.6263736e-001  4.0659341e-001
 -3.5164835e-001  8.3516484e-001
 -3.4065934e-001 -7.2527473e-001
 -3.2967033e-001 -2.9670330e-001
 -3.1868132e-001  1.3186813e-001
 -3.0769231e-001  5.6043956e-001
 -2.9670330e-001  9.8901099e-001
 -2.8571429e-001 -1.0000000e+000
 -2.7472527e-001 -5.7142857e-001
 -2.6373626e-001 -1.4285714e-001
 -2.5274725e-001  2.8571429e-001
 -2.4175824e-001  7.1428571e-001
 -2.3076923e-001 -8.4615385e-001
 -2.1978022e-001 -4.1758242e-001
 -2.0879121e-001  1.0989011e-002
 -1.9780220e-001  4.3956044e-001
 -1.8681319e-001  8.6813187e-001
 -1.7582418e-001 -6.9230769e-001
 -1.6483516e-001 -2.6373626e-001
 -1.5384615e-001  1.6483516e-001
 -1.4285714e-001  5.9340659e-001
 -1.3186813e-001 -9.6703297e-001
 -1.2087912e-001 -5.3846154e-001
 -1.0989011e-001 -1.0989011e-001
 -9.8901099e-002  3.1868132e-001
 -8.7912088e-002  7.4725275e-001
 -7.6923077e-002 -8.1318681e-001
 -6.5934066e-002 -3.8461538e-001
 -5.4945055e-002  4.3956044e-002
 -4.3956044e-002  4.7252747e-001
 -3.2967033e-002  9.0109890e-001
 -2.1978022e-002 -6.5934066e-001
 -1.0989011e-002 -2.3076923e-001
  0.0000000e+000  1.9780220e-001
  1.0989011e-002  6.2637363e-001
  2.1978022e-002 -9.3406593e-001
  3.2967033e-002 -5.0549451e-001
  4.3956044e-002 -7.6923077e-002
  5.4945055e-002  3.5164835e-001
  6.5934066e-002  7.8021978e-001
  7.6923077e-002 -7.8021978e-001
  8.7912088e-002 -3.5164835e-001
  9.8901099e-002  7.6923077e-002
  1.0989011e-001  5.0549451e-001
  1.2087912e-001  9.3406593e-001
  1.3186813e-001 -6.2637363e-001
  1.4285714e-001 -1.9780220e-001
  1.5384615e-001  2.3076923e-001
  1.6483516e-001  6.5934066e-001
  1.7582418e-001 -9.0109890e-001
  1.8681319e-001 -4.7252747e-001
  1.9780220e-001 -4.3956044e-002
  2.0879121e-001  3.8461538e-001
  2.1978022e-001  8.1318681e-001
  2.3076923e-001 -7.4725275e-001
  2.4175824e-001 -3.1868132e-001
  2.5274725e-001  1.0989011e-001
  2.6373626e-001  5.3846154e-001
  2.7472527e-001  9.6703297e-001
  2.8571429e-001 -5.9340659e-001
  2.9670330e-001 -1.6483516e-001
  3.0769231e-001  2.6373626e-001
  3.1868132e-001  6.9230769e-001
  3.2967033e-001 -8.6813187e-001
  3.4065934e-001 -4.3956044e-001
  3.5164835e-001 -1.0989011e-002
  3.6263736e-001  4.1758242e-001
  3.7362637e-001  8.4615385e-001
  3.8461538e-001 -7.1428571e-001
  3.9560440e-001 -2.8571429e-001
  4.0659341e-001  1.4285714e-001
  4.1758242e-001  5.7142857e-001
  4.2857143e-001  1.0000000e+000
  4.3956044e-001 -9.8901099e-001
  4.5054945e-001 -5.6043956e-001
  4.6153846e-001 -1.3186813e-001
  4.7252747e-001  2.9670330e-001
  4.8351648e-001  7.2527473e-001
  4.9450549e-001 -8.3516484e-001
  5.0549451e-001 -4.0659341e-001
  5.1648352e-001  2.1978022e-002
  5.2747253e-001  4.5054945e-001
  5.3846154e-001  8.7912088e-001
  5.4945055e-001 -6.8131868e-001
  5.6043956e-001 -2.5274725e-001
  5.7142857e-001  1.7582418e-001
  5.8241758e-001  6.0439560e-001
  5.9340659e-001 -9.5604396e-001
  6.0439560e-001 -5.2747253e-001
  6.1538462e-001 -9.8901099e-002
  6.2637363e-001  3.2967033e-001
  6.3736264e-001  7.5824176e-001
  6.4835165e-001 -8.0219780e-001
  6.5934066e-001 -3.7362637e-001
  6.7032967e-001  5.4945055e-002
  6.8131868e-001  4.8351648e-001
  6.9230769e-001  9.1208791e-001
  7.0329670e-001 -6.4835165e-001
  7.1428571e-001 -2.1978022e-001
  7.2527473e-001  2.0879121e-001
  7.3626374e-001  6.3736264e-001
  7.4725275e-001 -9.2307692e-001
  7.5824176e-001 -4.9450549e-001
  7.6923077e-001 -6.5934066e-002
  7.8021978e-001  3.6263736e-001
  7.9120879e-001  7.9120879e-001
  8.0219780e-001 -7.6923077e-001
  8.1318681e-001 -3.4065934e-001
  8.2417582e-001  8.7912088e-002
  8.3516484e-001  5.1648352e-001
  8.4615385e-001  9.4505495e-001
  8.5714286e-001 -6.1538462e-001
  8.6813187e-001 -1.8681319e-001
  8.7912088e-001  2.4175824e-001
  8.9010989e-001  6.7032967e-001
  9.0109890e-001 -8.9010989e-001
  9.1208791e-001 -4.6153846e-001
  9.2307692e-001 -3.2967033e-002
  9.3406593e-001  3.9560440e-001
  9.4505495e-001  8.2417582e-001
  9.5604396e-001 -7.3626374e-001
  9.6703297e-001 -3.0769231e-001
  9.7802198e-001  1.2087912e-001
  9.8901099e-001  5.4945055e-001
  1.0000000e+000  9.7802198e-001
