 -1.0000000e+000 -5.6250000e-001
 -9.8750000e-001 -1.1250000e-001
 -9.7500000e-001  3.3750000e-001
 -9.6250000e-001  7.8750000e-001
 -9.5000000e-001 -7.2500000e-001
 -9.3750000e-001 -2.7500000e-001
 -9.2500000e-001  1.7500000e-001
 -9.1250000e-001  6.2500000e-001
 -9.0000000e-001 -8.8750000e-001
 -8.8750000e-001 -4.3750000e-001
 -8.7500000e-001  1.2500000e-002
 -8.6250000e-001  4.6250000e-001
 -8.5000000e-001  9.1250000e-001
 -8.3750000e-001 -6.0000000e-001
 -8.2500000e-001 -1.5000000e-001
 -8.1250000e-001  3.0000000e-001
 -8.0000000e-001  7.5000000e-001
 -7.8750000e-001 -7.6250000e-001
 -7.7500000e-001 -3.1250000e-001
 -7.6250000e-001  1.3750000e-001
 -7.5000000e-001  5.8750000e-001
 -7.3750000e-001 -9.2500000e-001
 -7.2500000e-001 -4.7500000e-001
 -7.1250000e-001 -2.5000000e-002
 -7.0000000e-001  4.2500000e-001
 -6.8750000e-001  8.7500000e-001
 -6.7500000e-001 -6.3750000e-001
 -6.6250000e-001 -1.8750000e-001
 -6.5000000e-001  2.6250000e-001
 -6.3750000e-001  7.1250000e-001
 -6.2500000e-001 -8.0000000e-001
 -6.1250000e-001 -3.5000000e-001
 -6.0000000e-001  1.0000000e-001
 -5.8750000e-001  5.5000000e-001
 -5.7500000e-001  1.0000000e+000
 -5.6250000e-001 -9.6250000e-001
 -5.5000000e-001 -5.1250000e-001
 -5.3750000e-001 -6.2500000e-002
 -5.2500000e-001  3.8750000e-001
 -5.1250000e-001  8.3750000e-001
 -5.0000000e-001 -6.7500000e-001
 -4.8750000e-001 -2.2500000e-001
 -4.7500000e-001  2.2500000e-001
 -4.6250000e-001  6.7500000e-001
 -4.5000000e-001 -8.3750000e-001
 -4.3750000e-001 -3.8750000e-001
 -4.2500000e-001  6.2500000e-002
 -4.1250000e-001  5.1250000e-001
 -4.0000000e-001  9.6250000e-001
 -3.8750000e-001 -1.0000000e+000
 -3.7500000e-001 -5.5000000e-001
 -3.6250000e-001 -1.0000000e-001
 -3.5000000e-001  3.5000000e-001
 -3.3750000e-001  8.0000000e-001
 -3.2500000e-001 -7.1250000e-001
 -3.1250000e-001 -2.6250000e-001
 -3.0000000e-001  1.8750000e-001
 -2.8750000e-001  6.3750000e-001
 -2.7500000e-001 -8.7500000e-001
 -2.6250000e-001 -4.2500000e-001
 -2.5000000e-001  2.5000000e-002
 -2.3750000e-001  4.7500000e-001
 -2.2500000e-001  9.2500000e-001
 -2.1250000e-001 -5.8750000e-001
 -2.0000000e-001 -1.3750000e-001
 -1.8750000e-001  3.1250000e-001
 -1.7500000e-001  7.6250000e-001
 -1.6250000e-001 -7.5000000e-001
 -1.5000000e-001 -3.0000000e-001
 -1.3750000e-001  1.5000000e-001
 -1.2500000e-001  6.0000000e-001
 -1.1250000e-001 -9.1250000e-001
 -1.0000000e-001 -4.6250000e-001
 -8.7500000e-002 -1.2500000e-002
 -7.5000000e-002  4.3750000e-001
 -6.2500000e-002  8.8750000e-001
 -5.0000000e-002 -6.2500000e-001
 -3.7500000e-002 -1.7500000e-001
 -2.5000000e-002  2.7500000e-001
 -1.2500000e-002  7.2500000e-001
  0.0000000e+000 -7.8750000e-001
  1.2500000e-002 -3.3750000e-001
  2.5000000e-002  1.1250000e-001
  3.7500000e-002  5.6250000e-001
  5.0000000e-002 -9.5000000e-001
  6.2500000e-002 -5.0000000e-001
  7.5000000e-002 -5.0000000e-002
  8.7500000e-002  4.0000000e-001
  1.0000000e-001  8.5000000e-001
  1.1250000e-001 -6.6250000e-001
  1.2500000e-001 -2.1250000e-001
  1.3750000e-001  2.3750000e-001
  1.5000000e-001  6.8750000e-001
  1.6250000e-001 -8.2500000e-001
  1.7500000e-001 -3.7500000e-001
  1.8750000e-001  7.5000000e-002
  2.0000000e-001  5.2500000e-001
  2.1250000e-001  9.7500000e-001
  2.2500000e-001 -9.8750000e-001
  2.3750000e-001 -5.3750000e-001
  2.5000000e-001 -8.7500000e-002
  2.6250000e-001  3.6250000e-001
  2.7500000e-001  8.1250000e-001
  2.8750000e-001 -7.0000000e-001
  3.0000000e-001 -2.5000000e-001
  3.1250000e-001  2.0000000e-001
  3.2500000e-001  6.5000000e-001
  3.3750000e-001 -8.6250000e-001
  3.5000000e-001 -4.1250000e-001
  3.6250000e-001  3.7500000e-002
  3.7500000e-001  4.8750000e-001
  3.8750000e-001  9.3750000e-001
  4.0000000e-001 -5.7500000e-001
  4.1250000e-001 -1.2500000e-001
  4.2500000e-001  3.2500000e-001
  4.3750000e-001  7.7500000e-001
  4.5000000e-001 -7.3750000e-001
  4.6250000e-001 -2.8750000e-001
  4.7500000e-001  1.6250000e-001
  4.8750000e-001  6.1250000e-001
  5.0000000e-001 -9.0000000e-001
  5.1250000e-001 -4.5000000e-001
  5.2500000e-001  0.0000000e+000
  5.3750000e-001  4.5000000e-001
  5.5000000e-001  9.0000000e-001
  5.6250000e-001 -6.1250000e-001
  5.7500000e-001 -1.6250000e-001
  5.8750000e-001  2.8750000e-001
  6.0000000e-001  7.3750000e-001
  6.1250000e-001 -7.7500000e-001
  6.2500000e-001 -3.2500000e-001
  6.3750000e-001  1.2500000e-001
  6.5000000e-001  5.7500000e-001
  6.6250000e-001 -9.3750000e-001
  6.7500000e-001 -4.8750000e-001
  6.8750000e-001 -3.7500000e-002
  7.0000000e-001  4.1250000e-001
  7.1250000e-001  8.6250000e-001
  7.2500000e-001 -6.5000000e-001
  7.3750000e-001 -2.0000000e-001
  7.5000000e-001  2.5000000e-001
  7.6250000e-001  7.0000000e-001
  7.7500000e-001 -8.1250000e-001
  7.8750000e-001 -3.6250000e-001
  8.0000000e-001  8.7500000e-002
  8.1250000e-001  5.3750000e-001
  8.2500000e-001  9.8750000e-001
  8.3750000e-001 -9.7500000e-001
  8.5000000e-001 -5.2500000e-001
  8.6250000e-001 -7.5000000e-002
  8.7500000e-001  3.7500000e-001
  8.8750000e-001  8.2500000e-001
  9.0000000e-001 -6.8750000e-001
  9.1250000e-001 -2.3750000e-001
  9.2500000e-001  2.1250000e-001
  9.3750000e-001  6.6250000e-001
  9.5000000e-001 -8.5000000e-001
  9.6250000e-001 -4.0000000e-001
  9.7500000e-001  5.0000000e-002
  9.8750000e-001  5.0000000e-001
  1.0000000e+000  9.5000000e-001
