 -1.0000000e+000 -8.2945736e-001
 -9.8449612e-001 -6.4341085e-001
 -9.6899225e-001 -4.5736434e-001
 -9.5348837e-001 -2.7131783e-001
 -9.3798450e-001 -8.5271318e-002
 -9.2248062e-001  1.0077519e-001
 -9.0697674e-001  2.8682171e-001
 -8.9147287e-001  4.7286822e-001
 -8.7596899e-001  6.5891473e-001
 -8.6046512e-001  8.4496124e-001
 -8.4496124e-001 -9.3798450e-001
 -8.2945736e-001 -7.5193798e-001
 -8.1395349e-001 -5.6589147e-001
 -7.9844961e-001 -3.7984496e-001
 -7.8294574e-001 -1.9379845e-001
 -7.6744186e-001 -7.7519380e-003
 -7.5193798e-001  1.7829457e-001
 -7.3643411e-001  3.6434109e-001
 -7.2093023e-001  5.5038760e-001
 -7.0542636e-001  7.3643411e-001
 -6.8992248e-001  9.2248062e-001
 -6.7441860e-001 -8.6046512e-001
 -6.5891473e-001 -6.7441860e-001
 -6.4341085e-001 -4.8837209e-001
 -6.2790698e-001 -3.0232558e-001
 -6.1240310e-001 -1.1627907e-001
 -5.9689922e-001  6.9767442e-002
 -5.8139535e-001  2.5581395e-001
 -5.6589147e-001  4.4186047e-001
 -5.5038760e-001  6.2790698e-001
 -5.3488372e-001  8.1395349e-001
 -5.1937984e-001  1.0000000e+000
 -5.0387597e-001 -9.6899225e-001
 -4.8837209e-001 -7.8294574e-001
 -4.7286822e-001 -5.9689922e-001
 -4.5736434e-001 -4.1085271e-001
 -4.4186047e-001 -2.2480620e-001
 -4.2635659e-001 -3.8759690e-002
 -4.1085271e-001  1.4728682e-001
 -3.9534884e-001  3.3333333e-001
 -3.7984496e-001  5.1937984e-001
 -3.6434109e-001  7.0542636e-001
 -3.4883721e-001  8.9147287e-001
 -3.3333333e-001 -8.9147287e-001
 -3.1782946e-001 -7.0542636e-001
 -3.0232558e-001 -5.1937984e-001
 -2.8682171e-001 -3.3333333e-001
 -2.7131783e-001 -1.4728682e-001
 -2.5581395e-001  3.8759690e-002
 -2.4031008e-001  2.2480620e-001
 -2.2480620e-001  4.1085271e-001
 -2.0930233e-001  5.9689922e-001
 -1.9379845e-001  7.8294574e-001
 -1.7829457e-001  9.6899225e-001
 -1.6279070e-001 -1.0000000e+000
 -1.4728682e-001 -8.1395349e-001
 -1.3178295e-001 -6.2790698e-001
 -1.1627907e-001 -4.4186047e-001
 -1.0077519e-001 -2.5581395e-001
 -8.5271318e-002 -6.9767442e-002
 -6.9767442e-002  1.1627907e-001
 -5.4263566e-002  3.0232558e-001
 -3.8759690e-002  4.8837209e-001
 -2.3255814e-002  6.7441860e-001
 -7.7519380e-003  8.6046512e-001
  7.7519380e-003 -9.2248062e-001
  2.3255814e-002 -7.3643411e-001
  3.8759690e-002 -5.5038760e-001
  5.4263566e-002 -3.6434109e-001
  6.9767442e-002 -1.7829457e-001
  8.5271318e-002  7.7519380e-003
  1.0077519e-001  1.9379845e-001
  1.1627907e-001  3.7984496e-001
  1.3178295e-001  5.6589147e-001
  1.4728682e-001  7.5193798e-001
  1.6279070e-001  9.3798450e-001
  1.7829457e-001 -8.4496124e-001
  1.9379845e-001 -6.5891473e-001
  2.0930233e-001 -4.7286822e-001
  2.2480620e-001 -2.8682171e-001
  2.4031008e-001 -1.0077519e-001
  2.5581395e-001  8.5271318e-002
  2.7131783e-001  2.7131783e-001
  2.8682171e-001  4.5736434e-001
  3.0232558e-001  6.4341085e-001
  3.1782946e-001  8.2945736e-001
  3.3333333e-001 -9.5348837e-001
  3.4883721e-001 -7.6744186e-001
  3.6434109e-001 -5.8139535e-001
  3.7984496e-001 -3.9534884e-001
  3.9534884e-001 -2.0930233e-001
  4.1085271e-001 -2.3255814e-002
  4.2635659e-001  1.6279070e-001
  4.4186047e-001  3.4883721e-001
  4.5736434e-001  5.3488372e-001
  4.7286822e-001  7.2093023e-001
  4.8837209e-001  9.0697674e-001
  5.0387597e-001 -8.7596899e-001
  5.1937984e-001 -6.8992248e-001
  5.3488372e-001 -5.0387597e-001
  5.5038760e-001 -3.1782946e-001
  5.6589147e-001 -1.3178295e-001
  5.8139535e-001  5.4263566e-002
  5.9689922e-001  2.4031008e-001
  6.1240310e-001  4.2635659e-001
  6.2790698e-001  6.1240310e-001
  6.4341085e-001  7.9844961e-001
  6.5891473e-001  9.8449612e-001
  6.7441860e-001 -9.8449612e-001
  6.8992248e-001 -7.9844961e-001
  7.0542636e-001 -6.1240310e-001
  7.2093023e-001 -4.2635659e-001
  7.3643411e-001 -2.4031008e-001
  7.5193798e-001 -5.4263566e-002
  7.6744186e-001  1.3178295e-001
  7.8294574e-001  3.1782946e-001
  7.9844961e-001  5.0387597e-001
  8.1395349e-001  6.8992248e-001
  8.2945736e-001  8.7596899e-001
  8.4496124e-001 -9.0697674e-001
  8.6046512e-001 -7.2093023e-001
  8.7596899e-001 -5.3488372e-001
  8.9147287e-001 -3.4883721e-001
  9.0697674e-001 -1.6279070e-001
  9.2248062e-001  2.3255814e-002
  9.3798450e-001  2.0930233e-001
  9.5348837e-001  3.9534884e-001
  9.6899225e-001  5.8139535e-001
  9.8449612e-001  7.6744186e-001
  1.0000000e+000  9.5348837e-001
