 -1.0000000e+000 -6.7567568e-001
 -9.4594595e-001 -2.9729730e-001
 -8.9189189e-001  8.1081081e-002
 -8.3783784e-001  4.5945946e-001
 -7.8378378e-001  8.3783784e-001
 -7.2972973e-001 -8.9189189e-001
 -6.7567568e-001 -5.1351351e-001
 -6.2162162e-001 -1.3513514e-001
 -5.6756757e-001  2.4324324e-001
 -5.1351351e-001  6.2162162e-001
 -4.5945946e-001  1.0000000e+000
 -4.0540541e-001 -7.2972973e-001
 -3.5135135e-001 -3.5135135e-001
 -2.9729730e-001  2.7027027e-002
 -2.4324324e-001  4.0540541e-001
 -1.8918919e-001  7.8378378e-001
 -1.3513514e-001 -9.4594595e-001
 -8.1081081e-002 -5.6756757e-001
 -2.7027027e-002 -1.8918919e-001
  2.7027027e-002  1.8918919e-001
  8.1081081e-002  5.6756757e-001
  1.3513514e-001  9.4594595e-001
  1.8918919e-001 -7.8378378e-001
  2.4324324e-001 -4.0540541e-001
  2.9729730e-001 -2.7027027e-002
  3.5135135e-001  3.5135135e-001
  4.0540541e-001  7.2972973e-001
  4.5945946e-001 -1.0000000e+000
  5.1351351e-001 -6.2162162e-001
  5.6756757e-001 -2.4324324e-001
  6.2162162e-001  1.3513514e-001
  6.7567568e-001  5.1351351e-001
  7.2972973e-001  8.9189189e-001
  7.8378378e-001 -8.3783784e-001
  8.3783784e-001 -4.5945946e-001
  8.9189189e-001 -8.1081081e-002
  9.4594595e-001  2.9729730e-001
  1.0000000e+000  6.7567568e-001
