 -1.0000000e+000 -8.3333333e-001
 -9.8611111e-001 -6.5277778e-001
 -9.7222222e-001 -4.7222222e-001
 -9.5833333e-001 -2.9166667e-001
 -9.4444444e-001 -1.1111111e-001
 -9.3055556e-001  6.9444444e-002
 -9.1666667e-001  2.5000000e-001
 -9.0277778e-001  4.3055556e-001
 -8.8888889e-001  6.1111111e-001
 -8.7500000e-001  7.9166667e-001
 -8.6111111e-001  9.7222222e-001
 -8.4722222e-001 -9.3055556e-001
 -8.3333333e-001 -7.5000000e-001
 -8.1944444e-001 -5.6944444e-001
 -8.0555556e-001 -3.8888889e-001
 -7.9166667e-001 -2.0833333e-001
 -7.7777778e-001 -2.7777778e-002
 -7.6388889e-001  1.5277778e-001
 -7.5000000e-001  3.3333333e-001
 -7.3611111e-001  5.1388889e-001
 -7.2222222e-001  6.9444444e-001
 -7.0833333e-001  8.7500000e-001
 -6.9444444e-001 -8.4722222e-001
 -6.8055556e-001 -6.6666667e-001
 -6.6666667e-001 -4.8611111e-001
 -6.5277778e-001 -3.0555556e-001
 -6.3888889e-001 -1.2500000e-001
 -6.2500000e-001  5.5555556e-002
 -6.1111111e-001  2.3611111e-001
 -5.9722222e-001  4.1666667e-001
 -5.8333333e-001  5.9722222e-001
 -5.6944444e-001  7.7777778e-001
 -5.5555556e-001  9.5833333e-001
 -5.4166667e-001 -9.4444444e-001
 -5.2777778e-001 -7.6388889e-001
 -5.1388889e-001 -5.8333333e-001
 -5.0000000e-001 -4.0277778e-001
 -4.8611111e-001 -2.2222222e-001
 -4.7222222e-001 -4.1666667e-002
 -4.5833333e-001  1.3888889e-001
 -4.4444444e-001  3.1944444e-001
 -4.3055556e-001  5.0000000e-001
 -4.1666667e-001  6.8055556e-001
 -4.0277778e-001  8.6111111e-001
 -3.8888889e-001 -8.6111111e-001
 -3.7500000e-001 -6.8055556e-001
 -3.6111111e-001 -5.0000000e-001
 -3.4722222e-001 -3.1944444e-001
 -3.3333333e-001 -1.3888889e-001
 -3.1944444e-001  4.1666667e-002
 -3.0555556e-001  2.2222222e-001
 -2.9166667e-001  4.0277778e-001
 -2.7777778e-001  5.8333333e-001
 -2.6388889e-001  7.6388889e-001
 -2.5000000e-001  9.4444444e-001
 -2.3611111e-001 -9.5833333e-001
 -2.2222222e-001 -7.7777778e-001
 -2.0833333e-001 -5.9722222e-001
 -1.9444444e-001 -4.1666667e-001
 -1.8055556e-001 -2.3611111e-001
 -1.6666667e-001 -5.5555556e-002
 -1.5277778e-001  1.2500000e-001
 -1.3888889e-001  3.0555556e-001
 -1.2500000e-001  4.8611111e-001
 -1.1111111e-001  6.6666667e-001
 -9.7222222e-002  8.4722222e-001
 -8.3333333e-002 -8.7500000e-001
 -6.9444444e-002 -6.9444444e-001
 -5.5555556e-002 -5.1388889e-001
 -4.1666667e-002 -3.3333333e-001
 -2.7777778e-002 -1.5277778e-001
 -1.3888889e-002  2.7777778e-002
  0.0000000e+000  2.0833333e-001
  1.3888889e-002  3.8888889e-001
  2.7777778e-002  5.6944444e-001
  4.1666667e-002  7.5000000e-001
  5.5555556e-002  9.3055556e-001
  6.9444444e-002 -9.7222222e-001
  8.3333333e-002 -7.9166667e-001
  9.7222222e-002 -6.1111111e-001
  1.1111111e-001 -4.3055556e-001
  1.2500000e-001 -2.5000000e-001
  1.3888889e-001 -6.9444444e-002
  1.5277778e-001  1.1111111e-001
  1.6666667e-001  2.9166667e-001
  1.8055556e-001  4.7222222e-001
  1.9444444e-001  6.5277778e-001
  2.0833333e-001  8.3333333e-001
  2.2222222e-001 -8.8888889e-001
  2.3611111e-001 -7.0833333e-001
  2.5000000e-001 -5.2777778e-001
  2.6388889e-001 -3.4722222e-001
  2.7777778e-001 -1.6666667e-001
  2.9166667e-001  1.3888889e-002
  3.0555556e-001  1.9444444e-001
  3.1944444e-001  3.7500000e-001
  3.3333333e-001  5.5555556e-001
  3.4722222e-001  7.3611111e-001
  3.6111111e-001  9.1666667e-001
  3.7500000e-001 -9.8611111e-001
  3.8888889e-001 -8.0555556e-001
  4.0277778e-001 -6.2500000e-001
  4.1666667e-001 -4.4444444e-001
  4.3055556e-001 -2.6388889e-001
  4.4444444e-001 -8.3333333e-002
  4.5833333e-001  9.7222222e-002
  4.7222222e-001  2.7777778e-001
  4.8611111e-001  4.5833333e-001
  5.0000000e-001  6.3888889e-001
  5.1388889e-001  8.1944444e-001
  5.2777778e-001  1.0000000e+000
  5.4166667e-001 -9.0277778e-001
  5.5555556e-001 -7.2222222e-001
  5.6944444e-001 -5.4166667e-001
  5.8333333e-001 -3.6111111e-001
  5.9722222e-001 -1.8055556e-001
  6.1111111e-001  0.0000000e+000
  6.2500000e-001  1.8055556e-001
  6.3888889e-001  3.6111111e-001
  6.5277778e-001  5.4166667e-001
  6.6666667e-001  7.2222222e-001
  6.8055556e-001  9.0277778e-001
  6.9444444e-001 -1.0000000e+000
  7.0833333e-001 -8.1944444e-001
  7.2222222e-001 -6.3888889e-001
  7.3611111e-001 -4.5833333e-001
  7.5000000e-001 -2.7777778e-001
  7.6388889e-001 -9.7222222e-002
  7.7777778e-001  8.3333333e-002
  7.9166667e-001  2.6388889e-001
  8.0555556e-001  4.4444444e-001
  8.1944444e-001  6.2500000e-001
  8.3333333e-001  8.0555556e-001
  8.4722222e-001  9.8611111e-001
  8.6111111e-001 -9.1666667e-001
  8.7500000e-001 -7.3611111e-001
  8.8888889e-001 -5.5555556e-001
  9.0277778e-001 -3.7500000e-001
  9.1666667e-001 -1.9444444e-001
  9.3055556e-001 -1.3888889e-002
  9.4444444e-001  1.6666667e-001
  9.5833333e-001  3.4722222e-001
  9.7222222e-001  5.2777778e-001
  9.8611111e-001  7.0833333e-001
  1.0000000e+000  8.8888889e-001
