 -1.0000000e+000 -6.9230769e-001
 -9.2307692e-001 -3.0769231e-001
 -8.4615385e-001  7.6923077e-002
 -7.6923077e-001  4.6153846e-001
 -6.9230769e-001  8.4615385e-001
 -6.1538462e-001 -1.0000000e+000
 -5.3846154e-001 -6.1538462e-001
 -4.6153846e-001 -2.3076923e-001
 -3.8461538e-001  1.5384615e-001
 -3.0769231e-001  5.3846154e-001
 -2.3076923e-001  9.2307692e-001
 -1.5384615e-001 -9.2307692e-001
 -7.6923077e-002 -5.3846154e-001
  0.0000000e+000 -1.5384615e-001
  7.6923077e-002  2.3076923e-001
  1.5384615e-001  6.1538462e-001
  2.3076923e-001  1.0000000e+000
  3.0769231e-001 -8.4615385e-001
  3.8461538e-001 -4.6153846e-001
  4.6153846e-001 -7.6923077e-002
  5.3846154e-001  3.0769231e-001
  6.1538462e-001  6.9230769e-001
  6.9230769e-001 -7.6923077e-001
  7.6923077e-001 -3.8461538e-001
  8.4615385e-001  0.0000000e+000
  9.2307692e-001  3.8461538e-001
  1.0000000e+000  7.6923077e-001
