 -1.0000000e+000 -4.8484848e-001
 -9.8989899e-001  4.0404040e-002
 -9.7979798e-001  5.6565657e-001
 -9.6969697e-001 -8.6868687e-001
 -9.5959596e-001 -3.4343434e-001
 -9.4949495e-001  1.8181818e-001
 -9.3939394e-001  7.0707071e-001
 -9.2929293e-001 -7.2727273e-001
 -9.1919192e-001 -2.0202020e-001
 -9.0909091e-001  3.2323232e-001
 -8.9898990e-001  8.4848485e-001
 -8.8888889e-001 -5.8585859e-001
 -8.7878788e-001 -6.0606061e-002
 -8.6868687e-001  4.6464646e-001
 -8.5858586e-001  9.8989899e-001
 -8.4848485e-001 -9.6969697e-001
 -8.3838384e-001 -4.4444444e-001
 -8.2828283e-001  8.0808081e-002
 -8.1818182e-001  6.0606061e-001
 -8.0808081e-001 -8.2828283e-001
 -7.9797980e-001 -3.0303030e-001
 -7.8787879e-001  2.2222222e-001
 -7.7777778e-001  7.4747475e-001
 -7.6767677e-001 -6.8686869e-001
 -7.5757576e-001 -1.6161616e-001
 -7.4747475e-001  3.6363636e-001
 -7.3737374e-001  8.8888889e-001
 -7.2727273e-001 -5.4545455e-001
 -7.1717172e-001 -2.0202020e-002
 -7.0707071e-001  5.0505051e-001
 -6.9696970e-001 -9.2929293e-001
 -6.8686869e-001 -4.0404040e-001
 -6.7676768e-001  1.2121212e-001
 -6.6666667e-001  6.4646465e-001
 -6.5656566e-001 -7.8787879e-001
 -6.4646465e-001 -2.6262626e-001
 -6.3636364e-001  2.6262626e-001
 -6.2626263e-001  7.8787879e-001
 -6.1616162e-001 -6.4646465e-001
 -6.0606061e-001 -1.2121212e-001
 -5.9595960e-001  4.0404040e-001
 -5.8585859e-001  9.2929293e-001
 -5.7575758e-001 -5.0505051e-001
 -5.6565657e-001  2.0202020e-002
 -5.5555556e-001  5.4545455e-001
 -5.4545455e-001 -8.8888889e-001
 -5.3535354e-001 -3.6363636e-001
 -5.2525253e-001  1.6161616e-001
 -5.1515152e-001  6.8686869e-001
 -5.0505051e-001 -7.4747475e-001
 -4.9494949e-001 -2.2222222e-001
 -4.8484848e-001  3.0303030e-001
 -4.7474747e-001  8.2828283e-001
 -4.6464646e-001 -6.0606061e-001
 -4.5454545e-001 -8.0808081e-002
 -4.4444444e-001  4.4444444e-001
 -4.3434343e-001  9.6969697e-001
 -4.2424242e-001 -9.8989899e-001
 -4.1414141e-001 -4.6464646e-001
 -4.0404040e-001  6.0606061e-002
 -3.9393939e-001  5.8585859e-001
 -3.8383838e-001 -8.4848485e-001
 -3.7373737e-001 -3.2323232e-001
 -3.6363636e-001  2.0202020e-001
 -3.5353535e-001  7.2727273e-001
 -3.4343434e-001 -7.0707071e-001
 -3.3333333e-001 -1.8181818e-001
 -3.2323232e-001  3.4343434e-001
 -3.1313131e-001  8.6868687e-001
 -3.0303030e-001 -5.6565657e-001
 -2.9292929e-001 -4.0404040e-002
 -2.8282828e-001  4.8484848e-001
 -2.7272727e-001 -9.4949495e-001
 -2.6262626e-001 -4.2424242e-001
 -2.5252525e-001  1.0101010e-001
 -2.4242424e-001  6.2626263e-001
 -2.3232323e-001 -8.0808081e-001
 -2.2222222e-001 -2.8282828e-001
 -2.1212121e-001  2.4242424e-001
 -2.0202020e-001  7.6767677e-001
 -1.9191919e-001 -6.6666667e-001
 -1.8181818e-001 -1.4141414e-001
 -1.7171717e-001  3.8383838e-001
 -1.6161616e-001  9.0909091e-001
 -1.5151515e-001 -5.2525253e-001
 -1.4141414e-001  0.0000000e+000
 -1.3131313e-001  5.2525253e-001
 -1.2121212e-001 -9.0909091e-001
 -1.1111111e-001 -3.8383838e-001
 -1.0101010e-001  1.4141414e-001
 -9.0909091e-002  6.6666667e-001
 -8.0808081e-002 -7.6767677e-001
 -7.0707071e-002 -2.4242424e-001
 -6.0606061e-002  2.8282828e-001
 -5.0505051e-002  8.0808081e-001
 -4.0404040e-002 -6.2626263e-001
 -3.0303030e-002 -1.0101010e-001
 -2.0202020e-002  4.2424242e-001
 -1.0101010e-002  9.4949495e-001
  0.0000000e+000 -1.0000000e+000
  1.0101010e-002 -4.7474747e-001
  2.0202020e-002  5.0505051e-002
  3.0303030e-002  5.7575758e-001
  4.0404040e-002 -8.5858586e-001
  5.0505051e-002 -3.3333333e-001
  6.0606061e-002  1.9191919e-001
  7.0707071e-002  7.1717172e-001
  8.0808081e-002 -7.1717172e-001
  9.0909091e-002 -1.9191919e-001
  1.0101010e-001  3.3333333e-001
  1.1111111e-001  8.5858586e-001
  1.2121212e-001 -5.7575758e-001
  1.3131313e-001 -5.0505051e-002
  1.4141414e-001  4.7474747e-001
  1.5151515e-001  1.0000000e+000
  1.6161616e-001 -9.5959596e-001
  1.7171717e-001 -4.3434343e-001
  1.8181818e-001  9.0909091e-002
  1.9191919e-001  6.1616162e-001
  2.0202020e-001 -8.1818182e-001
  2.1212121e-001 -2.9292929e-001
  2.2222222e-001  2.3232323e-001
  2.3232323e-001  7.5757576e-001
  2.4242424e-001 -6.7676768e-001
  2.5252525e-001 -1.5151515e-001
  2.6262626e-001  3.7373737e-001
  2.7272727e-001  8.9898990e-001
  2.8282828e-001 -5.3535354e-001
  2.9292929e-001 -1.0101010e-002
  3.0303030e-001  5.1515152e-001
  3.1313131e-001 -9.1919192e-001
  3.2323232e-001 -3.9393939e-001
  3.3333333e-001  1.3131313e-001
  3.4343434e-001  6.5656566e-001
  3.5353535e-001 -7.7777778e-001
  3.6363636e-001 -2.5252525e-001
  3.7373737e-001  2.7272727e-001
  3.8383838e-001  7.9797980e-001
  3.9393939e-001 -6.3636364e-001
  4.0404040e-001 -1.1111111e-001
  4.1414141e-001  4.1414141e-001
  4.2424242e-001  9.3939394e-001
  4.3434343e-001 -4.9494949e-001
  4.4444444e-001  3.0303030e-002
  4.5454545e-001  5.5555556e-001
  4.6464646e-001 -8.7878788e-001
  4.7474747e-001 -3.5353535e-001
  4.8484848e-001  1.7171717e-001
  4.9494949e-001  6.9696970e-001
  5.0505051e-001 -7.3737374e-001
  5.1515152e-001 -2.1212121e-001
  5.2525253e-001  3.1313131e-001
  5.3535354e-001  8.3838384e-001
  5.4545455e-001 -5.9595960e-001
  5.5555556e-001 -7.0707071e-002
  5.6565657e-001  4.5454545e-001
  5.7575758e-001  9.7979798e-001
  5.8585859e-001 -9.7979798e-001
  5.9595960e-001 -4.5454545e-001
  6.0606061e-001  7.0707071e-002
  6.1616162e-001  5.9595960e-001
  6.2626263e-001 -8.3838384e-001
  6.3636364e-001 -3.1313131e-001
  6.4646465e-001  2.1212121e-001
  6.5656566e-001  7.3737374e-001
  6.6666667e-001 -6.9696970e-001
  6.7676768e-001 -1.7171717e-001
  6.8686869e-001  3.5353535e-001
  6.9696970e-001  8.7878788e-001
  7.0707071e-001 -5.5555556e-001
  7.1717172e-001 -3.0303030e-002
  7.2727273e-001  4.9494949e-001
  7.3737374e-001 -9.3939394e-001
  7.4747475e-001 -4.1414141e-001
  7.5757576e-001  1.1111111e-001
  7.6767677e-001  6.3636364e-001
  7.7777778e-001 -7.9797980e-001
  7.8787879e-001 -2.7272727e-001
  7.9797980e-001  2.5252525e-001
  8.0808081e-001  7.7777778e-001
  8.1818182e-001 -6.5656566e-001
  8.2828283e-001 -1.3131313e-001
  8.3838384e-001  3.9393939e-001
  8.4848485e-001  9.1919192e-001
  8.5858586e-001 -5.1515152e-001
  8.6868687e-001  1.0101010e-002
  8.7878788e-001  5.3535354e-001
  8.8888889e-001 -8.9898990e-001
  8.9898990e-001 -3.7373737e-001
  9.0909091e-001  1.5151515e-001
  9.1919192e-001  6.7676768e-001
  9.2929293e-001 -7.5757576e-001
  9.3939394e-001 -2.3232323e-001
  9.4949495e-001  2.9292929e-001
  9.5959596e-001  8.1818182e-001
  9.6969697e-001 -6.1616162e-001
  9.7979798e-001 -9.0909091e-002
  9.8989899e-001  4.3434343e-001
  1.0000000e+000  9.5959596e-001
