 -1.0000000e+000 -7.7142857e-001
 -9.7142857e-001 -5.1428571e-001
 -9.4285714e-001 -2.5714286e-001
 -9.1428571e-001  0.0000000e+000
 -8.8571429e-001  2.5714286e-001
 -8.5714286e-001  5.1428571e-001
 -8.2857143e-001  7.7142857e-001
 -8.0000000e-001 -9.1428571e-001
 -7.7142857e-001 -6.5714286e-001
 -7.4285714e-001 -4.0000000e-001
 -7.1428571e-001 -1.4285714e-001
 -6.8571429e-001  1.1428571e-001
 -6.5714286e-001  3.7142857e-001
 -6.2857143e-001  6.2857143e-001
 -6.0000000e-001  8.8571429e-001
 -5.7142857e-001 -8.0000000e-001
 -5.4285714e-001 -5.4285714e-001
 -5.1428571e-001 -2.8571429e-001
 -4.8571429e-001 -2.8571429e-002
 -4.5714286e-001  2.2857143e-001
 -4.2857143e-001  4.8571429e-001
 -4.0000000e-001  7.4285714e-001
 -3.7142857e-001  1.0000000e+000
 -3.4285714e-001 -9.4285714e-001
 -3.1428571e-001 -6.8571429e-001
 -2.8571429e-001 -4.2857143e-001
 -2.5714286e-001 -1.7142857e-001
 -2.2857143e-001  8.5714286e-002
 -2.0000000e-001  3.4285714e-001
 -1.7142857e-001  6.0000000e-001
 -1.4285714e-001  8.5714286e-001
 -1.1428571e-001 -8.2857143e-001
 -8.5714286e-002 -5.7142857e-001
 -5.7142857e-002 -3.1428571e-001
 -2.8571429e-002 -5.7142857e-002
  0.0000000e+000  2.0000000e-001
  2.8571429e-002  4.5714286e-001
  5.7142857e-002  7.1428571e-001
  8.5714286e-002  9.7142857e-001
  1.1428571e-001 -9.7142857e-001
  1.4285714e-001 -7.1428571e-001
  1.7142857e-001 -4.5714286e-001
  2.0000000e-001 -2.0000000e-001
  2.2857143e-001  5.7142857e-002
  2.5714286e-001  3.1428571e-001
  2.8571429e-001  5.7142857e-001
  3.1428571e-001  8.2857143e-001
  3.4285714e-001 -8.5714286e-001
  3.7142857e-001 -6.0000000e-001
  4.0000000e-001 -3.4285714e-001
  4.2857143e-001 -8.5714286e-002
  4.5714286e-001  1.7142857e-001
  4.8571429e-001  4.2857143e-001
  5.1428571e-001  6.8571429e-001
  5.4285714e-001  9.4285714e-001
  5.7142857e-001 -1.0000000e+000
  6.0000000e-001 -7.4285714e-001
  6.2857143e-001 -4.8571429e-001
  6.5714286e-001 -2.2857143e-001
  6.8571429e-001  2.8571429e-002
  7.1428571e-001  2.8571429e-001
  7.4285714e-001  5.4285714e-001
  7.7142857e-001  8.0000000e-001
  8.0000000e-001 -8.8571429e-001
  8.2857143e-001 -6.2857143e-001
  8.5714286e-001 -3.7142857e-001
  8.8571429e-001 -1.1428571e-001
  9.1428571e-001  1.4285714e-001
  9.4285714e-001  4.0000000e-001
  9.7142857e-001  6.5714286e-001
  1.0000000e+000  9.1428571e-001
