 -1.0000000e+000 -8.4049080e-001
 -9.8773006e-001 -6.6871166e-001
 -9.7546012e-001 -4.9693252e-001
 -9.6319018e-001 -3.2515337e-001
 -9.5092025e-001 -1.5337423e-001
 -9.3865031e-001  1.8404908e-002
 -9.2638037e-001  1.9018405e-001
 -9.1411043e-001  3.6196319e-001
 -9.0184049e-001  5.3374233e-001
 -8.8957055e-001  7.0552147e-001
 -8.7730061e-001  8.7730061e-001
 -8.6503067e-001 -9.3865031e-001
 -8.5276074e-001 -7.6687117e-001
 -8.4049080e-001 -5.9509202e-001
 -8.2822086e-001 -4.2331288e-001
 -8.1595092e-001 -2.5153374e-001
 -8.0368098e-001 -7.9754601e-002
 -7.9141104e-001  9.2024540e-002
 -7.7914110e-001  2.6380368e-001
 -7.6687117e-001  4.3558282e-001
 -7.5460123e-001  6.0736196e-001
 -7.4233129e-001  7.7914110e-001
 -7.3006135e-001  9.5092025e-001
 -7.1779141e-001 -8.6503067e-001
 -7.0552147e-001 -6.9325153e-001
 -6.9325153e-001 -5.2147239e-001
 -6.8098160e-001 -3.4969325e-001
 -6.6871166e-001 -1.7791411e-001
 -6.5644172e-001 -6.1349693e-003
 -6.4417178e-001  1.6564417e-001
 -6.3190184e-001  3.3742331e-001
 -6.1963190e-001  5.0920245e-001
 -6.0736196e-001  6.8098160e-001
 -5.9509202e-001  8.5276074e-001
 -5.8282209e-001 -9.6319018e-001
 -5.7055215e-001 -7.9141104e-001
 -5.5828221e-001 -6.1963190e-001
 -5.4601227e-001 -4.4785276e-001
 -5.3374233e-001 -2.7607362e-001
 -5.2147239e-001 -1.0429448e-001
 -5.0920245e-001  6.7484663e-002
 -4.9693252e-001  2.3926380e-001
 -4.8466258e-001  4.1104294e-001
 -4.7239264e-001  5.8282209e-001
 -4.6012270e-001  7.5460123e-001
 -4.4785276e-001  9.2638037e-001
 -4.3558282e-001 -8.8957055e-001
 -4.2331288e-001 -7.1779141e-001
 -4.1104294e-001 -5.4601227e-001
 -3.9877301e-001 -3.7423313e-001
 -3.8650307e-001 -2.0245399e-001
 -3.7423313e-001 -3.0674847e-002
 -3.6196319e-001  1.4110429e-001
 -3.4969325e-001  3.1288344e-001
 -3.3742331e-001  4.8466258e-001
 -3.2515337e-001  6.5644172e-001
 -3.1288344e-001  8.2822086e-001
 -3.0061350e-001  1.0000000e+000
 -2.8834356e-001 -9.8773006e-001
 -2.7607362e-001 -8.1595092e-001
 -2.6380368e-001 -6.4417178e-001
 -2.5153374e-001 -4.7239264e-001
 -2.3926380e-001 -3.0061350e-001
 -2.2699387e-001 -1.2883436e-001
 -2.1472393e-001  4.2944785e-002
 -2.0245399e-001  2.1472393e-001
 -1.9018405e-001  3.8650307e-001
 -1.7791411e-001  5.5828221e-001
 -1.6564417e-001  7.3006135e-001
 -1.5337423e-001  9.0184049e-001
 -1.4110429e-001 -9.1411043e-001
 -1.2883436e-001 -7.4233129e-001
 -1.1656442e-001 -5.7055215e-001
 -1.0429448e-001 -3.9877301e-001
 -9.2024540e-002 -2.2699387e-001
 -7.9754601e-002 -5.5214724e-002
 -6.7484663e-002  1.1656442e-001
 -5.5214724e-002  2.8834356e-001
 -4.2944785e-002  4.6012270e-001
 -3.0674847e-002  6.3190184e-001
 -1.8404908e-002  8.0368098e-001
 -6.1349693e-003  9.7546012e-001
  6.1349693e-003 -1.0000000e+000
  1.8404908e-002 -8.2822086e-001
  3.0674847e-002 -6.5644172e-001
  4.2944785e-002 -4.8466258e-001
  5.5214724e-002 -3.1288344e-001
  6.7484663e-002 -1.4110429e-001
  7.9754601e-002  3.0674847e-002
  9.2024540e-002  2.0245399e-001
  1.0429448e-001  3.7423313e-001
  1.1656442e-001  5.4601227e-001
  1.2883436e-001  7.1779141e-001
  1.4110429e-001  8.8957055e-001
  1.5337423e-001 -9.2638037e-001
  1.6564417e-001 -7.5460123e-001
  1.7791411e-001 -5.8282209e-001
  1.9018405e-001 -4.1104294e-001
  2.0245399e-001 -2.3926380e-001
  2.1472393e-001 -6.7484663e-002
  2.2699387e-001  1.0429448e-001
  2.3926380e-001  2.7607362e-001
  2.5153374e-001  4.4785276e-001
  2.6380368e-001  6.1963190e-001
  2.7607362e-001  7.9141104e-001
  2.8834356e-001  9.6319018e-001
  3.0061350e-001 -8.5276074e-001
  3.1288344e-001 -6.8098160e-001
  3.2515337e-001 -5.0920245e-001
  3.3742331e-001 -3.3742331e-001
  3.4969325e-001 -1.6564417e-001
  3.6196319e-001  6.1349693e-003
  3.7423313e-001  1.7791411e-001
  3.8650307e-001  3.4969325e-001
  3.9877301e-001  5.2147239e-001
  4.1104294e-001  6.9325153e-001
  4.2331288e-001  8.6503067e-001
  4.3558282e-001 -9.5092025e-001
  4.4785276e-001 -7.7914110e-001
  4.6012270e-001 -6.0736196e-001
  4.7239264e-001 -4.3558282e-001
  4.8466258e-001 -2.6380368e-001
  4.9693252e-001 -9.2024540e-002
  5.0920245e-001  7.9754601e-002
  5.2147239e-001  2.5153374e-001
  5.3374233e-001  4.2331288e-001
  5.4601227e-001  5.9509202e-001
  5.5828221e-001  7.6687117e-001
  5.7055215e-001  9.3865031e-001
  5.8282209e-001 -8.7730061e-001
  5.9509202e-001 -7.0552147e-001
  6.0736196e-001 -5.3374233e-001
  6.1963190e-001 -3.6196319e-001
  6.3190184e-001 -1.9018405e-001
  6.4417178e-001 -1.8404908e-002
  6.5644172e-001  1.5337423e-001
  6.6871166e-001  3.2515337e-001
  6.8098160e-001  4.9693252e-001
  6.9325153e-001  6.6871166e-001
  7.0552147e-001  8.4049080e-001
  7.1779141e-001 -9.7546012e-001
  7.3006135e-001 -8.0368098e-001
  7.4233129e-001 -6.3190184e-001
  7.5460123e-001 -4.6012270e-001
  7.6687117e-001 -2.8834356e-001
  7.7914110e-001 -1.1656442e-001
  7.9141104e-001  5.5214724e-002
  8.0368098e-001  2.2699387e-001
  8.1595092e-001  3.9877301e-001
  8.2822086e-001  5.7055215e-001
  8.4049080e-001  7.4233129e-001
  8.5276074e-001  9.1411043e-001
  8.6503067e-001 -9.0184049e-001
  8.7730061e-001 -7.3006135e-001
  8.8957055e-001 -5.5828221e-001
  9.0184049e-001 -3.8650307e-001
  9.1411043e-001 -2.1472393e-001
  9.2638037e-001 -4.2944785e-002
  9.3865031e-001  1.2883436e-001
  9.5092025e-001  3.0061350e-001
  9.6319018e-001  4.7239264e-001
  9.7546012e-001  6.4417178e-001
  9.8773006e-001  8.1595092e-001
  1.0000000e+000  9.8773006e-001
