 -1.0000000e+000 -8.2978723e-001
 -9.8581560e-001 -6.4539007e-001
 -9.7163121e-001 -4.6099291e-001
 -9.5744681e-001 -2.7659574e-001
 -9.4326241e-001 -9.2198582e-002
 -9.2907801e-001  9.2198582e-002
 -9.1489362e-001  2.7659574e-001
 -9.0070922e-001  4.6099291e-001
 -8.8652482e-001  6.4539007e-001
 -8.7234043e-001  8.2978723e-001
 -8.5815603e-001 -9.2907801e-001
 -8.4397163e-001 -7.4468085e-001
 -8.2978723e-001 -5.6028369e-001
 -8.1560284e-001 -3.7588652e-001
 -8.0141844e-001 -1.9148936e-001
 -7.8723404e-001 -7.0921986e-003
 -7.7304965e-001  1.7730496e-001
 -7.5886525e-001  3.6170213e-001
 -7.4468085e-001  5.4609929e-001
 -7.3049645e-001  7.3049645e-001
 -7.1631206e-001  9.1489362e-001
 -7.0212766e-001 -8.4397163e-001
 -6.8794326e-001 -6.5957447e-001
 -6.7375887e-001 -4.7517730e-001
 -6.5957447e-001 -2.9078014e-001
 -6.4539007e-001 -1.0638298e-001
 -6.3120567e-001  7.8014184e-002
 -6.1702128e-001  2.6241135e-001
 -6.0283688e-001  4.4680851e-001
 -5.8865248e-001  6.3120567e-001
 -5.7446809e-001  8.1560284e-001
 -5.6028369e-001  1.0000000e+000
 -5.4609929e-001 -9.4326241e-001
 -5.3191489e-001 -7.5886525e-001
 -5.1773050e-001 -5.7446809e-001
 -5.0354610e-001 -3.9007092e-001
 -4.8936170e-001 -2.0567376e-001
 -4.7517730e-001 -2.1276596e-002
 -4.6099291e-001  1.6312057e-001
 -4.4680851e-001  3.4751773e-001
 -4.3262411e-001  5.3191489e-001
 -4.1843972e-001  7.1631206e-001
 -4.0425532e-001  9.0070922e-001
 -3.9007092e-001 -8.5815603e-001
 -3.7588652e-001 -6.7375887e-001
 -3.6170213e-001 -4.8936170e-001
 -3.4751773e-001 -3.0496454e-001
 -3.3333333e-001 -1.2056738e-001
 -3.1914894e-001  6.3829787e-002
 -3.0496454e-001  2.4822695e-001
 -2.9078014e-001  4.3262411e-001
 -2.7659574e-001  6.1702128e-001
 -2.6241135e-001  8.0141844e-001
 -2.4822695e-001  9.8581560e-001
 -2.3404255e-001 -9.5744681e-001
 -2.1985816e-001 -7.7304965e-001
 -2.0567376e-001 -5.8865248e-001
 -1.9148936e-001 -4.0425532e-001
 -1.7730496e-001 -2.1985816e-001
 -1.6312057e-001 -3.5460993e-002
 -1.4893617e-001  1.4893617e-001
 -1.3475177e-001  3.3333333e-001
 -1.2056738e-001  5.1773050e-001
 -1.0638298e-001  7.0212766e-001
 -9.2198582e-002  8.8652482e-001
 -7.8014184e-002 -8.7234043e-001
 -6.3829787e-002 -6.8794326e-001
 -4.9645390e-002 -5.0354610e-001
 -3.5460993e-002 -3.1914894e-001
 -2.1276596e-002 -1.3475177e-001
 -7.0921986e-003  4.9645390e-002
  7.0921986e-003  2.3404255e-001
  2.1276596e-002  4.1843972e-001
  3.5460993e-002  6.0283688e-001
  4.9645390e-002  7.8723404e-001
  6.3829787e-002  9.7163121e-001
  7.8014184e-002 -9.7163121e-001
  9.2198582e-002 -7.8723404e-001
  1.0638298e-001 -6.0283688e-001
  1.2056738e-001 -4.1843972e-001
  1.3475177e-001 -2.3404255e-001
  1.4893617e-001 -4.9645390e-002
  1.6312057e-001  1.3475177e-001
  1.7730496e-001  3.1914894e-001
  1.9148936e-001  5.0354610e-001
  2.0567376e-001  6.8794326e-001
  2.1985816e-001  8.7234043e-001
  2.3404255e-001 -8.8652482e-001
  2.4822695e-001 -7.0212766e-001
  2.6241135e-001 -5.1773050e-001
  2.7659574e-001 -3.3333333e-001
  2.9078014e-001 -1.4893617e-001
  3.0496454e-001  3.5460993e-002
  3.1914894e-001  2.1985816e-001
  3.3333333e-001  4.0425532e-001
  3.4751773e-001  5.8865248e-001
  3.6170213e-001  7.7304965e-001
  3.7588652e-001  9.5744681e-001
  3.9007092e-001 -9.8581560e-001
  4.0425532e-001 -8.0141844e-001
  4.1843972e-001 -6.1702128e-001
  4.3262411e-001 -4.3262411e-001
  4.4680851e-001 -2.4822695e-001
  4.6099291e-001 -6.3829787e-002
  4.7517730e-001  1.2056738e-001
  4.8936170e-001  3.0496454e-001
  5.0354610e-001  4.8936170e-001
  5.1773050e-001  6.7375887e-001
  5.3191489e-001  8.5815603e-001
  5.4609929e-001 -9.0070922e-001
  5.6028369e-001 -7.1631206e-001
  5.7446809e-001 -5.3191489e-001
  5.8865248e-001 -3.4751773e-001
  6.0283688e-001 -1.6312057e-001
  6.1702128e-001  2.1276596e-002
  6.3120567e-001  2.0567376e-001
  6.4539007e-001  3.9007092e-001
  6.5957447e-001  5.7446809e-001
  6.7375887e-001  7.5886525e-001
  6.8794326e-001  9.4326241e-001
  7.0212766e-001 -1.0000000e+000
  7.1631206e-001 -8.1560284e-001
  7.3049645e-001 -6.3120567e-001
  7.4468085e-001 -4.4680851e-001
  7.5886525e-001 -2.6241135e-001
  7.7304965e-001 -7.8014184e-002
  7.8723404e-001  1.0638298e-001
  8.0141844e-001  2.9078014e-001
  8.1560284e-001  4.7517730e-001
  8.2978723e-001  6.5957447e-001
  8.4397163e-001  8.4397163e-001
  8.5815603e-001 -9.1489362e-001
  8.7234043e-001 -7.3049645e-001
  8.8652482e-001 -5.4609929e-001
  9.0070922e-001 -3.6170213e-001
  9.1489362e-001 -1.7730496e-001
  9.2907801e-001  7.0921986e-003
  9.4326241e-001  1.9148936e-001
  9.5744681e-001  3.7588652e-001
  9.7163121e-001  5.6028369e-001
  9.8581560e-001  7.4468085e-001
  1.0000000e+000  9.2907801e-001
