 -1.0000000e+000 -8.5416667e-001
 -9.8958333e-001 -6.9791667e-001
 -9.7916667e-001 -5.4166667e-001
 -9.6875000e-001 -3.8541667e-001
 -9.5833333e-001 -2.2916667e-001
 -9.4791667e-001 -7.2916667e-002
 -9.3750000e-001  8.3333333e-002
 -9.2708333e-001  2.3958333e-001
 -9.1666667e-001  3.9583333e-001
 -9.0625000e-001  5.5208333e-001
 -8.9583333e-001  7.0833333e-001
 -8.8541667e-001  8.6458333e-001
 -8.7500000e-001 -9.3750000e-001
 -8.6458333e-001 -7.8125000e-001
 -8.5416667e-001 -6.2500000e-001
 -8.4375000e-001 -4.6875000e-001
 -8.3333333e-001 -3.1250000e-001
 -8.2291667e-001 -1.5625000e-001
 -8.1250000e-001  0.0000000e+000
 -8.0208333e-001  1.5625000e-001
 -7.9166667e-001  3.1250000e-001
 -7.8125000e-001  4.6875000e-001
 -7.7083333e-001  6.2500000e-001
 -7.6041667e-001  7.8125000e-001
 -7.5000000e-001  9.3750000e-001
 -7.3958333e-001 -8.6458333e-001
 -7.2916667e-001 -7.0833333e-001
 -7.1875000e-001 -5.5208333e-001
 -7.0833333e-001 -3.9583333e-001
 -6.9791667e-001 -2.3958333e-001
 -6.8750000e-001 -8.3333333e-002
 -6.7708333e-001  7.2916667e-002
 -6.6666667e-001  2.2916667e-001
 -6.5625000e-001  3.8541667e-001
 -6.4583333e-001  5.4166667e-001
 -6.3541667e-001  6.9791667e-001
 -6.2500000e-001  8.5416667e-001
 -6.1458333e-001 -9.4791667e-001
 -6.0416667e-001 -7.9166667e-001
 -5.9375000e-001 -6.3541667e-001
 -5.8333333e-001 -4.7916667e-001
 -5.7291667e-001 -3.2291667e-001
 -5.6250000e-001 -1.6666667e-001
 -5.5208333e-001 -1.0416667e-002
 -5.4166667e-001  1.4583333e-001
 -5.3125000e-001  3.0208333e-001
 -5.2083333e-001  4.5833333e-001
 -5.1041667e-001  6.1458333e-001
 -5.0000000e-001  7.7083333e-001
 -4.8958333e-001  9.2708333e-001
 -4.7916667e-001 -8.7500000e-001
 -4.6875000e-001 -7.1875000e-001
 -4.5833333e-001 -5.6250000e-001
 -4.4791667e-001 -4.0625000e-001
 -4.3750000e-001 -2.5000000e-001
 -4.2708333e-001 -9.3750000e-002
 -4.1666667e-001  6.2500000e-002
 -4.0625000e-001  2.1875000e-001
 -3.9583333e-001  3.7500000e-001
 -3.8541667e-001  5.3125000e-001
 -3.7500000e-001  6.8750000e-001
 -3.6458333e-001  8.4375000e-001
 -3.5416667e-001  1.0000000e+000
 -3.4375000e-001 -9.5833333e-001
 -3.3333333e-001 -8.0208333e-001
 -3.2291667e-001 -6.4583333e-001
 -3.1250000e-001 -4.8958333e-001
 -3.0208333e-001 -3.3333333e-001
 -2.9166667e-001 -1.7708333e-001
 -2.8125000e-001 -2.0833333e-002
 -2.7083333e-001  1.3541667e-001
 -2.6041667e-001  2.9166667e-001
 -2.5000000e-001  4.4791667e-001
 -2.3958333e-001  6.0416667e-001
 -2.2916667e-001  7.6041667e-001
 -2.1875000e-001  9.1666667e-001
 -2.0833333e-001 -8.8541667e-001
 -1.9791667e-001 -7.2916667e-001
 -1.8750000e-001 -5.7291667e-001
 -1.7708333e-001 -4.1666667e-001
 -1.6666667e-001 -2.6041667e-001
 -1.5625000e-001 -1.0416667e-001
 -1.4583333e-001  5.2083333e-002
 -1.3541667e-001  2.0833333e-001
 -1.2500000e-001  3.6458333e-001
 -1.1458333e-001  5.2083333e-001
 -1.0416667e-001  6.7708333e-001
 -9.3750000e-002  8.3333333e-001
 -8.3333333e-002  9.8958333e-001
 -7.2916667e-002 -9.6875000e-001
 -6.2500000e-002 -8.1250000e-001
 -5.2083333e-002 -6.5625000e-001
 -4.1666667e-002 -5.0000000e-001
 -3.1250000e-002 -3.4375000e-001
 -2.0833333e-002 -1.8750000e-001
 -1.0416667e-002 -3.1250000e-002
  0.0000000e+000  1.2500000e-001
  1.0416667e-002  2.8125000e-001
  2.0833333e-002  4.3750000e-001
  3.1250000e-002  5.9375000e-001
  4.1666667e-002  7.5000000e-001
  5.2083333e-002  9.0625000e-001
  6.2500000e-002 -8.9583333e-001
  7.2916667e-002 -7.3958333e-001
  8.3333333e-002 -5.8333333e-001
  9.3750000e-002 -4.2708333e-001
  1.0416667e-001 -2.7083333e-001
  1.1458333e-001 -1.1458333e-001
  1.2500000e-001  4.1666667e-002
  1.3541667e-001  1.9791667e-001
  1.4583333e-001  3.5416667e-001
  1.5625000e-001  5.1041667e-001
  1.6666667e-001  6.6666667e-001
  1.7708333e-001  8.2291667e-001
  1.8750000e-001  9.7916667e-001
  1.9791667e-001 -9.7916667e-001
  2.0833333e-001 -8.2291667e-001
  2.1875000e-001 -6.6666667e-001
  2.2916667e-001 -5.1041667e-001
  2.3958333e-001 -3.5416667e-001
  2.5000000e-001 -1.9791667e-001
  2.6041667e-001 -4.1666667e-002
  2.7083333e-001  1.1458333e-001
  2.8125000e-001  2.7083333e-001
  2.9166667e-001  4.2708333e-001
  3.0208333e-001  5.8333333e-001
  3.1250000e-001  7.3958333e-001
  3.2291667e-001  8.9583333e-001
  3.3333333e-001 -9.0625000e-001
  3.4375000e-001 -7.5000000e-001
  3.5416667e-001 -5.9375000e-001
  3.6458333e-001 -4.3750000e-001
  3.7500000e-001 -2.8125000e-001
  3.8541667e-001 -1.2500000e-001
  3.9583333e-001  3.1250000e-002
  4.0625000e-001  1.8750000e-001
  4.1666667e-001  3.4375000e-001
  4.2708333e-001  5.0000000e-001
  4.3750000e-001  6.5625000e-001
  4.4791667e-001  8.1250000e-001
  4.5833333e-001  9.6875000e-001
  4.6875000e-001 -9.8958333e-001
  4.7916667e-001 -8.3333333e-001
  4.8958333e-001 -6.7708333e-001
  5.0000000e-001 -5.2083333e-001
  5.1041667e-001 -3.6458333e-001
  5.2083333e-001 -2.0833333e-001
  5.3125000e-001 -5.2083333e-002
  5.4166667e-001  1.0416667e-001
  5.5208333e-001  2.6041667e-001
  5.6250000e-001  4.1666667e-001
  5.7291667e-001  5.7291667e-001
  5.8333333e-001  7.2916667e-001
  5.9375000e-001  8.8541667e-001
  6.0416667e-001 -9.1666667e-001
  6.1458333e-001 -7.6041667e-001
  6.2500000e-001 -6.0416667e-001
  6.3541667e-001 -4.4791667e-001
  6.4583333e-001 -2.9166667e-001
  6.5625000e-001 -1.3541667e-001
  6.6666667e-001  2.0833333e-002
  6.7708333e-001  1.7708333e-001
  6.8750000e-001  3.3333333e-001
  6.9791667e-001  4.8958333e-001
  7.0833333e-001  6.4583333e-001
  7.1875000e-001  8.0208333e-001
  7.2916667e-001  9.5833333e-001
  7.3958333e-001 -1.0000000e+000
  7.5000000e-001 -8.4375000e-001
  7.6041667e-001 -6.8750000e-001
  7.7083333e-001 -5.3125000e-001
  7.8125000e-001 -3.7500000e-001
  7.9166667e-001 -2.1875000e-001
  8.0208333e-001 -6.2500000e-002
  8.1250000e-001  9.3750000e-002
  8.2291667e-001  2.5000000e-001
  8.3333333e-001  4.0625000e-001
  8.4375000e-001  5.6250000e-001
  8.5416667e-001  7.1875000e-001
  8.6458333e-001  8.7500000e-001
  8.7500000e-001 -9.2708333e-001
  8.8541667e-001 -7.7083333e-001
  8.9583333e-001 -6.1458333e-001
  9.0625000e-001 -4.5833333e-001
  9.1666667e-001 -3.0208333e-001
  9.2708333e-001 -1.4583333e-001
  9.3750000e-001  1.0416667e-002
  9.4791667e-001  1.6666667e-001
  9.5833333e-001  3.2291667e-001
  9.6875000e-001  4.7916667e-001
  9.7916667e-001  6.3541667e-001
  9.8958333e-001  7.9166667e-001
  1.0000000e+000  9.4791667e-001
