 -1.0000000e+000 -1.9354839e-001
 -9.8387097e-001  6.2903226e-001
 -9.6774194e-001 -5.1612903e-001
 -9.5161290e-001  3.0645161e-001
 -9.3548387e-001 -8.3870968e-001
 -9.1935484e-001 -1.6129032e-002
 -9.0322581e-001  8.0645161e-001
 -8.8709677e-001 -3.3870968e-001
 -8.7096774e-001  4.8387097e-001
 -8.5483871e-001 -6.6129032e-001
 -8.3870968e-001  1.6129032e-001
 -8.2258065e-001  9.8387097e-001
 -8.0645161e-001 -9.8387097e-001
 -7.9032258e-001 -1.6129032e-001
 -7.7419355e-001  6.6129032e-001
 -7.5806452e-001 -4.8387097e-001
 -7.4193548e-001  3.3870968e-001
 -7.2580645e-001 -8.0645161e-001
 -7.0967742e-001  1.6129032e-002
 -6.9354839e-001  8.3870968e-001
 -6.7741935e-001 -3.0645161e-001
 -6.6129032e-001  5.1612903e-001
 -6.4516129e-001 -6.2903226e-001
 -6.2903226e-001  1.9354839e-001
 -6.1290323e-001 -9.5161290e-001
 -5.9677419e-001 -1.2903226e-001
 -5.8064516e-001  6.9354839e-001
 -5.6451613e-001 -4.5161290e-001
 -5.4838710e-001  3.7096774e-001
 -5.3225806e-001 -7.7419355e-001
 -5.1612903e-001  4.8387097e-002
 -5.0000000e-001  8.7096774e-001
 -4.8387097e-001 -2.7419355e-001
 -4.6774194e-001  5.4838710e-001
 -4.5161290e-001 -5.9677419e-001
 -4.3548387e-001  2.2580645e-001
 -4.1935484e-001 -9.1935484e-001
 -4.0322581e-001 -9.6774194e-002
 -3.8709677e-001  7.2580645e-001
 -3.7096774e-001 -4.1935484e-001
 -3.5483871e-001  4.0322581e-001
 -3.3870968e-001 -7.4193548e-001
 -3.2258065e-001  8.0645161e-002
 -3.0645161e-001  9.0322581e-001
 -2.9032258e-001 -2.4193548e-001
 -2.7419355e-001  5.8064516e-001
 -2.5806452e-001 -5.6451613e-001
 -2.4193548e-001  2.5806452e-001
 -2.2580645e-001 -8.8709677e-001
 -2.0967742e-001 -6.4516129e-002
 -1.9354839e-001  7.5806452e-001
 -1.7741935e-001 -3.8709677e-001
 -1.6129032e-001  4.3548387e-001
 -1.4516129e-001 -7.0967742e-001
 -1.2903226e-001  1.1290323e-001
 -1.1290323e-001  9.3548387e-001
 -9.6774194e-002 -2.0967742e-001
 -8.0645161e-002  6.1290323e-001
 -6.4516129e-002 -5.3225806e-001
 -4.8387097e-002  2.9032258e-001
 -3.2258065e-002 -8.5483871e-001
 -1.6129032e-002 -3.2258065e-002
  0.0000000e+000  7.9032258e-001
  1.6129032e-002 -3.5483871e-001
  3.2258065e-002  4.6774194e-001
  4.8387097e-002 -6.7741935e-001
  6.4516129e-002  1.4516129e-001
  8.0645161e-002  9.6774194e-001
  9.6774194e-002 -1.0000000e+000
  1.1290323e-001 -1.7741935e-001
  1.2903226e-001  6.4516129e-001
  1.4516129e-001 -5.0000000e-001
  1.6129032e-001  3.2258065e-001
  1.7741935e-001 -8.2258065e-001
  1.9354839e-001  0.0000000e+000
  2.0967742e-001  8.2258065e-001
  2.2580645e-001 -3.2258065e-001
  2.4193548e-001  5.0000000e-001
  2.5806452e-001 -6.4516129e-001
  2.7419355e-001  1.7741935e-001
  2.9032258e-001  1.0000000e+000
  3.0645161e-001 -9.6774194e-001
  3.2258065e-001 -1.4516129e-001
  3.3870968e-001  6.7741935e-001
  3.5483871e-001 -4.6774194e-001
  3.7096774e-001  3.5483871e-001
  3.8709677e-001 -7.9032258e-001
  4.0322581e-001  3.2258065e-002
  4.1935484e-001  8.5483871e-001
  4.3548387e-001 -2.9032258e-001
  4.5161290e-001  5.3225806e-001
  4.6774194e-001 -6.1290323e-001
  4.8387097e-001  2.0967742e-001
  5.0000000e-001 -9.3548387e-001
  5.1612903e-001 -1.1290323e-001
  5.3225806e-001  7.0967742e-001
  5.4838710e-001 -4.3548387e-001
  5.6451613e-001  3.8709677e-001
  5.8064516e-001 -7.5806452e-001
  5.9677419e-001  6.4516129e-002
  6.1290323e-001  8.8709677e-001
  6.2903226e-001 -2.5806452e-001
  6.4516129e-001  5.6451613e-001
  6.6129032e-001 -5.8064516e-001
  6.7741935e-001  2.4193548e-001
  6.9354839e-001 -9.0322581e-001
  7.0967742e-001 -8.0645161e-002
  7.2580645e-001  7.4193548e-001
  7.4193548e-001 -4.0322581e-001
  7.5806452e-001  4.1935484e-001
  7.7419355e-001 -7.2580645e-001
  7.9032258e-001  9.6774194e-002
  8.0645161e-001  9.1935484e-001
  8.2258065e-001 -2.2580645e-001
  8.3870968e-001  5.9677419e-001
  8.5483871e-001 -5.4838710e-001
  8.7096774e-001  2.7419355e-001
  8.8709677e-001 -8.7096774e-001
  9.0322581e-001 -4.8387097e-002
  9.1935484e-001  7.7419355e-001
  9.3548387e-001 -3.7096774e-001
  9.5161290e-001  4.5161290e-001
  9.6774194e-001 -6.9354839e-001
  9.8387097e-001  1.2903226e-001
  1.0000000e+000  9.5161290e-001
