 -1.0000000e+000 -8.5026738e-001
 -9.8930481e-001 -6.8983957e-001
 -9.7860963e-001 -5.2941176e-001
 -9.6791444e-001 -3.6898396e-001
 -9.5721925e-001 -2.0855615e-001
 -9.4652406e-001 -4.8128342e-002
 -9.3582888e-001  1.1229947e-001
 -9.2513369e-001  2.7272727e-001
 -9.1443850e-001  4.3315508e-001
 -9.0374332e-001  5.9358289e-001
 -8.9304813e-001  7.5401070e-001
 -8.8235294e-001  9.1443850e-001
 -8.7165775e-001 -9.3582888e-001
 -8.6096257e-001 -7.7540107e-001
 -8.5026738e-001 -6.1497326e-001
 -8.3957219e-001 -4.5454545e-001
 -8.2887701e-001 -2.9411765e-001
 -8.1818182e-001 -1.3368984e-001
 -8.0748663e-001  2.6737968e-002
 -7.9679144e-001  1.8716578e-001
 -7.8609626e-001  3.4759358e-001
 -7.7540107e-001  5.0802139e-001
 -7.6470588e-001  6.6844920e-001
 -7.5401070e-001  8.2887701e-001
 -7.4331551e-001  9.8930481e-001
 -7.3262032e-001 -8.6096257e-001
 -7.2192513e-001 -7.0053476e-001
 -7.1122995e-001 -5.4010695e-001
 -7.0053476e-001 -3.7967914e-001
 -6.8983957e-001 -2.1925134e-001
 -6.7914439e-001 -5.8823529e-002
 -6.6844920e-001  1.0160428e-001
 -6.5775401e-001  2.6203209e-001
 -6.4705882e-001  4.2245989e-001
 -6.3636364e-001  5.8288770e-001
 -6.2566845e-001  7.4331551e-001
 -6.1497326e-001  9.0374332e-001
 -6.0427807e-001 -9.4652406e-001
 -5.9358289e-001 -7.8609626e-001
 -5.8288770e-001 -6.2566845e-001
 -5.7219251e-001 -4.6524064e-001
 -5.6149733e-001 -3.0481283e-001
 -5.5080214e-001 -1.4438503e-001
 -5.4010695e-001  1.6042781e-002
 -5.2941176e-001  1.7647059e-001
 -5.1871658e-001  3.3689840e-001
 -5.0802139e-001  4.9732620e-001
 -4.9732620e-001  6.5775401e-001
 -4.8663102e-001  8.1818182e-001
 -4.7593583e-001  9.7860963e-001
 -4.6524064e-001 -8.7165775e-001
 -4.5454545e-001 -7.1122995e-001
 -4.4385027e-001 -5.5080214e-001
 -4.3315508e-001 -3.9037433e-001
 -4.2245989e-001 -2.2994652e-001
 -4.1176471e-001 -6.9518717e-002
 -4.0106952e-001  9.0909091e-002
 -3.9037433e-001  2.5133690e-001
 -3.7967914e-001  4.1176471e-001
 -3.6898396e-001  5.7219251e-001
 -3.5828877e-001  7.3262032e-001
 -3.4759358e-001  8.9304813e-001
 -3.3689840e-001 -9.5721925e-001
 -3.2620321e-001 -7.9679144e-001
 -3.1550802e-001 -6.3636364e-001
 -3.0481283e-001 -4.7593583e-001
 -2.9411765e-001 -3.1550802e-001
 -2.8342246e-001 -1.5508021e-001
 -2.7272727e-001  5.3475936e-003
 -2.6203209e-001  1.6577540e-001
 -2.5133690e-001  3.2620321e-001
 -2.4064171e-001  4.8663102e-001
 -2.2994652e-001  6.4705882e-001
 -2.1925134e-001  8.0748663e-001
 -2.0855615e-001  9.6791444e-001
 -1.9786096e-001 -8.8235294e-001
 -1.8716578e-001 -7.2192513e-001
 -1.7647059e-001 -5.6149733e-001
 -1.6577540e-001 -4.0106952e-001
 -1.5508021e-001 -2.4064171e-001
 -1.4438503e-001 -8.0213904e-002
 -1.3368984e-001  8.0213904e-002
 -1.2299465e-001  2.4064171e-001
 -1.1229947e-001  4.0106952e-001
 -1.0160428e-001  5.6149733e-001
 -9.0909091e-002  7.2192513e-001
 -8.0213904e-002  8.8235294e-001
 -6.9518717e-002 -9.6791444e-001
 -5.8823529e-002 -8.0748663e-001
 -4.8128342e-002 -6.4705882e-001
 -3.7433155e-002 -4.8663102e-001
 -2.6737968e-002 -3.2620321e-001
 -1.6042781e-002 -1.6577540e-001
 -5.3475936e-003 -5.3475936e-003
  5.3475936e-003  1.5508021e-001
  1.6042781e-002  3.1550802e-001
  2.6737968e-002  4.7593583e-001
  3.7433155e-002  6.3636364e-001
  4.8128342e-002  7.9679144e-001
  5.8823529e-002  9.5721925e-001
  6.9518717e-002 -8.9304813e-001
  8.0213904e-002 -7.3262032e-001
  9.0909091e-002 -5.7219251e-001
  1.0160428e-001 -4.1176471e-001
  1.1229947e-001 -2.5133690e-001
  1.2299465e-001 -9.0909091e-002
  1.3368984e-001  6.9518717e-002
  1.4438503e-001  2.2994652e-001
  1.5508021e-001  3.9037433e-001
  1.6577540e-001  5.5080214e-001
  1.7647059e-001  7.1122995e-001
  1.8716578e-001  8.7165775e-001
  1.9786096e-001 -9.7860963e-001
  2.0855615e-001 -8.1818182e-001
  2.1925134e-001 -6.5775401e-001
  2.2994652e-001 -4.9732620e-001
  2.4064171e-001 -3.3689840e-001
  2.5133690e-001 -1.7647059e-001
  2.6203209e-001 -1.6042781e-002
  2.7272727e-001  1.4438503e-001
  2.8342246e-001  3.0481283e-001
  2.9411765e-001  4.6524064e-001
  3.0481283e-001  6.2566845e-001
  3.1550802e-001  7.8609626e-001
  3.2620321e-001  9.4652406e-001
  3.3689840e-001 -9.0374332e-001
  3.4759358e-001 -7.4331551e-001
  3.5828877e-001 -5.8288770e-001
  3.6898396e-001 -4.2245989e-001
  3.7967914e-001 -2.6203209e-001
  3.9037433e-001 -1.0160428e-001
  4.0106952e-001  5.8823529e-002
  4.1176471e-001  2.1925134e-001
  4.2245989e-001  3.7967914e-001
  4.3315508e-001  5.4010695e-001
  4.4385027e-001  7.0053476e-001
  4.5454545e-001  8.6096257e-001
  4.6524064e-001 -9.8930481e-001
  4.7593583e-001 -8.2887701e-001
  4.8663102e-001 -6.6844920e-001
  4.9732620e-001 -5.0802139e-001
  5.0802139e-001 -3.4759358e-001
  5.1871658e-001 -1.8716578e-001
  5.2941176e-001 -2.6737968e-002
  5.4010695e-001  1.3368984e-001
  5.5080214e-001  2.9411765e-001
  5.6149733e-001  4.5454545e-001
  5.7219251e-001  6.1497326e-001
  5.8288770e-001  7.7540107e-001
  5.9358289e-001  9.3582888e-001
  6.0427807e-001 -9.1443850e-001
  6.1497326e-001 -7.5401070e-001
  6.2566845e-001 -5.9358289e-001
  6.3636364e-001 -4.3315508e-001
  6.4705882e-001 -2.7272727e-001
  6.5775401e-001 -1.1229947e-001
  6.6844920e-001  4.8128342e-002
  6.7914439e-001  2.0855615e-001
  6.8983957e-001  3.6898396e-001
  7.0053476e-001  5.2941176e-001
  7.1122995e-001  6.8983957e-001
  7.2192513e-001  8.5026738e-001
  7.3262032e-001 -1.0000000e+000
  7.4331551e-001 -8.3957219e-001
  7.5401070e-001 -6.7914439e-001
  7.6470588e-001 -5.1871658e-001
  7.7540107e-001 -3.5828877e-001
  7.8609626e-001 -1.9786096e-001
  7.9679144e-001 -3.7433155e-002
  8.0748663e-001  1.2299465e-001
  8.1818182e-001  2.8342246e-001
  8.2887701e-001  4.4385027e-001
  8.3957219e-001  6.0427807e-001
  8.5026738e-001  7.6470588e-001
  8.6096257e-001  9.2513369e-001
  8.7165775e-001 -9.2513369e-001
  8.8235294e-001 -7.6470588e-001
  8.9304813e-001 -6.0427807e-001
  9.0374332e-001 -4.4385027e-001
  9.1443850e-001 -2.8342246e-001
  9.2513369e-001 -1.2299465e-001
  9.3582888e-001  3.7433155e-002
  9.4652406e-001  1.9786096e-001
  9.5721925e-001  3.5828877e-001
  9.6791444e-001  5.1871658e-001
  9.7860963e-001  6.7914439e-001
  9.8930481e-001  8.3957219e-001
  1.0000000e+000  1.0000000e+000
