 -1.0000000e+000 -4.8223350e-001
 -9.8984772e-001  4.5685279e-002
 -9.7969543e-001  5.7360406e-001
 -9.6954315e-001 -8.6802030e-001
 -9.5939086e-001 -3.4010152e-001
 -9.4923858e-001  1.8781726e-001
 -9.3908629e-001  7.1573604e-001
 -9.2893401e-001 -7.2588832e-001
 -9.1878173e-001 -1.9796954e-001
 -9.0862944e-001  3.2994924e-001
 -8.9847716e-001  8.5786802e-001
 -8.8832487e-001 -5.8375635e-001
 -8.7817259e-001 -5.5837563e-002
 -8.6802030e-001  4.7208122e-001
 -8.5786802e-001  1.0000000e+000
 -8.4771574e-001 -9.6954315e-001
 -8.3756345e-001 -4.4162437e-001
 -8.2741117e-001  8.6294416e-002
 -8.1725888e-001  6.1421320e-001
 -8.0710660e-001 -8.2741117e-001
 -7.9695431e-001 -2.9949239e-001
 -7.8680203e-001  2.2842640e-001
 -7.7664975e-001  7.5634518e-001
 -7.6649746e-001 -6.8527919e-001
 -7.5634518e-001 -1.5736041e-001
 -7.4619289e-001  3.7055838e-001
 -7.3604061e-001  8.9847716e-001
 -7.2588832e-001 -5.4314721e-001
 -7.1573604e-001 -1.5228426e-002
 -7.0558376e-001  5.1269036e-001
 -6.9543147e-001 -9.2893401e-001
 -6.8527919e-001 -4.0101523e-001
 -6.7512690e-001  1.2690355e-001
 -6.6497462e-001  6.5482234e-001
 -6.5482234e-001 -7.8680203e-001
 -6.4467005e-001 -2.5888325e-001
 -6.3451777e-001  2.6903553e-001
 -6.2436548e-001  7.9695431e-001
 -6.1421320e-001 -6.4467005e-001
 -6.0406091e-001 -1.1675127e-001
 -5.9390863e-001  4.1116751e-001
 -5.8375635e-001  9.3908629e-001
 -5.7360406e-001 -5.0253807e-001
 -5.6345178e-001  2.5380711e-002
 -5.5329949e-001  5.5329949e-001
 -5.4314721e-001 -8.8832487e-001
 -5.3299492e-001 -3.6040609e-001
 -5.2284264e-001  1.6751269e-001
 -5.1269036e-001  6.9543147e-001
 -5.0253807e-001 -7.4619289e-001
 -4.9238579e-001 -2.1827411e-001
 -4.8223350e-001  3.0964467e-001
 -4.7208122e-001  8.3756345e-001
 -4.6192893e-001 -6.0406091e-001
 -4.5177665e-001 -7.6142132e-002
 -4.4162437e-001  4.5177665e-001
 -4.3147208e-001  9.7969543e-001
 -4.2131980e-001 -9.8984772e-001
 -4.1116751e-001 -4.6192893e-001
 -4.0101523e-001  6.5989848e-002
 -3.9086294e-001  5.9390863e-001
 -3.8071066e-001 -8.4771574e-001
 -3.7055838e-001 -3.1979695e-001
 -3.6040609e-001  2.0812183e-001
 -3.5025381e-001  7.3604061e-001
 -3.4010152e-001 -7.0558376e-001
 -3.2994924e-001 -1.7766497e-001
 -3.1979695e-001  3.5025381e-001
 -3.0964467e-001  8.7817259e-001
 -2.9949239e-001 -5.6345178e-001
 -2.8934010e-001 -3.5532995e-002
 -2.7918782e-001  4.9238579e-001
 -2.6903553e-001 -9.4923858e-001
 -2.5888325e-001 -4.2131980e-001
 -2.4873096e-001  1.0659898e-001
 -2.3857868e-001  6.3451777e-001
 -2.2842640e-001 -8.0710660e-001
 -2.1827411e-001 -2.7918782e-001
 -2.0812183e-001  2.4873096e-001
 -1.9796954e-001  7.7664975e-001
 -1.8781726e-001 -6.6497462e-001
 -1.7766497e-001 -1.3705584e-001
 -1.6751269e-001  3.9086294e-001
 -1.5736041e-001  9.1878173e-001
 -1.4720812e-001 -5.2284264e-001
 -1.3705584e-001  5.0761421e-003
 -1.2690355e-001  5.3299492e-001
 -1.1675127e-001 -9.0862944e-001
 -1.0659898e-001 -3.8071066e-001
 -9.6446701e-002  1.4720812e-001
 -8.6294416e-002  6.7512690e-001
 -7.6142132e-002 -7.6649746e-001
 -6.5989848e-002 -2.3857868e-001
 -5.5837563e-002  2.8934010e-001
 -4.5685279e-002  8.1725888e-001
 -3.5532995e-002 -6.2436548e-001
 -2.5380711e-002 -9.6446701e-002
 -1.5228426e-002  4.3147208e-001
 -5.0761421e-003  9.5939086e-001
  5.0761421e-003 -1.0000000e+000
  1.5228426e-002 -4.7208122e-001
  2.5380711e-002  5.5837563e-002
  3.5532995e-002  5.8375635e-001
  4.5685279e-002 -8.5786802e-001
  5.5837563e-002 -3.2994924e-001
  6.5989848e-002  1.9796954e-001
  7.6142132e-002  7.2588832e-001
  8.6294416e-002 -7.1573604e-001
  9.6446701e-002 -1.8781726e-001
  1.0659898e-001  3.4010152e-001
  1.1675127e-001  8.6802030e-001
  1.2690355e-001 -5.7360406e-001
  1.3705584e-001 -4.5685279e-002
  1.4720812e-001  4.8223350e-001
  1.5736041e-001 -9.5939086e-001
  1.6751269e-001 -4.3147208e-001
  1.7766497e-001  9.6446701e-002
  1.8781726e-001  6.2436548e-001
  1.9796954e-001 -8.1725888e-001
  2.0812183e-001 -2.8934010e-001
  2.1827411e-001  2.3857868e-001
  2.2842640e-001  7.6649746e-001
  2.3857868e-001 -6.7512690e-001
  2.4873096e-001 -1.4720812e-001
  2.5888325e-001  3.8071066e-001
  2.6903553e-001  9.0862944e-001
  2.7918782e-001 -5.3299492e-001
  2.8934010e-001 -5.0761421e-003
  2.9949239e-001  5.2284264e-001
  3.0964467e-001 -9.1878173e-001
  3.1979695e-001 -3.9086294e-001
  3.2994924e-001  1.3705584e-001
  3.4010152e-001  6.6497462e-001
  3.5025381e-001 -7.7664975e-001
  3.6040609e-001 -2.4873096e-001
  3.7055838e-001  2.7918782e-001
  3.8071066e-001  8.0710660e-001
  3.9086294e-001 -6.3451777e-001
  4.0101523e-001 -1.0659898e-001
  4.1116751e-001  4.2131980e-001
  4.2131980e-001  9.4923858e-001
  4.3147208e-001 -4.9238579e-001
  4.4162437e-001  3.5532995e-002
  4.5177665e-001  5.6345178e-001
  4.6192893e-001 -8.7817259e-001
  4.7208122e-001 -3.5025381e-001
  4.8223350e-001  1.7766497e-001
  4.9238579e-001  7.0558376e-001
  5.0253807e-001 -7.3604061e-001
  5.1269036e-001 -2.0812183e-001
  5.2284264e-001  3.1979695e-001
  5.3299492e-001  8.4771574e-001
  5.4314721e-001 -5.9390863e-001
  5.5329949e-001 -6.5989848e-002
  5.6345178e-001  4.6192893e-001
  5.7360406e-001  9.8984772e-001
  5.8375635e-001 -9.7969543e-001
  5.9390863e-001 -4.5177665e-001
  6.0406091e-001  7.6142132e-002
  6.1421320e-001  6.0406091e-001
  6.2436548e-001 -8.3756345e-001
  6.3451777e-001 -3.0964467e-001
  6.4467005e-001  2.1827411e-001
  6.5482234e-001  7.4619289e-001
  6.6497462e-001 -6.9543147e-001
  6.7512690e-001 -1.6751269e-001
  6.8527919e-001  3.6040609e-001
  6.9543147e-001  8.8832487e-001
  7.0558376e-001 -5.5329949e-001
  7.1573604e-001 -2.5380711e-002
  7.2588832e-001  5.0253807e-001
  7.3604061e-001 -9.3908629e-001
  7.4619289e-001 -4.1116751e-001
  7.5634518e-001  1.1675127e-001
  7.6649746e-001  6.4467005e-001
  7.7664975e-001 -7.9695431e-001
  7.8680203e-001 -2.6903553e-001
  7.9695431e-001  2.5888325e-001
  8.0710660e-001  7.8680203e-001
  8.1725888e-001 -6.5482234e-001
  8.2741117e-001 -1.2690355e-001
  8.3756345e-001  4.0101523e-001
  8.4771574e-001  9.2893401e-001
  8.5786802e-001 -5.1269036e-001
  8.6802030e-001  1.5228426e-002
  8.7817259e-001  5.4314721e-001
  8.8832487e-001 -8.9847716e-001
  8.9847716e-001 -3.7055838e-001
  9.0862944e-001  1.5736041e-001
  9.1878173e-001  6.8527919e-001
  9.2893401e-001 -7.5634518e-001
  9.3908629e-001 -2.2842640e-001
  9.4923858e-001  2.9949239e-001
  9.5939086e-001  8.2741117e-001
  9.6954315e-001 -6.1421320e-001
  9.7969543e-001 -8.6294416e-002
  9.8984772e-001  4.4162437e-001
  1.0000000e+000  9.6954315e-001
