 -1.0000000e+000 -8.3850932e-001
 -9.8757764e-001 -6.6459627e-001
 -9.7515528e-001 -4.9068323e-001
 -9.6273292e-001 -3.1677019e-001
 -9.5031056e-001 -1.4285714e-001
 -9.3788820e-001  3.1055901e-002
 -9.2546584e-001  2.0496894e-001
 -9.1304348e-001  3.7888199e-001
 -9.0062112e-001  5.5279503e-001
 -8.8819876e-001  7.2670807e-001
 -8.7577640e-001  9.0062112e-001
 -8.6335404e-001 -9.3788820e-001
 -8.5093168e-001 -7.6397516e-001
 -8.3850932e-001 -5.9006211e-001
 -8.2608696e-001 -4.1614907e-001
 -8.1366460e-001 -2.4223602e-001
 -8.0124224e-001 -6.8322981e-002
 -7.8881988e-001  1.0559006e-001
 -7.7639752e-001  2.7950311e-001
 -7.6397516e-001  4.5341615e-001
 -7.5155280e-001  6.2732919e-001
 -7.3913043e-001  8.0124224e-001
 -7.2670807e-001  9.7515528e-001
 -7.1428571e-001 -8.6335404e-001
 -7.0186335e-001 -6.8944099e-001
 -6.8944099e-001 -5.1552795e-001
 -6.7701863e-001 -3.4161491e-001
 -6.6459627e-001 -1.6770186e-001
 -6.5217391e-001  6.2111801e-003
 -6.3975155e-001  1.8012422e-001
 -6.2732919e-001  3.5403727e-001
 -6.1490683e-001  5.2795031e-001
 -6.0248447e-001  7.0186335e-001
 -5.9006211e-001  8.7577640e-001
 -5.7763975e-001 -9.6273292e-001
 -5.6521739e-001 -7.8881988e-001
 -5.5279503e-001 -6.1490683e-001
 -5.4037267e-001 -4.4099379e-001
 -5.2795031e-001 -2.6708075e-001
 -5.1552795e-001 -9.3167702e-002
 -5.0310559e-001  8.0745342e-002
 -4.9068323e-001  2.5465839e-001
 -4.7826087e-001  4.2857143e-001
 -4.6583851e-001  6.0248447e-001
 -4.5341615e-001  7.7639752e-001
 -4.4099379e-001  9.5031056e-001
 -4.2857143e-001 -8.8819876e-001
 -4.1614907e-001 -7.1428571e-001
 -4.0372671e-001 -5.4037267e-001
 -3.9130435e-001 -3.6645963e-001
 -3.7888199e-001 -1.9254658e-001
 -3.6645963e-001 -1.8633540e-002
 -3.5403727e-001  1.5527950e-001
 -3.4161491e-001  3.2919255e-001
 -3.2919255e-001  5.0310559e-001
 -3.1677019e-001  6.7701863e-001
 -3.0434783e-001  8.5093168e-001
 -2.9192547e-001 -9.8757764e-001
 -2.7950311e-001 -8.1366460e-001
 -2.6708075e-001 -6.3975155e-001
 -2.5465839e-001 -4.6583851e-001
 -2.4223602e-001 -2.9192547e-001
 -2.2981366e-001 -1.1801242e-001
 -2.1739130e-001  5.5900621e-002
 -2.0496894e-001  2.2981366e-001
 -1.9254658e-001  4.0372671e-001
 -1.8012422e-001  5.7763975e-001
 -1.6770186e-001  7.5155280e-001
 -1.5527950e-001  9.2546584e-001
 -1.4285714e-001 -9.1304348e-001
 -1.3043478e-001 -7.3913043e-001
 -1.1801242e-001 -5.6521739e-001
 -1.0559006e-001 -3.9130435e-001
 -9.3167702e-002 -2.1739130e-001
 -8.0745342e-002 -4.3478261e-002
 -6.8322981e-002  1.3043478e-001
 -5.5900621e-002  3.0434783e-001
 -4.3478261e-002  4.7826087e-001
 -3.1055901e-002  6.5217391e-001
 -1.8633540e-002  8.2608696e-001
 -6.2111801e-003  1.0000000e+000
  6.2111801e-003 -1.0000000e+000
  1.8633540e-002 -8.2608696e-001
  3.1055901e-002 -6.5217391e-001
  4.3478261e-002 -4.7826087e-001
  5.5900621e-002 -3.0434783e-001
  6.8322981e-002 -1.3043478e-001
  8.0745342e-002  4.3478261e-002
  9.3167702e-002  2.1739130e-001
  1.0559006e-001  3.9130435e-001
  1.1801242e-001  5.6521739e-001
  1.3043478e-001  7.3913043e-001
  1.4285714e-001  9.1304348e-001
  1.5527950e-001 -9.2546584e-001
  1.6770186e-001 -7.5155280e-001
  1.8012422e-001 -5.7763975e-001
  1.9254658e-001 -4.0372671e-001
  2.0496894e-001 -2.2981366e-001
  2.1739130e-001 -5.5900621e-002
  2.2981366e-001  1.1801242e-001
  2.4223602e-001  2.9192547e-001
  2.5465839e-001  4.6583851e-001
  2.6708075e-001  6.3975155e-001
  2.7950311e-001  8.1366460e-001
  2.9192547e-001  9.8757764e-001
  3.0434783e-001 -8.5093168e-001
  3.1677019e-001 -6.7701863e-001
  3.2919255e-001 -5.0310559e-001
  3.4161491e-001 -3.2919255e-001
  3.5403727e-001 -1.5527950e-001
  3.6645963e-001  1.8633540e-002
  3.7888199e-001  1.9254658e-001
  3.9130435e-001  3.6645963e-001
  4.0372671e-001  5.4037267e-001
  4.1614907e-001  7.1428571e-001
  4.2857143e-001  8.8819876e-001
  4.4099379e-001 -9.5031056e-001
  4.5341615e-001 -7.7639752e-001
  4.6583851e-001 -6.0248447e-001
  4.7826087e-001 -4.2857143e-001
  4.9068323e-001 -2.5465839e-001
  5.0310559e-001 -8.0745342e-002
  5.1552795e-001  9.3167702e-002
  5.2795031e-001  2.6708075e-001
  5.4037267e-001  4.4099379e-001
  5.5279503e-001  6.1490683e-001
  5.6521739e-001  7.8881988e-001
  5.7763975e-001  9.6273292e-001
  5.9006211e-001 -8.7577640e-001
  6.0248447e-001 -7.0186335e-001
  6.1490683e-001 -5.2795031e-001
  6.2732919e-001 -3.5403727e-001
  6.3975155e-001 -1.8012422e-001
  6.5217391e-001 -6.2111801e-003
  6.6459627e-001  1.6770186e-001
  6.7701863e-001  3.4161491e-001
  6.8944099e-001  5.1552795e-001
  7.0186335e-001  6.8944099e-001
  7.1428571e-001  8.6335404e-001
  7.2670807e-001 -9.7515528e-001
  7.3913043e-001 -8.0124224e-001
  7.5155280e-001 -6.2732919e-001
  7.6397516e-001 -4.5341615e-001
  7.7639752e-001 -2.7950311e-001
  7.8881988e-001 -1.0559006e-001
  8.0124224e-001  6.8322981e-002
  8.1366460e-001  2.4223602e-001
  8.2608696e-001  4.1614907e-001
  8.3850932e-001  5.9006211e-001
  8.5093168e-001  7.6397516e-001
  8.6335404e-001  9.3788820e-001
  8.7577640e-001 -9.0062112e-001
  8.8819876e-001 -7.2670807e-001
  9.0062112e-001 -5.5279503e-001
  9.1304348e-001 -3.7888199e-001
  9.2546584e-001 -2.0496894e-001
  9.3788820e-001 -3.1055901e-002
  9.5031056e-001  1.4285714e-001
  9.6273292e-001  3.1677019e-001
  9.7515528e-001  4.9068323e-001
  9.8757764e-001  6.6459627e-001
  1.0000000e+000  8.3850932e-001
