 -1.0000000e+000 -2.4657534e-001
 -9.8630137e-001  5.2054795e-001
 -9.7260274e-001 -7.1232877e-001
 -9.5890411e-001  5.4794521e-002
 -9.4520548e-001  8.2191781e-001
 -9.3150685e-001 -4.1095890e-001
 -9.1780822e-001  3.5616438e-001
 -9.0410959e-001 -8.7671233e-001
 -8.9041096e-001 -1.0958904e-001
 -8.7671233e-001  6.5753425e-001
 -8.6301370e-001 -5.7534247e-001
 -8.4931507e-001  1.9178082e-001
 -8.3561644e-001  9.5890411e-001
 -8.2191781e-001 -2.7397260e-001
 -8.0821918e-001  4.9315068e-001
 -7.9452055e-001 -7.3972603e-001
 -7.8082192e-001  2.7397260e-002
 -7.6712329e-001  7.9452055e-001
 -7.5342466e-001 -4.3835616e-001
 -7.3972603e-001  3.2876712e-001
 -7.2602740e-001 -9.0410959e-001
 -7.1232877e-001 -1.3698630e-001
 -6.9863014e-001  6.3013699e-001
 -6.8493151e-001 -6.0273973e-001
 -6.7123288e-001  1.6438356e-001
 -6.5753425e-001  9.3150685e-001
 -6.4383562e-001 -3.0136986e-001
 -6.3013699e-001  4.6575342e-001
 -6.1643836e-001 -7.6712329e-001
 -6.0273973e-001  0.0000000e+000
 -5.8904110e-001  7.6712329e-001
 -5.7534247e-001 -4.6575342e-001
 -5.6164384e-001  3.0136986e-001
 -5.4794521e-001 -9.3150685e-001
 -5.3424658e-001 -1.6438356e-001
 -5.2054795e-001  6.0273973e-001
 -5.0684932e-001 -6.3013699e-001
 -4.9315068e-001  1.3698630e-001
 -4.7945205e-001  9.0410959e-001
 -4.6575342e-001 -3.2876712e-001
 -4.5205479e-001  4.3835616e-001
 -4.3835616e-001 -7.9452055e-001
 -4.2465753e-001 -2.7397260e-002
 -4.1095890e-001  7.3972603e-001
 -3.9726027e-001 -4.9315068e-001
 -3.8356164e-001  2.7397260e-001
 -3.6986301e-001 -9.5890411e-001
 -3.5616438e-001 -1.9178082e-001
 -3.4246575e-001  5.7534247e-001
 -3.2876712e-001 -6.5753425e-001
 -3.1506849e-001  1.0958904e-001
 -3.0136986e-001  8.7671233e-001
 -2.8767123e-001 -3.5616438e-001
 -2.7397260e-001  4.1095890e-001
 -2.6027397e-001 -8.2191781e-001
 -2.4657534e-001 -5.4794521e-002
 -2.3287671e-001  7.1232877e-001
 -2.1917808e-001 -5.2054795e-001
 -2.0547945e-001  2.4657534e-001
 -1.9178082e-001 -9.8630137e-001
 -1.7808219e-001 -2.1917808e-001
 -1.6438356e-001  5.4794521e-001
 -1.5068493e-001 -6.8493151e-001
 -1.3698630e-001  8.2191781e-002
 -1.2328767e-001  8.4931507e-001
 -1.0958904e-001 -3.8356164e-001
 -9.5890411e-002  3.8356164e-001
 -8.2191781e-002 -8.4931507e-001
 -6.8493151e-002 -8.2191781e-002
 -5.4794521e-002  6.8493151e-001
 -4.1095890e-002 -5.4794521e-001
 -2.7397260e-002  2.1917808e-001
 -1.3698630e-002  9.8630137e-001
  0.0000000e+000 -1.0000000e+000
  1.3698630e-002 -2.3287671e-001
  2.7397260e-002  5.3424658e-001
  4.1095890e-002 -6.9863014e-001
  5.4794521e-002  6.8493151e-002
  6.8493151e-002  8.3561644e-001
  8.2191781e-002 -3.9726027e-001
  9.5890411e-002  3.6986301e-001
  1.0958904e-001 -8.6301370e-001
  1.2328767e-001 -9.5890411e-002
  1.3698630e-001  6.7123288e-001
  1.5068493e-001 -5.6164384e-001
  1.6438356e-001  2.0547945e-001
  1.7808219e-001  9.7260274e-001
  1.9178082e-001 -2.6027397e-001
  2.0547945e-001  5.0684932e-001
  2.1917808e-001 -7.2602740e-001
  2.3287671e-001  4.1095890e-002
  2.4657534e-001  8.0821918e-001
  2.6027397e-001 -4.2465753e-001
  2.7397260e-001  3.4246575e-001
  2.8767123e-001 -8.9041096e-001
  3.0136986e-001 -1.2328767e-001
  3.1506849e-001  6.4383562e-001
  3.2876712e-001 -5.8904110e-001
  3.4246575e-001  1.7808219e-001
  3.5616438e-001  9.4520548e-001
  3.6986301e-001 -2.8767123e-001
  3.8356164e-001  4.7945205e-001
  3.9726027e-001 -7.5342466e-001
  4.1095890e-001  1.3698630e-002
  4.2465753e-001  7.8082192e-001
  4.3835616e-001 -4.5205479e-001
  4.5205479e-001  3.1506849e-001
  4.6575342e-001 -9.1780822e-001
  4.7945205e-001 -1.5068493e-001
  4.9315068e-001  6.1643836e-001
  5.0684932e-001 -6.1643836e-001
  5.2054795e-001  1.5068493e-001
  5.3424658e-001  9.1780822e-001
  5.4794521e-001 -3.1506849e-001
  5.6164384e-001  4.5205479e-001
  5.7534247e-001 -7.8082192e-001
  5.8904110e-001 -1.3698630e-002
  6.0273973e-001  7.5342466e-001
  6.1643836e-001 -4.7945205e-001
  6.3013699e-001  2.8767123e-001
  6.4383562e-001 -9.4520548e-001
  6.5753425e-001 -1.7808219e-001
  6.7123288e-001  5.8904110e-001
  6.8493151e-001 -6.4383562e-001
  6.9863014e-001  1.2328767e-001
  7.1232877e-001  8.9041096e-001
  7.2602740e-001 -3.4246575e-001
  7.3972603e-001  4.2465753e-001
  7.5342466e-001 -8.0821918e-001
  7.6712329e-001 -4.1095890e-002
  7.8082192e-001  7.2602740e-001
  7.9452055e-001 -5.0684932e-001
  8.0821918e-001  2.6027397e-001
  8.2191781e-001 -9.7260274e-001
  8.3561644e-001 -2.0547945e-001
  8.4931507e-001  5.6164384e-001
  8.6301370e-001 -6.7123288e-001
  8.7671233e-001  9.5890411e-002
  8.9041096e-001  8.6301370e-001
  9.0410959e-001 -3.6986301e-001
  9.1780822e-001  3.9726027e-001
  9.3150685e-001 -8.3561644e-001
  9.4520548e-001 -6.8493151e-002
  9.5890411e-001  6.9863014e-001
  9.7260274e-001 -5.3424658e-001
  9.8630137e-001  2.3287671e-001
  1.0000000e+000  1.0000000e+000
