 -1.0000000e+000 -3.2773109e-001
 -9.8319328e-001  3.6134454e-001
 -9.6638655e-001 -8.3193277e-001
 -9.4957983e-001 -1.4285714e-001
 -9.3277311e-001  5.4621849e-001
 -9.1596639e-001 -6.4705882e-001
 -8.9915966e-001  4.2016807e-002
 -8.8235294e-001  7.3109244e-001
 -8.6554622e-001 -4.6218487e-001
 -8.4873950e-001  2.2689076e-001
 -8.3193277e-001  9.1596639e-001
 -8.1512605e-001 -9.6638655e-001
 -7.9831933e-001 -2.7731092e-001
 -7.8151261e-001  4.1176471e-001
 -7.6470588e-001 -7.8151261e-001
 -7.4789916e-001 -9.2436975e-002
 -7.3109244e-001  5.9663866e-001
 -7.1428571e-001 -5.9663866e-001
 -6.9747899e-001  9.2436975e-002
 -6.8067227e-001  7.8151261e-001
 -6.6386555e-001 -4.1176471e-001
 -6.4705882e-001  2.7731092e-001
 -6.3025210e-001  9.6638655e-001
 -6.1344538e-001 -9.1596639e-001
 -5.9663866e-001 -2.2689076e-001
 -5.7983193e-001  4.6218487e-001
 -5.6302521e-001 -7.3109244e-001
 -5.4621849e-001 -4.2016807e-002
 -5.2941176e-001  6.4705882e-001
 -5.1260504e-001 -5.4621849e-001
 -4.9579832e-001  1.4285714e-001
 -4.7899160e-001  8.3193277e-001
 -4.6218487e-001 -3.6134454e-001
 -4.4537815e-001  3.2773109e-001
 -4.2857143e-001 -8.6554622e-001
 -4.1176471e-001 -1.7647059e-001
 -3.9495798e-001  5.1260504e-001
 -3.7815126e-001 -6.8067227e-001
 -3.6134454e-001  8.4033613e-003
 -3.4453782e-001  6.9747899e-001
 -3.2773109e-001 -4.9579832e-001
 -3.1092437e-001  1.9327731e-001
 -2.9411765e-001  8.8235294e-001
 -2.7731092e-001 -1.0000000e+000
 -2.6050420e-001 -3.1092437e-001
 -2.4369748e-001  3.7815126e-001
 -2.2689076e-001 -8.1512605e-001
 -2.1008403e-001 -1.2605042e-001
 -1.9327731e-001  5.6302521e-001
 -1.7647059e-001 -6.3025210e-001
 -1.5966387e-001  5.8823529e-002
 -1.4285714e-001  7.4789916e-001
 -1.2605042e-001 -4.4537815e-001
 -1.0924370e-001  2.4369748e-001
 -9.2436975e-002  9.3277311e-001
 -7.5630252e-002 -9.4957983e-001
 -5.8823529e-002 -2.6050420e-001
 -4.2016807e-002  4.2857143e-001
 -2.5210084e-002 -7.6470588e-001
 -8.4033613e-003 -7.5630252e-002
  8.4033613e-003  6.1344538e-001
  2.5210084e-002 -5.7983193e-001
  4.2016807e-002  1.0924370e-001
  5.8823529e-002  7.9831933e-001
  7.5630252e-002 -3.9495798e-001
  9.2436975e-002  2.9411765e-001
  1.0924370e-001  9.8319328e-001
  1.2605042e-001 -8.9915966e-001
  1.4285714e-001 -2.1008403e-001
  1.5966387e-001  4.7899160e-001
  1.7647059e-001 -7.1428571e-001
  1.9327731e-001 -2.5210084e-002
  2.1008403e-001  6.6386555e-001
  2.2689076e-001 -5.2941176e-001
  2.4369748e-001  1.5966387e-001
  2.6050420e-001  8.4873950e-001
  2.7731092e-001 -3.4453782e-001
  2.9411765e-001  3.4453782e-001
  3.1092437e-001 -8.4873950e-001
  3.2773109e-001 -1.5966387e-001
  3.4453782e-001  5.2941176e-001
  3.6134454e-001 -6.6386555e-001
  3.7815126e-001  2.5210084e-002
  3.9495798e-001  7.1428571e-001
  4.1176471e-001 -4.7899160e-001
  4.2857143e-001  2.1008403e-001
  4.4537815e-001  8.9915966e-001
  4.6218487e-001 -9.8319328e-001
  4.7899160e-001 -2.9411765e-001
  4.9579832e-001  3.9495798e-001
  5.1260504e-001 -7.9831933e-001
  5.2941176e-001 -1.0924370e-001
  5.4621849e-001  5.7983193e-001
  5.6302521e-001 -6.1344538e-001
  5.7983193e-001  7.5630252e-002
  5.9663866e-001  7.6470588e-001
  6.1344538e-001 -4.2857143e-001
  6.3025210e-001  2.6050420e-001
  6.4705882e-001  9.4957983e-001
  6.6386555e-001 -9.3277311e-001
  6.8067227e-001 -2.4369748e-001
  6.9747899e-001  4.4537815e-001
  7.1428571e-001 -7.4789916e-001
  7.3109244e-001 -5.8823529e-002
  7.4789916e-001  6.3025210e-001
  7.6470588e-001 -5.6302521e-001
  7.8151261e-001  1.2605042e-001
  7.9831933e-001  8.1512605e-001
  8.1512605e-001 -3.7815126e-001
  8.3193277e-001  3.1092437e-001
  8.4873950e-001  1.0000000e+000
  8.6554622e-001 -8.8235294e-001
  8.8235294e-001 -1.9327731e-001
  8.9915966e-001  4.9579832e-001
  9.1596639e-001 -6.9747899e-001
  9.3277311e-001 -8.4033613e-003
  9.4957983e-001  6.8067227e-001
  9.6638655e-001 -5.1260504e-001
  9.8319328e-001  1.7647059e-001
  1.0000000e+000  8.6554622e-001
