 -1.0000000e+000 -5.4838710e-001
 -9.8709677e-001 -8.3870968e-002
 -9.7419355e-001  3.8064516e-001
 -9.6129032e-001  8.4516129e-001
 -9.4838710e-001 -7.1612903e-001
 -9.3548387e-001 -2.5161290e-001
 -9.2258065e-001  2.1290323e-001
 -9.0967742e-001  6.7741935e-001
 -8.9677419e-001 -8.8387097e-001
 -8.8387097e-001 -4.1935484e-001
 -8.7096774e-001  4.5161290e-002
 -8.5806452e-001  5.0967742e-001
 -8.4516129e-001  9.7419355e-001
 -8.3225806e-001 -5.8709677e-001
 -8.1935484e-001 -1.2258065e-001
 -8.0645161e-001  3.4193548e-001
 -7.9354839e-001  8.0645161e-001
 -7.8064516e-001 -7.5483871e-001
 -7.6774194e-001 -2.9032258e-001
 -7.5483871e-001  1.7419355e-001
 -7.4193548e-001  6.3870968e-001
 -7.2903226e-001 -9.2258065e-001
 -7.1612903e-001 -4.5806452e-001
 -7.0322581e-001  6.4516129e-003
 -6.9032258e-001  4.7096774e-001
 -6.7741935e-001  9.3548387e-001
 -6.6451613e-001 -6.2580645e-001
 -6.5161290e-001 -1.6129032e-001
 -6.3870968e-001  3.0322581e-001
 -6.2580645e-001  7.6774194e-001
 -6.1290323e-001 -7.9354839e-001
 -6.0000000e-001 -3.2903226e-001
 -5.8709677e-001  1.3548387e-001
 -5.7419355e-001  6.0000000e-001
 -5.6129032e-001 -9.6129032e-001
 -5.4838710e-001 -4.9677419e-001
 -5.3548387e-001 -3.2258065e-002
 -5.2258065e-001  4.3225806e-001
 -5.0967742e-001  8.9677419e-001
 -4.9677419e-001 -6.6451613e-001
 -4.8387097e-001 -2.0000000e-001
 -4.7096774e-001  2.6451613e-001
 -4.5806452e-001  7.2903226e-001
 -4.4516129e-001 -8.3225806e-001
 -4.3225806e-001 -3.6774194e-001
 -4.1935484e-001  9.6774194e-002
 -4.0645161e-001  5.6129032e-001
 -3.9354839e-001 -1.0000000e+000
 -3.8064516e-001 -5.3548387e-001
 -3.6774194e-001 -7.0967742e-002
 -3.5483871e-001  3.9354839e-001
 -3.4193548e-001  8.5806452e-001
 -3.2903226e-001 -7.0322581e-001
 -3.1612903e-001 -2.3870968e-001
 -3.0322581e-001  2.2580645e-001
 -2.9032258e-001  6.9032258e-001
 -2.7741935e-001 -8.7096774e-001
 -2.6451613e-001 -4.0645161e-001
 -2.5161290e-001  5.8064516e-002
 -2.3870968e-001  5.2258065e-001
 -2.2580645e-001  9.8709677e-001
 -2.1290323e-001 -5.7419355e-001
 -2.0000000e-001 -1.0967742e-001
 -1.8709677e-001  3.5483871e-001
 -1.7419355e-001  8.1935484e-001
 -1.6129032e-001 -7.4193548e-001
 -1.4838710e-001 -2.7741935e-001
 -1.3548387e-001  1.8709677e-001
 -1.2258065e-001  6.5161290e-001
 -1.0967742e-001 -9.0967742e-001
 -9.6774194e-002 -4.4516129e-001
 -8.3870968e-002  1.9354839e-002
 -7.0967742e-002  4.8387097e-001
 -5.8064516e-002  9.4838710e-001
 -4.5161290e-002 -6.1290323e-001
 -3.2258065e-002 -1.4838710e-001
 -1.9354839e-002  3.1612903e-001
 -6.4516129e-003  7.8064516e-001
  6.4516129e-003 -7.8064516e-001
  1.9354839e-002 -3.1612903e-001
  3.2258065e-002  1.4838710e-001
  4.5161290e-002  6.1290323e-001
  5.8064516e-002 -9.4838710e-001
  7.0967742e-002 -4.8387097e-001
  8.3870968e-002 -1.9354839e-002
  9.6774194e-002  4.4516129e-001
  1.0967742e-001  9.0967742e-001
  1.2258065e-001 -6.5161290e-001
  1.3548387e-001 -1.8709677e-001
  1.4838710e-001  2.7741935e-001
  1.6129032e-001  7.4193548e-001
  1.7419355e-001 -8.1935484e-001
  1.8709677e-001 -3.5483871e-001
  2.0000000e-001  1.0967742e-001
  2.1290323e-001  5.7419355e-001
  2.2580645e-001 -9.8709677e-001
  2.3870968e-001 -5.2258065e-001
  2.5161290e-001 -5.8064516e-002
  2.6451613e-001  4.0645161e-001
  2.7741935e-001  8.7096774e-001
  2.9032258e-001 -6.9032258e-001
  3.0322581e-001 -2.2580645e-001
  3.1612903e-001  2.3870968e-001
  3.2903226e-001  7.0322581e-001
  3.4193548e-001 -8.5806452e-001
  3.5483871e-001 -3.9354839e-001
  3.6774194e-001  7.0967742e-002
  3.8064516e-001  5.3548387e-001
  3.9354839e-001  1.0000000e+000
  4.0645161e-001 -5.6129032e-001
  4.1935484e-001 -9.6774194e-002
  4.3225806e-001  3.6774194e-001
  4.4516129e-001  8.3225806e-001
  4.5806452e-001 -7.2903226e-001
  4.7096774e-001 -2.6451613e-001
  4.8387097e-001  2.0000000e-001
  4.9677419e-001  6.6451613e-001
  5.0967742e-001 -8.9677419e-001
  5.2258065e-001 -4.3225806e-001
  5.3548387e-001  3.2258065e-002
  5.4838710e-001  4.9677419e-001
  5.6129032e-001  9.6129032e-001
  5.7419355e-001 -6.0000000e-001
  5.8709677e-001 -1.3548387e-001
  6.0000000e-001  3.2903226e-001
  6.1290323e-001  7.9354839e-001
  6.2580645e-001 -7.6774194e-001
  6.3870968e-001 -3.0322581e-001
  6.5161290e-001  1.6129032e-001
  6.6451613e-001  6.2580645e-001
  6.7741935e-001 -9.3548387e-001
  6.9032258e-001 -4.7096774e-001
  7.0322581e-001 -6.4516129e-003
  7.1612903e-001  4.5806452e-001
  7.2903226e-001  9.2258065e-001
  7.4193548e-001 -6.3870968e-001
  7.5483871e-001 -1.7419355e-001
  7.6774194e-001  2.9032258e-001
  7.8064516e-001  7.5483871e-001
  7.9354839e-001 -8.0645161e-001
  8.0645161e-001 -3.4193548e-001
  8.1935484e-001  1.2258065e-001
  8.3225806e-001  5.8709677e-001
  8.4516129e-001 -9.7419355e-001
  8.5806452e-001 -5.0967742e-001
  8.7096774e-001 -4.5161290e-002
  8.8387097e-001  4.1935484e-001
  8.9677419e-001  8.8387097e-001
  9.0967742e-001 -6.7741935e-001
  9.2258065e-001 -2.1290323e-001
  9.3548387e-001  2.5161290e-001
  9.4838710e-001  7.1612903e-001
  9.6129032e-001 -8.4516129e-001
  9.7419355e-001 -3.8064516e-001
  9.8709677e-001  8.3870968e-002
  1.0000000e+000  5.4838710e-001
