 -1.0000000e+000 -4.7422680e-001
 -9.8969072e-001  6.1855670e-002
 -9.7938144e-001  5.9793814e-001
 -9.6907216e-001 -8.6597938e-001
 -9.5876289e-001 -3.2989691e-001
 -9.4845361e-001  2.0618557e-001
 -9.3814433e-001  7.4226804e-001
 -9.2783505e-001 -7.2164948e-001
 -9.1752577e-001 -1.8556701e-001
 -9.0721649e-001  3.5051546e-001
 -8.9690722e-001  8.8659794e-001
 -8.8659794e-001 -5.7731959e-001
 -8.7628866e-001 -4.1237113e-002
 -8.6597938e-001  4.9484536e-001
 -8.5567010e-001 -9.6907216e-001
 -8.4536082e-001 -4.3298969e-001
 -8.3505155e-001  1.0309278e-001
 -8.2474227e-001  6.3917526e-001
 -8.1443299e-001 -8.2474227e-001
 -8.0412371e-001 -2.8865979e-001
 -7.9381443e-001  2.4742268e-001
 -7.8350515e-001  7.8350515e-001
 -7.7319588e-001 -6.8041237e-001
 -7.6288660e-001 -1.4432990e-001
 -7.5257732e-001  3.9175258e-001
 -7.4226804e-001  9.2783505e-001
 -7.3195876e-001 -5.3608247e-001
 -7.2164948e-001  0.0000000e+000
 -7.1134021e-001  5.3608247e-001
 -7.0103093e-001 -9.2783505e-001
 -6.9072165e-001 -3.9175258e-001
 -6.8041237e-001  1.4432990e-001
 -6.7010309e-001  6.8041237e-001
 -6.5979381e-001 -7.8350515e-001
 -6.4948454e-001 -2.4742268e-001
 -6.3917526e-001  2.8865979e-001
 -6.2886598e-001  8.2474227e-001
 -6.1855670e-001 -6.3917526e-001
 -6.0824742e-001 -1.0309278e-001
 -5.9793814e-001  4.3298969e-001
 -5.8762887e-001  9.6907216e-001
 -5.7731959e-001 -4.9484536e-001
 -5.6701031e-001  4.1237113e-002
 -5.5670103e-001  5.7731959e-001
 -5.4639175e-001 -8.8659794e-001
 -5.3608247e-001 -3.5051546e-001
 -5.2577320e-001  1.8556701e-001
 -5.1546392e-001  7.2164948e-001
 -5.0515464e-001 -7.4226804e-001
 -4.9484536e-001 -2.0618557e-001
 -4.8453608e-001  3.2989691e-001
 -4.7422680e-001  8.6597938e-001
 -4.6391753e-001 -5.9793814e-001
 -4.5360825e-001 -6.1855670e-002
 -4.4329897e-001  4.7422680e-001
 -4.3298969e-001 -9.8969072e-001
 -4.2268041e-001 -4.5360825e-001
 -4.1237113e-001  8.2474227e-002
 -4.0206186e-001  6.1855670e-001
 -3.9175258e-001 -8.4536082e-001
 -3.8144330e-001 -3.0927835e-001
 -3.7113402e-001  2.2680412e-001
 -3.6082474e-001  7.6288660e-001
 -3.5051546e-001 -7.0103093e-001
 -3.4020619e-001 -1.6494845e-001
 -3.2989691e-001  3.7113402e-001
 -3.1958763e-001  9.0721649e-001
 -3.0927835e-001 -5.5670103e-001
 -2.9896907e-001 -2.0618557e-002
 -2.8865979e-001  5.1546392e-001
 -2.7835052e-001 -9.4845361e-001
 -2.6804124e-001 -4.1237113e-001
 -2.5773196e-001  1.2371134e-001
 -2.4742268e-001  6.5979381e-001
 -2.3711340e-001 -8.0412371e-001
 -2.2680412e-001 -2.6804124e-001
 -2.1649485e-001  2.6804124e-001
 -2.0618557e-001  8.0412371e-001
 -1.9587629e-001 -6.5979381e-001
 -1.8556701e-001 -1.2371134e-001
 -1.7525773e-001  4.1237113e-001
 -1.6494845e-001  9.4845361e-001
 -1.5463918e-001 -5.1546392e-001
 -1.4432990e-001  2.0618557e-002
 -1.3402062e-001  5.5670103e-001
 -1.2371134e-001 -9.0721649e-001
 -1.1340206e-001 -3.7113402e-001
 -1.0309278e-001  1.6494845e-001
 -9.2783505e-002  7.0103093e-001
 -8.2474227e-002 -7.6288660e-001
 -7.2164948e-002 -2.2680412e-001
 -6.1855670e-002  3.0927835e-001
 -5.1546392e-002  8.4536082e-001
 -4.1237113e-002 -6.1855670e-001
 -3.0927835e-002 -8.2474227e-002
 -2.0618557e-002  4.5360825e-001
 -1.0309278e-002  9.8969072e-001
  0.0000000e+000 -1.0000000e+000
  1.0309278e-002 -4.6391753e-001
  2.0618557e-002  7.2164948e-002
  3.0927835e-002  6.0824742e-001
  4.1237113e-002 -8.5567010e-001
  5.1546392e-002 -3.1958763e-001
  6.1855670e-002  2.1649485e-001
  7.2164948e-002  7.5257732e-001
  8.2474227e-002 -7.1134021e-001
  9.2783505e-002 -1.7525773e-001
  1.0309278e-001  3.6082474e-001
  1.1340206e-001  8.9690722e-001
  1.2371134e-001 -5.6701031e-001
  1.3402062e-001 -3.0927835e-002
  1.4432990e-001  5.0515464e-001
  1.5463918e-001 -9.5876289e-001
  1.6494845e-001 -4.2268041e-001
  1.7525773e-001  1.1340206e-001
  1.8556701e-001  6.4948454e-001
  1.9587629e-001 -8.1443299e-001
  2.0618557e-001 -2.7835052e-001
  2.1649485e-001  2.5773196e-001
  2.2680412e-001  7.9381443e-001
  2.3711340e-001 -6.7010309e-001
  2.4742268e-001 -1.3402062e-001
  2.5773196e-001  4.0206186e-001
  2.6804124e-001  9.3814433e-001
  2.7835052e-001 -5.2577320e-001
  2.8865979e-001  1.0309278e-002
  2.9896907e-001  5.4639175e-001
  3.0927835e-001 -9.1752577e-001
  3.1958763e-001 -3.8144330e-001
  3.2989691e-001  1.5463918e-001
  3.4020619e-001  6.9072165e-001
  3.5051546e-001 -7.7319588e-001
  3.6082474e-001 -2.3711340e-001
  3.7113402e-001  2.9896907e-001
  3.8144330e-001  8.3505155e-001
  3.9175258e-001 -6.2886598e-001
  4.0206186e-001 -9.2783505e-002
  4.1237113e-001  4.4329897e-001
  4.2268041e-001  9.7938144e-001
  4.3298969e-001 -4.8453608e-001
  4.4329897e-001  5.1546392e-002
  4.5360825e-001  5.8762887e-001
  4.6391753e-001 -8.7628866e-001
  4.7422680e-001 -3.4020619e-001
  4.8453608e-001  1.9587629e-001
  4.9484536e-001  7.3195876e-001
  5.0515464e-001 -7.3195876e-001
  5.1546392e-001 -1.9587629e-001
  5.2577320e-001  3.4020619e-001
  5.3608247e-001  8.7628866e-001
  5.4639175e-001 -5.8762887e-001
  5.5670103e-001 -5.1546392e-002
  5.6701031e-001  4.8453608e-001
  5.7731959e-001 -9.7938144e-001
  5.8762887e-001 -4.4329897e-001
  5.9793814e-001  9.2783505e-002
  6.0824742e-001  6.2886598e-001
  6.1855670e-001 -8.3505155e-001
  6.2886598e-001 -2.9896907e-001
  6.3917526e-001  2.3711340e-001
  6.4948454e-001  7.7319588e-001
  6.5979381e-001 -6.9072165e-001
  6.7010309e-001 -1.5463918e-001
  6.8041237e-001  3.8144330e-001
  6.9072165e-001  9.1752577e-001
  7.0103093e-001 -5.4639175e-001
  7.1134021e-001 -1.0309278e-002
  7.2164948e-001  5.2577320e-001
  7.3195876e-001 -9.3814433e-001
  7.4226804e-001 -4.0206186e-001
  7.5257732e-001  1.3402062e-001
  7.6288660e-001  6.7010309e-001
  7.7319588e-001 -7.9381443e-001
  7.8350515e-001 -2.5773196e-001
  7.9381443e-001  2.7835052e-001
  8.0412371e-001  8.1443299e-001
  8.1443299e-001 -6.4948454e-001
  8.2474227e-001 -1.1340206e-001
  8.3505155e-001  4.2268041e-001
  8.4536082e-001  9.5876289e-001
  8.5567010e-001 -5.0515464e-001
  8.6597938e-001  3.0927835e-002
  8.7628866e-001  5.6701031e-001
  8.8659794e-001 -8.9690722e-001
  8.9690722e-001 -3.6082474e-001
  9.0721649e-001  1.7525773e-001
  9.1752577e-001  7.1134021e-001
  9.2783505e-001 -7.5257732e-001
  9.3814433e-001 -2.1649485e-001
  9.4845361e-001  3.1958763e-001
  9.5876289e-001  8.5567010e-001
  9.6907216e-001 -6.0824742e-001
  9.7938144e-001 -7.2164948e-002
  9.8969072e-001  4.6391753e-001
  1.0000000e+000  1.0000000e+000
