 -1.0000000e+000 -7.2413793e-001
 -9.6551724e-001 -4.1379310e-001
 -9.3103448e-001 -1.0344828e-001
 -8.9655172e-001  2.0689655e-001
 -8.6206897e-001  5.1724138e-001
 -8.2758621e-001  8.2758621e-001
 -7.9310345e-001 -8.9655172e-001
 -7.5862069e-001 -5.8620690e-001
 -7.2413793e-001 -2.7586207e-001
 -6.8965517e-001  3.4482759e-002
 -6.5517241e-001  3.4482759e-001
 -6.2068966e-001  6.5517241e-001
 -5.8620690e-001  9.6551724e-001
 -5.5172414e-001 -7.5862069e-001
 -5.1724138e-001 -4.4827586e-001
 -4.8275862e-001 -1.3793103e-001
 -4.4827586e-001  1.7241379e-001
 -4.1379310e-001  4.8275862e-001
 -3.7931034e-001  7.9310345e-001
 -3.4482759e-001 -9.3103448e-001
 -3.1034483e-001 -6.2068966e-001
 -2.7586207e-001 -3.1034483e-001
 -2.4137931e-001  0.0000000e+000
 -2.0689655e-001  3.1034483e-001
 -1.7241379e-001  6.2068966e-001
 -1.3793103e-001  9.3103448e-001
 -1.0344828e-001 -7.9310345e-001
 -6.8965517e-002 -4.8275862e-001
 -3.4482759e-002 -1.7241379e-001
  0.0000000e+000  1.3793103e-001
  3.4482759e-002  4.4827586e-001
  6.8965517e-002  7.5862069e-001
  1.0344828e-001 -9.6551724e-001
  1.3793103e-001 -6.5517241e-001
  1.7241379e-001 -3.4482759e-001
  2.0689655e-001 -3.4482759e-002
  2.4137931e-001  2.7586207e-001
  2.7586207e-001  5.8620690e-001
  3.1034483e-001  8.9655172e-001
  3.4482759e-001 -8.2758621e-001
  3.7931034e-001 -5.1724138e-001
  4.1379310e-001 -2.0689655e-001
  4.4827586e-001  1.0344828e-001
  4.8275862e-001  4.1379310e-001
  5.1724138e-001  7.2413793e-001
  5.5172414e-001 -1.0000000e+000
  5.8620690e-001 -6.8965517e-001
  6.2068966e-001 -3.7931034e-001
  6.5517241e-001 -6.8965517e-002
  6.8965517e-001  2.4137931e-001
  7.2413793e-001  5.5172414e-001
  7.5862069e-001  8.6206897e-001
  7.9310345e-001 -8.6206897e-001
  8.2758621e-001 -5.5172414e-001
  8.6206897e-001 -2.4137931e-001
  8.9655172e-001  6.8965517e-002
  9.3103448e-001  3.7931034e-001
  9.6551724e-001  6.8965517e-001
  1.0000000e+000  1.0000000e+000
