 -1.0000000e+000 -7.8260870e-001
 -9.7826087e-001 -5.4347826e-001
 -9.5652174e-001 -3.0434783e-001
 -9.3478261e-001 -6.5217391e-002
 -9.1304348e-001  1.7391304e-001
 -8.9130435e-001  4.1304348e-001
 -8.6956522e-001  6.5217391e-001
 -8.4782609e-001  8.9130435e-001
 -8.2608696e-001 -9.1304348e-001
 -8.0434783e-001 -6.7391304e-001
 -7.8260870e-001 -4.3478261e-001
 -7.6086957e-001 -1.9565217e-001
 -7.3913043e-001  4.3478261e-002
 -7.1739130e-001  2.8260870e-001
 -6.9565217e-001  5.2173913e-001
 -6.7391304e-001  7.6086957e-001
 -6.5217391e-001  1.0000000e+000
 -6.3043478e-001 -8.0434783e-001
 -6.0869565e-001 -5.6521739e-001
 -5.8695652e-001 -3.2608696e-001
 -5.6521739e-001 -8.6956522e-002
 -5.4347826e-001  1.5217391e-001
 -5.2173913e-001  3.9130435e-001
 -5.0000000e-001  6.3043478e-001
 -4.7826087e-001  8.6956522e-001
 -4.5652174e-001 -9.3478261e-001
 -4.3478261e-001 -6.9565217e-001
 -4.1304348e-001 -4.5652174e-001
 -3.9130435e-001 -2.1739130e-001
 -3.6956522e-001  2.1739130e-002
 -3.4782609e-001  2.6086957e-001
 -3.2608696e-001  5.0000000e-001
 -3.0434783e-001  7.3913043e-001
 -2.8260870e-001  9.7826087e-001
 -2.6086957e-001 -8.2608696e-001
 -2.3913043e-001 -5.8695652e-001
 -2.1739130e-001 -3.4782609e-001
 -1.9565217e-001 -1.0869565e-001
 -1.7391304e-001  1.3043478e-001
 -1.5217391e-001  3.6956522e-001
 -1.3043478e-001  6.0869565e-001
 -1.0869565e-001  8.4782609e-001
 -8.6956522e-002 -9.5652174e-001
 -6.5217391e-002 -7.1739130e-001
 -4.3478261e-002 -4.7826087e-001
 -2.1739130e-002 -2.3913043e-001
  0.0000000e+000  0.0000000e+000
  2.1739130e-002  2.3913043e-001
  4.3478261e-002  4.7826087e-001
  6.5217391e-002  7.1739130e-001
  8.6956522e-002  9.5652174e-001
  1.0869565e-001 -8.4782609e-001
  1.3043478e-001 -6.0869565e-001
  1.5217391e-001 -3.6956522e-001
  1.7391304e-001 -1.3043478e-001
  1.9565217e-001  1.0869565e-001
  2.1739130e-001  3.4782609e-001
  2.3913043e-001  5.8695652e-001
  2.6086957e-001  8.2608696e-001
  2.8260870e-001 -9.7826087e-001
  3.0434783e-001 -7.3913043e-001
  3.2608696e-001 -5.0000000e-001
  3.4782609e-001 -2.6086957e-001
  3.6956522e-001 -2.1739130e-002
  3.9130435e-001  2.1739130e-001
  4.1304348e-001  4.5652174e-001
  4.3478261e-001  6.9565217e-001
  4.5652174e-001  9.3478261e-001
  4.7826087e-001 -8.6956522e-001
  5.0000000e-001 -6.3043478e-001
  5.2173913e-001 -3.9130435e-001
  5.4347826e-001 -1.5217391e-001
  5.6521739e-001  8.6956522e-002
  5.8695652e-001  3.2608696e-001
  6.0869565e-001  5.6521739e-001
  6.3043478e-001  8.0434783e-001
  6.5217391e-001 -1.0000000e+000
  6.7391304e-001 -7.6086957e-001
  6.9565217e-001 -5.2173913e-001
  7.1739130e-001 -2.8260870e-001
  7.3913043e-001 -4.3478261e-002
  7.6086957e-001  1.9565217e-001
  7.8260870e-001  4.3478261e-001
  8.0434783e-001  6.7391304e-001
  8.2608696e-001  9.1304348e-001
  8.4782609e-001 -8.9130435e-001
  8.6956522e-001 -6.5217391e-001
  8.9130435e-001 -4.1304348e-001
  9.1304348e-001 -1.7391304e-001
  9.3478261e-001  6.5217391e-002
  9.5652174e-001  3.0434783e-001
  9.7826087e-001  5.4347826e-001
  1.0000000e+000  7.8260870e-001
