 -1.0000000e+000 -6.9230769e-001
 -9.4871795e-001 -3.3333333e-001
 -8.9743590e-001  2.5641026e-002
 -8.4615385e-001  3.8461538e-001
 -7.9487179e-001  7.4358974e-001
 -7.4358974e-001 -8.9743590e-001
 -6.9230769e-001 -5.3846154e-001
 -6.4102564e-001 -1.7948718e-001
 -5.8974359e-001  1.7948718e-001
 -5.3846154e-001  5.3846154e-001
 -4.8717949e-001  8.9743590e-001
 -4.3589744e-001 -7.4358974e-001
 -3.8461538e-001 -3.8461538e-001
 -3.3333333e-001 -2.5641026e-002
 -2.8205128e-001  3.3333333e-001
 -2.3076923e-001  6.9230769e-001
 -1.7948718e-001 -9.4871795e-001
 -1.2820513e-001 -5.8974359e-001
 -7.6923077e-002 -2.3076923e-001
 -2.5641026e-002  1.2820513e-001
  2.5641026e-002  4.8717949e-001
  7.6923077e-002  8.4615385e-001
  1.2820513e-001 -7.9487179e-001
  1.7948718e-001 -4.3589744e-001
  2.3076923e-001 -7.6923077e-002
  2.8205128e-001  2.8205128e-001
  3.3333333e-001  6.4102564e-001
  3.8461538e-001  1.0000000e+000
  4.3589744e-001 -1.0000000e+000
  4.8717949e-001 -6.4102564e-001
  5.3846154e-001 -2.8205128e-001
  5.8974359e-001  7.6923077e-002
  6.4102564e-001  4.3589744e-001
  6.9230769e-001  7.9487179e-001
  7.4358974e-001 -8.4615385e-001
  7.9487179e-001 -4.8717949e-001
  8.4615385e-001 -1.2820513e-001
  8.9743590e-001  2.3076923e-001
  9.4871795e-001  5.8974359e-001
  1.0000000e+000  9.4871795e-001
