 -1.0000000e+000 -8.3076923e-001
 -9.8461538e-001 -6.4615385e-001
 -9.6923077e-001 -4.6153846e-001
 -9.5384615e-001 -2.7692308e-001
 -9.3846154e-001 -9.2307692e-002
 -9.2307692e-001  9.2307692e-002
 -9.0769231e-001  2.7692308e-001
 -8.9230769e-001  4.6153846e-001
 -8.7692308e-001  6.4615385e-001
 -8.6153846e-001  8.3076923e-001
 -8.4615385e-001 -9.3846154e-001
 -8.3076923e-001 -7.5384615e-001
 -8.1538462e-001 -5.6923077e-001
 -8.0000000e-001 -3.8461538e-001
 -7.8461538e-001 -2.0000000e-001
 -7.6923077e-001 -1.5384615e-002
 -7.5384615e-001  1.6923077e-001
 -7.3846154e-001  3.5384615e-001
 -7.2307692e-001  5.3846154e-001
 -7.0769231e-001  7.2307692e-001
 -6.9230769e-001  9.0769231e-001
 -6.7692308e-001 -8.6153846e-001
 -6.6153846e-001 -6.7692308e-001
 -6.4615385e-001 -4.9230769e-001
 -6.3076923e-001 -3.0769231e-001
 -6.1538462e-001 -1.2307692e-001
 -6.0000000e-001  6.1538462e-002
 -5.8461538e-001  2.4615385e-001
 -5.6923077e-001  4.3076923e-001
 -5.5384615e-001  6.1538462e-001
 -5.3846154e-001  8.0000000e-001
 -5.2307692e-001  9.8461538e-001
 -5.0769231e-001 -9.6923077e-001
 -4.9230769e-001 -7.8461538e-001
 -4.7692308e-001 -6.0000000e-001
 -4.6153846e-001 -4.1538462e-001
 -4.4615385e-001 -2.3076923e-001
 -4.3076923e-001 -4.6153846e-002
 -4.1538462e-001  1.3846154e-001
 -4.0000000e-001  3.2307692e-001
 -3.8461538e-001  5.0769231e-001
 -3.6923077e-001  6.9230769e-001
 -3.5384615e-001  8.7692308e-001
 -3.3846154e-001 -8.9230769e-001
 -3.2307692e-001 -7.0769231e-001
 -3.0769231e-001 -5.2307692e-001
 -2.9230769e-001 -3.3846154e-001
 -2.7692308e-001 -1.5384615e-001
 -2.6153846e-001  3.0769231e-002
 -2.4615385e-001  2.1538462e-001
 -2.3076923e-001  4.0000000e-001
 -2.1538462e-001  5.8461538e-001
 -2.0000000e-001  7.6923077e-001
 -1.8461538e-001  9.5384615e-001
 -1.6923077e-001 -1.0000000e+000
 -1.5384615e-001 -8.1538462e-001
 -1.3846154e-001 -6.3076923e-001
 -1.2307692e-001 -4.4615385e-001
 -1.0769231e-001 -2.6153846e-001
 -9.2307692e-002 -7.6923077e-002
 -7.6923077e-002  1.0769231e-001
 -6.1538462e-002  2.9230769e-001
 -4.6153846e-002  4.7692308e-001
 -3.0769231e-002  6.6153846e-001
 -1.5384615e-002  8.4615385e-001
  0.0000000e+000 -9.2307692e-001
  1.5384615e-002 -7.3846154e-001
  3.0769231e-002 -5.5384615e-001
  4.6153846e-002 -3.6923077e-001
  6.1538462e-002 -1.8461538e-001
  7.6923077e-002  0.0000000e+000
  9.2307692e-002  1.8461538e-001
  1.0769231e-001  3.6923077e-001
  1.2307692e-001  5.5384615e-001
  1.3846154e-001  7.3846154e-001
  1.5384615e-001  9.2307692e-001
  1.6923077e-001 -8.4615385e-001
  1.8461538e-001 -6.6153846e-001
  2.0000000e-001 -4.7692308e-001
  2.1538462e-001 -2.9230769e-001
  2.3076923e-001 -1.0769231e-001
  2.4615385e-001  7.6923077e-002
  2.6153846e-001  2.6153846e-001
  2.7692308e-001  4.4615385e-001
  2.9230769e-001  6.3076923e-001
  3.0769231e-001  8.1538462e-001
  3.2307692e-001  1.0000000e+000
  3.3846154e-001 -9.5384615e-001
  3.5384615e-001 -7.6923077e-001
  3.6923077e-001 -5.8461538e-001
  3.8461538e-001 -4.0000000e-001
  4.0000000e-001 -2.1538462e-001
  4.1538462e-001 -3.0769231e-002
  4.3076923e-001  1.5384615e-001
  4.4615385e-001  3.3846154e-001
  4.6153846e-001  5.2307692e-001
  4.7692308e-001  7.0769231e-001
  4.9230769e-001  8.9230769e-001
  5.0769231e-001 -8.7692308e-001
  5.2307692e-001 -6.9230769e-001
  5.3846154e-001 -5.0769231e-001
  5.5384615e-001 -3.2307692e-001
  5.6923077e-001 -1.3846154e-001
  5.8461538e-001  4.6153846e-002
  6.0000000e-001  2.3076923e-001
  6.1538462e-001  4.1538462e-001
  6.3076923e-001  6.0000000e-001
  6.4615385e-001  7.8461538e-001
  6.6153846e-001  9.6923077e-001
  6.7692308e-001 -9.8461538e-001
  6.9230769e-001 -8.0000000e-001
  7.0769231e-001 -6.1538462e-001
  7.2307692e-001 -4.3076923e-001
  7.3846154e-001 -2.4615385e-001
  7.5384615e-001 -6.1538462e-002
  7.6923077e-001  1.2307692e-001
  7.8461538e-001  3.0769231e-001
  8.0000000e-001  4.9230769e-001
  8.1538462e-001  6.7692308e-001
  8.3076923e-001  8.6153846e-001
  8.4615385e-001 -9.0769231e-001
  8.6153846e-001 -7.2307692e-001
  8.7692308e-001 -5.3846154e-001
  8.9230769e-001 -3.5384615e-001
  9.0769231e-001 -1.6923077e-001
  9.2307692e-001  1.5384615e-002
  9.3846154e-001  2.0000000e-001
  9.5384615e-001  3.8461538e-001
  9.6923077e-001  5.6923077e-001
  9.8461538e-001  7.5384615e-001
  1.0000000e+000  9.3846154e-001
