 -1.0000000e+000 -6.5517241e-001
 -9.3103448e-001 -2.4137931e-001
 -8.6206897e-001  1.7241379e-001
 -7.9310345e-001  5.8620690e-001
 -7.2413793e-001  1.0000000e+000
 -6.5517241e-001 -9.3103448e-001
 -5.8620690e-001 -5.1724138e-001
 -5.1724138e-001 -1.0344828e-001
 -4.4827586e-001  3.1034483e-001
 -3.7931034e-001  7.2413793e-001
 -3.1034483e-001 -7.9310345e-001
 -2.4137931e-001 -3.7931034e-001
 -1.7241379e-001  3.4482759e-002
 -1.0344828e-001  4.4827586e-001
 -3.4482759e-002  8.6206897e-001
  3.4482759e-002 -1.0000000e+000
  1.0344828e-001 -5.8620690e-001
  1.7241379e-001 -1.7241379e-001
  2.4137931e-001  2.4137931e-001
  3.1034483e-001  6.5517241e-001
  3.7931034e-001 -8.6206897e-001
  4.4827586e-001 -4.4827586e-001
  5.1724138e-001 -3.4482759e-002
  5.8620690e-001  3.7931034e-001
  6.5517241e-001  7.9310345e-001
  7.2413793e-001 -7.2413793e-001
  7.9310345e-001 -3.1034483e-001
  8.6206897e-001  1.0344828e-001
  9.3103448e-001  5.1724138e-001
  1.0000000e+000  9.3103448e-001
