 -1.0000000e+000 -7.4074074e-001
 -9.6296296e-001 -4.4444444e-001
 -9.2592593e-001 -1.4814815e-001
 -8.8888889e-001  1.4814815e-001
 -8.5185185e-001  4.4444444e-001
 -8.1481481e-001  7.4074074e-001
 -7.7777778e-001 -9.2592593e-001
 -7.4074074e-001 -6.2962963e-001
 -7.0370370e-001 -3.3333333e-001
 -6.6666667e-001 -3.7037037e-002
 -6.2962963e-001  2.5925926e-001
 -5.9259259e-001  5.5555556e-001
 -5.5555556e-001  8.5185185e-001
 -5.1851852e-001 -8.1481481e-001
 -4.8148148e-001 -5.1851852e-001
 -4.4444444e-001 -2.2222222e-001
 -4.0740741e-001  7.4074074e-002
 -3.7037037e-001  3.7037037e-001
 -3.3333333e-001  6.6666667e-001
 -2.9629630e-001  9.6296296e-001
 -2.5925926e-001 -1.0000000e+000
 -2.2222222e-001 -7.0370370e-001
 -1.8518519e-001 -4.0740741e-001
 -1.4814815e-001 -1.1111111e-001
 -1.1111111e-001  1.8518519e-001
 -7.4074074e-002  4.8148148e-001
 -3.7037037e-002  7.7777778e-001
  0.0000000e+000 -8.8888889e-001
  3.7037037e-002 -5.9259259e-001
  7.4074074e-002 -2.9629630e-001
  1.1111111e-001  0.0000000e+000
  1.4814815e-001  2.9629630e-001
  1.8518519e-001  5.9259259e-001
  2.2222222e-001  8.8888889e-001
  2.5925926e-001 -7.7777778e-001
  2.9629630e-001 -4.8148148e-001
  3.3333333e-001 -1.8518519e-001
  3.7037037e-001  1.1111111e-001
  4.0740741e-001  4.0740741e-001
  4.4444444e-001  7.0370370e-001
  4.8148148e-001  1.0000000e+000
  5.1851852e-001 -9.6296296e-001
  5.5555556e-001 -6.6666667e-001
  5.9259259e-001 -3.7037037e-001
  6.2962963e-001 -7.4074074e-002
  6.6666667e-001  2.2222222e-001
  7.0370370e-001  5.1851852e-001
  7.4074074e-001  8.1481481e-001
  7.7777778e-001 -8.5185185e-001
  8.1481481e-001 -5.5555556e-001
  8.5185185e-001 -2.5925926e-001
  8.8888889e-001  3.7037037e-002
  9.2592593e-001  3.3333333e-001
  9.6296296e-001  6.2962963e-001
  1.0000000e+000  9.2592593e-001
