 -1.0000000e+000 -8.2481752e-001
 -9.8540146e-001 -6.3503650e-001
 -9.7080292e-001 -4.4525547e-001
 -9.5620438e-001 -2.5547445e-001
 -9.4160584e-001 -6.5693431e-002
 -9.2700730e-001  1.2408759e-001
 -9.1240876e-001  3.1386861e-001
 -8.9781022e-001  5.0364964e-001
 -8.8321168e-001  6.9343066e-001
 -8.6861314e-001  8.8321168e-001
 -8.5401460e-001 -9.2700730e-001
 -8.3941606e-001 -7.3722628e-001
 -8.2481752e-001 -5.4744526e-001
 -8.1021898e-001 -3.5766423e-001
 -7.9562044e-001 -1.6788321e-001
 -7.8102190e-001  2.1897810e-002
 -7.6642336e-001  2.1167883e-001
 -7.5182482e-001  4.0145985e-001
 -7.3722628e-001  5.9124088e-001
 -7.2262774e-001  7.8102190e-001
 -7.0802920e-001  9.7080292e-001
 -6.9343066e-001 -8.3941606e-001
 -6.7883212e-001 -6.4963504e-001
 -6.6423358e-001 -4.5985401e-001
 -6.4963504e-001 -2.7007299e-001
 -6.3503650e-001 -8.0291971e-002
 -6.2043796e-001  1.0948905e-001
 -6.0583942e-001  2.9927007e-001
 -5.9124088e-001  4.8905109e-001
 -5.7664234e-001  6.7883212e-001
 -5.6204380e-001  8.6861314e-001
 -5.4744526e-001 -9.4160584e-001
 -5.3284672e-001 -7.5182482e-001
 -5.1824818e-001 -5.6204380e-001
 -5.0364964e-001 -3.7226277e-001
 -4.8905109e-001 -1.8248175e-001
 -4.7445255e-001  7.2992701e-003
 -4.5985401e-001  1.9708029e-001
 -4.4525547e-001  3.8686131e-001
 -4.3065693e-001  5.7664234e-001
 -4.1605839e-001  7.6642336e-001
 -4.0145985e-001  9.5620438e-001
 -3.8686131e-001 -8.5401460e-001
 -3.7226277e-001 -6.6423358e-001
 -3.5766423e-001 -4.7445255e-001
 -3.4306569e-001 -2.8467153e-001
 -3.2846715e-001 -9.4890511e-002
 -3.1386861e-001  9.4890511e-002
 -2.9927007e-001  2.8467153e-001
 -2.8467153e-001  4.7445255e-001
 -2.7007299e-001  6.6423358e-001
 -2.5547445e-001  8.5401460e-001
 -2.4087591e-001 -9.5620438e-001
 -2.2627737e-001 -7.6642336e-001
 -2.1167883e-001 -5.7664234e-001
 -1.9708029e-001 -3.8686131e-001
 -1.8248175e-001 -1.9708029e-001
 -1.6788321e-001 -7.2992701e-003
 -1.5328467e-001  1.8248175e-001
 -1.3868613e-001  3.7226277e-001
 -1.2408759e-001  5.6204380e-001
 -1.0948905e-001  7.5182482e-001
 -9.4890511e-002  9.4160584e-001
 -8.0291971e-002 -8.6861314e-001
 -6.5693431e-002 -6.7883212e-001
 -5.1094891e-002 -4.8905109e-001
 -3.6496350e-002 -2.9927007e-001
 -2.1897810e-002 -1.0948905e-001
 -7.2992701e-003  8.0291971e-002
  7.2992701e-003  2.7007299e-001
  2.1897810e-002  4.5985401e-001
  3.6496350e-002  6.4963504e-001
  5.1094891e-002  8.3941606e-001
  6.5693431e-002 -9.7080292e-001
  8.0291971e-002 -7.8102190e-001
  9.4890511e-002 -5.9124088e-001
  1.0948905e-001 -4.0145985e-001
  1.2408759e-001 -2.1167883e-001
  1.3868613e-001 -2.1897810e-002
  1.5328467e-001  1.6788321e-001
  1.6788321e-001  3.5766423e-001
  1.8248175e-001  5.4744526e-001
  1.9708029e-001  7.3722628e-001
  2.1167883e-001  9.2700730e-001
  2.2627737e-001 -8.8321168e-001
  2.4087591e-001 -6.9343066e-001
  2.5547445e-001 -5.0364964e-001
  2.7007299e-001 -3.1386861e-001
  2.8467153e-001 -1.2408759e-001
  2.9927007e-001  6.5693431e-002
  3.1386861e-001  2.5547445e-001
  3.2846715e-001  4.4525547e-001
  3.4306569e-001  6.3503650e-001
  3.5766423e-001  8.2481752e-001
  3.7226277e-001 -9.8540146e-001
  3.8686131e-001 -7.9562044e-001
  4.0145985e-001 -6.0583942e-001
  4.1605839e-001 -4.1605839e-001
  4.3065693e-001 -2.2627737e-001
  4.4525547e-001 -3.6496350e-002
  4.5985401e-001  1.5328467e-001
  4.7445255e-001  3.4306569e-001
  4.8905109e-001  5.3284672e-001
  5.0364964e-001  7.2262774e-001
  5.1824818e-001  9.1240876e-001
  5.3284672e-001 -8.9781022e-001
  5.4744526e-001 -7.0802920e-001
  5.6204380e-001 -5.1824818e-001
  5.7664234e-001 -3.2846715e-001
  5.9124088e-001 -1.3868613e-001
  6.0583942e-001  5.1094891e-002
  6.2043796e-001  2.4087591e-001
  6.3503650e-001  4.3065693e-001
  6.4963504e-001  6.2043796e-001
  6.6423358e-001  8.1021898e-001
  6.7883212e-001  1.0000000e+000
  6.9343066e-001 -1.0000000e+000
  7.0802920e-001 -8.1021898e-001
  7.2262774e-001 -6.2043796e-001
  7.3722628e-001 -4.3065693e-001
  7.5182482e-001 -2.4087591e-001
  7.6642336e-001 -5.1094891e-002
  7.8102190e-001  1.3868613e-001
  7.9562044e-001  3.2846715e-001
  8.1021898e-001  5.1824818e-001
  8.2481752e-001  7.0802920e-001
  8.3941606e-001  8.9781022e-001
  8.5401460e-001 -9.1240876e-001
  8.6861314e-001 -7.2262774e-001
  8.8321168e-001 -5.3284672e-001
  8.9781022e-001 -3.4306569e-001
  9.1240876e-001 -1.5328467e-001
  9.2700730e-001  3.6496350e-002
  9.4160584e-001  2.2627737e-001
  9.5620438e-001  4.1605839e-001
  9.7080292e-001  6.0583942e-001
  9.8540146e-001  7.9562044e-001
  1.0000000e+000  9.8540146e-001
