 -1.0000000e+000 -8.2400000e-001
 -9.8400000e-001 -6.3200000e-001
 -9.6800000e-001 -4.4000000e-001
 -9.5200000e-001 -2.4800000e-001
 -9.3600000e-001 -5.6000000e-002
 -9.2000000e-001  1.3600000e-001
 -9.0400000e-001  3.2800000e-001
 -8.8800000e-001  5.2000000e-001
 -8.7200000e-001  7.1200000e-001
 -8.5600000e-001  9.0400000e-001
 -8.4000000e-001 -9.3600000e-001
 -8.2400000e-001 -7.4400000e-001
 -8.0800000e-001 -5.5200000e-001
 -7.9200000e-001 -3.6000000e-001
 -7.7600000e-001 -1.6800000e-001
 -7.6000000e-001  2.4000000e-002
 -7.4400000e-001  2.1600000e-001
 -7.2800000e-001  4.0800000e-001
 -7.1200000e-001  6.0000000e-001
 -6.9600000e-001  7.9200000e-001
 -6.8000000e-001  9.8400000e-001
 -6.6400000e-001 -8.5600000e-001
 -6.4800000e-001 -6.6400000e-001
 -6.3200000e-001 -4.7200000e-001
 -6.1600000e-001 -2.8000000e-001
 -6.0000000e-001 -8.8000000e-002
 -5.8400000e-001  1.0400000e-001
 -5.6800000e-001  2.9600000e-001
 -5.5200000e-001  4.8800000e-001
 -5.3600000e-001  6.8000000e-001
 -5.2000000e-001  8.7200000e-001
 -5.0400000e-001 -9.6800000e-001
 -4.8800000e-001 -7.7600000e-001
 -4.7200000e-001 -5.8400000e-001
 -4.5600000e-001 -3.9200000e-001
 -4.4000000e-001 -2.0000000e-001
 -4.2400000e-001 -8.0000000e-003
 -4.0800000e-001  1.8400000e-001
 -3.9200000e-001  3.7600000e-001
 -3.7600000e-001  5.6800000e-001
 -3.6000000e-001  7.6000000e-001
 -3.4400000e-001  9.5200000e-001
 -3.2800000e-001 -8.8800000e-001
 -3.1200000e-001 -6.9600000e-001
 -2.9600000e-001 -5.0400000e-001
 -2.8000000e-001 -3.1200000e-001
 -2.6400000e-001 -1.2000000e-001
 -2.4800000e-001  7.2000000e-002
 -2.3200000e-001  2.6400000e-001
 -2.1600000e-001  4.5600000e-001
 -2.0000000e-001  6.4800000e-001
 -1.8400000e-001  8.4000000e-001
 -1.6800000e-001 -1.0000000e+000
 -1.5200000e-001 -8.0800000e-001
 -1.3600000e-001 -6.1600000e-001
 -1.2000000e-001 -4.2400000e-001
 -1.0400000e-001 -2.3200000e-001
 -8.8000000e-002 -4.0000000e-002
 -7.2000000e-002  1.5200000e-001
 -5.6000000e-002  3.4400000e-001
 -4.0000000e-002  5.3600000e-001
 -2.4000000e-002  7.2800000e-001
 -8.0000000e-003  9.2000000e-001
  8.0000000e-003 -9.2000000e-001
  2.4000000e-002 -7.2800000e-001
  4.0000000e-002 -5.3600000e-001
  5.6000000e-002 -3.4400000e-001
  7.2000000e-002 -1.5200000e-001
  8.8000000e-002  4.0000000e-002
  1.0400000e-001  2.3200000e-001
  1.2000000e-001  4.2400000e-001
  1.3600000e-001  6.1600000e-001
  1.5200000e-001  8.0800000e-001
  1.6800000e-001  1.0000000e+000
  1.8400000e-001 -8.4000000e-001
  2.0000000e-001 -6.4800000e-001
  2.1600000e-001 -4.5600000e-001
  2.3200000e-001 -2.6400000e-001
  2.4800000e-001 -7.2000000e-002
  2.6400000e-001  1.2000000e-001
  2.8000000e-001  3.1200000e-001
  2.9600000e-001  5.0400000e-001
  3.1200000e-001  6.9600000e-001
  3.2800000e-001  8.8800000e-001
  3.4400000e-001 -9.5200000e-001
  3.6000000e-001 -7.6000000e-001
  3.7600000e-001 -5.6800000e-001
  3.9200000e-001 -3.7600000e-001
  4.0800000e-001 -1.8400000e-001
  4.2400000e-001  8.0000000e-003
  4.4000000e-001  2.0000000e-001
  4.5600000e-001  3.9200000e-001
  4.7200000e-001  5.8400000e-001
  4.8800000e-001  7.7600000e-001
  5.0400000e-001  9.6800000e-001
  5.2000000e-001 -8.7200000e-001
  5.3600000e-001 -6.8000000e-001
  5.5200000e-001 -4.8800000e-001
  5.6800000e-001 -2.9600000e-001
  5.8400000e-001 -1.0400000e-001
  6.0000000e-001  8.8000000e-002
  6.1600000e-001  2.8000000e-001
  6.3200000e-001  4.7200000e-001
  6.4800000e-001  6.6400000e-001
  6.6400000e-001  8.5600000e-001
  6.8000000e-001 -9.8400000e-001
  6.9600000e-001 -7.9200000e-001
  7.1200000e-001 -6.0000000e-001
  7.2800000e-001 -4.0800000e-001
  7.4400000e-001 -2.1600000e-001
  7.6000000e-001 -2.4000000e-002
  7.7600000e-001  1.6800000e-001
  7.9200000e-001  3.6000000e-001
  8.0800000e-001  5.5200000e-001
  8.2400000e-001  7.4400000e-001
  8.4000000e-001  9.3600000e-001
  8.5600000e-001 -9.0400000e-001
  8.7200000e-001 -7.1200000e-001
  8.8800000e-001 -5.2000000e-001
  9.0400000e-001 -3.2800000e-001
  9.2000000e-001 -1.3600000e-001
  9.3600000e-001  5.6000000e-002
  9.5200000e-001  2.4800000e-001
  9.6800000e-001  4.4000000e-001
  9.8400000e-001  6.3200000e-001
  1.0000000e+000  8.2400000e-001
