 -1.0000000e+000 -8.2222222e-001
 -9.8518519e-001 -6.2962963e-001
 -9.7037037e-001 -4.3703704e-001
 -9.5555556e-001 -2.4444444e-001
 -9.4074074e-001 -5.1851852e-002
 -9.2592593e-001  1.4074074e-001
 -9.1111111e-001  3.3333333e-001
 -8.9629630e-001  5.2592593e-001
 -8.8148148e-001  7.1851852e-001
 -8.6666667e-001  9.1111111e-001
 -8.5185185e-001 -9.2592593e-001
 -8.3703704e-001 -7.3333333e-001
 -8.2222222e-001 -5.4074074e-001
 -8.0740741e-001 -3.4814815e-001
 -7.9259259e-001 -1.5555556e-001
 -7.7777778e-001  3.7037037e-002
 -7.6296296e-001  2.2962963e-001
 -7.4814815e-001  4.2222222e-001
 -7.3333333e-001  6.1481481e-001
 -7.1851852e-001  8.0740741e-001
 -7.0370370e-001  1.0000000e+000
 -6.8888889e-001 -8.3703704e-001
 -6.7407407e-001 -6.4444444e-001
 -6.5925926e-001 -4.5185185e-001
 -6.4444444e-001 -2.5925926e-001
 -6.2962963e-001 -6.6666667e-002
 -6.1481481e-001  1.2592593e-001
 -6.0000000e-001  3.1851852e-001
 -5.8518519e-001  5.1111111e-001
 -5.7037037e-001  7.0370370e-001
 -5.5555556e-001  8.9629630e-001
 -5.4074074e-001 -9.4074074e-001
 -5.2592593e-001 -7.4814815e-001
 -5.1111111e-001 -5.5555556e-001
 -4.9629630e-001 -3.6296296e-001
 -4.8148148e-001 -1.7037037e-001
 -4.6666667e-001  2.2222222e-002
 -4.5185185e-001  2.1481481e-001
 -4.3703704e-001  4.0740741e-001
 -4.2222222e-001  6.0000000e-001
 -4.0740741e-001  7.9259259e-001
 -3.9259259e-001  9.8518519e-001
 -3.7777778e-001 -8.5185185e-001
 -3.6296296e-001 -6.5925926e-001
 -3.4814815e-001 -4.6666667e-001
 -3.3333333e-001 -2.7407407e-001
 -3.1851852e-001 -8.1481481e-002
 -3.0370370e-001  1.1111111e-001
 -2.8888889e-001  3.0370370e-001
 -2.7407407e-001  4.9629630e-001
 -2.5925926e-001  6.8888889e-001
 -2.4444444e-001  8.8148148e-001
 -2.2962963e-001 -9.5555556e-001
 -2.1481481e-001 -7.6296296e-001
 -2.0000000e-001 -5.7037037e-001
 -1.8518519e-001 -3.7777778e-001
 -1.7037037e-001 -1.8518519e-001
 -1.5555556e-001  7.4074074e-003
 -1.4074074e-001  2.0000000e-001
 -1.2592593e-001  3.9259259e-001
 -1.1111111e-001  5.8518519e-001
 -9.6296296e-002  7.7777778e-001
 -8.1481481e-002  9.7037037e-001
 -6.6666667e-002 -8.6666667e-001
 -5.1851852e-002 -6.7407407e-001
 -3.7037037e-002 -4.8148148e-001
 -2.2222222e-002 -2.8888889e-001
 -7.4074074e-003 -9.6296296e-002
  7.4074074e-003  9.6296296e-002
  2.2222222e-002  2.8888889e-001
  3.7037037e-002  4.8148148e-001
  5.1851852e-002  6.7407407e-001
  6.6666667e-002  8.6666667e-001
  8.1481481e-002 -9.7037037e-001
  9.6296296e-002 -7.7777778e-001
  1.1111111e-001 -5.8518519e-001
  1.2592593e-001 -3.9259259e-001
  1.4074074e-001 -2.0000000e-001
  1.5555556e-001 -7.4074074e-003
  1.7037037e-001  1.8518519e-001
  1.8518519e-001  3.7777778e-001
  2.0000000e-001  5.7037037e-001
  2.1481481e-001  7.6296296e-001
  2.2962963e-001  9.5555556e-001
  2.4444444e-001 -8.8148148e-001
  2.5925926e-001 -6.8888889e-001
  2.7407407e-001 -4.9629630e-001
  2.8888889e-001 -3.0370370e-001
  3.0370370e-001 -1.1111111e-001
  3.1851852e-001  8.1481481e-002
  3.3333333e-001  2.7407407e-001
  3.4814815e-001  4.6666667e-001
  3.6296296e-001  6.5925926e-001
  3.7777778e-001  8.5185185e-001
  3.9259259e-001 -9.8518519e-001
  4.0740741e-001 -7.9259259e-001
  4.2222222e-001 -6.0000000e-001
  4.3703704e-001 -4.0740741e-001
  4.5185185e-001 -2.1481481e-001
  4.6666667e-001 -2.2222222e-002
  4.8148148e-001  1.7037037e-001
  4.9629630e-001  3.6296296e-001
  5.1111111e-001  5.5555556e-001
  5.2592593e-001  7.4814815e-001
  5.4074074e-001  9.4074074e-001
  5.5555556e-001 -8.9629630e-001
  5.7037037e-001 -7.0370370e-001
  5.8518519e-001 -5.1111111e-001
  6.0000000e-001 -3.1851852e-001
  6.1481481e-001 -1.2592593e-001
  6.2962963e-001  6.6666667e-002
  6.4444444e-001  2.5925926e-001
  6.5925926e-001  4.5185185e-001
  6.7407407e-001  6.4444444e-001
  6.8888889e-001  8.3703704e-001
  7.0370370e-001 -1.0000000e+000
  7.1851852e-001 -8.0740741e-001
  7.3333333e-001 -6.1481481e-001
  7.4814815e-001 -4.2222222e-001
  7.6296296e-001 -2.2962963e-001
  7.7777778e-001 -3.7037037e-002
  7.9259259e-001  1.5555556e-001
  8.0740741e-001  3.4814815e-001
  8.2222222e-001  5.4074074e-001
  8.3703704e-001  7.3333333e-001
  8.5185185e-001  9.2592593e-001
  8.6666667e-001 -9.1111111e-001
  8.8148148e-001 -7.1851852e-001
  8.9629630e-001 -5.2592593e-001
  9.1111111e-001 -3.3333333e-001
  9.2592593e-001 -1.4074074e-001
  9.4074074e-001  5.1851852e-002
  9.5555556e-001  2.4444444e-001
  9.7037037e-001  4.3703704e-001
  9.8518519e-001  6.2962963e-001
  1.0000000e+000  8.2222222e-001
