 -1.0000000e+000 -8.5142857e-001
 -9.8857143e-001 -6.9142857e-001
 -9.7714286e-001 -5.3142857e-001
 -9.6571429e-001 -3.7142857e-001
 -9.5428571e-001 -2.1142857e-001
 -9.4285714e-001 -5.1428571e-002
 -9.3142857e-001  1.0857143e-001
 -9.2000000e-001  2.6857143e-001
 -9.0857143e-001  4.2857143e-001
 -8.9714286e-001  5.8857143e-001
 -8.8571429e-001  7.4857143e-001
 -8.7428571e-001  9.0857143e-001
 -8.6285714e-001 -9.4285714e-001
 -8.5142857e-001 -7.8285714e-001
 -8.4000000e-001 -6.2285714e-001
 -8.2857143e-001 -4.6285714e-001
 -8.1714286e-001 -3.0285714e-001
 -8.0571429e-001 -1.4285714e-001
 -7.9428571e-001  1.7142857e-002
 -7.8285714e-001  1.7714286e-001
 -7.7142857e-001  3.3714286e-001
 -7.6000000e-001  4.9714286e-001
 -7.4857143e-001  6.5714286e-001
 -7.3714286e-001  8.1714286e-001
 -7.2571429e-001  9.7714286e-001
 -7.1428571e-001 -8.7428571e-001
 -7.0285714e-001 -7.1428571e-001
 -6.9142857e-001 -5.5428571e-001
 -6.8000000e-001 -3.9428571e-001
 -6.6857143e-001 -2.3428571e-001
 -6.5714286e-001 -7.4285714e-002
 -6.4571429e-001  8.5714286e-002
 -6.3428571e-001  2.4571429e-001
 -6.2285714e-001  4.0571429e-001
 -6.1142857e-001  5.6571429e-001
 -6.0000000e-001  7.2571429e-001
 -5.8857143e-001  8.8571429e-001
 -5.7714286e-001 -9.6571429e-001
 -5.6571429e-001 -8.0571429e-001
 -5.5428571e-001 -6.4571429e-001
 -5.4285714e-001 -4.8571429e-001
 -5.3142857e-001 -3.2571429e-001
 -5.2000000e-001 -1.6571429e-001
 -5.0857143e-001 -5.7142857e-003
 -4.9714286e-001  1.5428571e-001
 -4.8571429e-001  3.1428571e-001
 -4.7428571e-001  4.7428571e-001
 -4.6285714e-001  6.3428571e-001
 -4.5142857e-001  7.9428571e-001
 -4.4000000e-001  9.5428571e-001
 -4.2857143e-001 -8.9714286e-001
 -4.1714286e-001 -7.3714286e-001
 -4.0571429e-001 -5.7714286e-001
 -3.9428571e-001 -4.1714286e-001
 -3.8285714e-001 -2.5714286e-001
 -3.7142857e-001 -9.7142857e-002
 -3.6000000e-001  6.2857143e-002
 -3.4857143e-001  2.2285714e-001
 -3.3714286e-001  3.8285714e-001
 -3.2571429e-001  5.4285714e-001
 -3.1428571e-001  7.0285714e-001
 -3.0285714e-001  8.6285714e-001
 -2.9142857e-001 -9.8857143e-001
 -2.8000000e-001 -8.2857143e-001
 -2.6857143e-001 -6.6857143e-001
 -2.5714286e-001 -5.0857143e-001
 -2.4571429e-001 -3.4857143e-001
 -2.3428571e-001 -1.8857143e-001
 -2.2285714e-001 -2.8571429e-002
 -2.1142857e-001  1.3142857e-001
 -2.0000000e-001  2.9142857e-001
 -1.8857143e-001  4.5142857e-001
 -1.7714286e-001  6.1142857e-001
 -1.6571429e-001  7.7142857e-001
 -1.5428571e-001  9.3142857e-001
 -1.4285714e-001 -9.2000000e-001
 -1.3142857e-001 -7.6000000e-001
 -1.2000000e-001 -6.0000000e-001
 -1.0857143e-001 -4.4000000e-001
 -9.7142857e-002 -2.8000000e-001
 -8.5714286e-002 -1.2000000e-001
 -7.4285714e-002  4.0000000e-002
 -6.2857143e-002  2.0000000e-001
 -5.1428571e-002  3.6000000e-001
 -4.0000000e-002  5.2000000e-001
 -2.8571429e-002  6.8000000e-001
 -1.7142857e-002  8.4000000e-001
 -5.7142857e-003  1.0000000e+000
  5.7142857e-003 -1.0000000e+000
  1.7142857e-002 -8.4000000e-001
  2.8571429e-002 -6.8000000e-001
  4.0000000e-002 -5.2000000e-001
  5.1428571e-002 -3.6000000e-001
  6.2857143e-002 -2.0000000e-001
  7.4285714e-002 -4.0000000e-002
  8.5714286e-002  1.2000000e-001
  9.7142857e-002  2.8000000e-001
  1.0857143e-001  4.4000000e-001
  1.2000000e-001  6.0000000e-001
  1.3142857e-001  7.6000000e-001
  1.4285714e-001  9.2000000e-001
  1.5428571e-001 -9.3142857e-001
  1.6571429e-001 -7.7142857e-001
  1.7714286e-001 -6.1142857e-001
  1.8857143e-001 -4.5142857e-001
  2.0000000e-001 -2.9142857e-001
  2.1142857e-001 -1.3142857e-001
  2.2285714e-001  2.8571429e-002
  2.3428571e-001  1.8857143e-001
  2.4571429e-001  3.4857143e-001
  2.5714286e-001  5.0857143e-001
  2.6857143e-001  6.6857143e-001
  2.8000000e-001  8.2857143e-001
  2.9142857e-001  9.8857143e-001
  3.0285714e-001 -8.6285714e-001
  3.1428571e-001 -7.0285714e-001
  3.2571429e-001 -5.4285714e-001
  3.3714286e-001 -3.8285714e-001
  3.4857143e-001 -2.2285714e-001
  3.6000000e-001 -6.2857143e-002
  3.7142857e-001  9.7142857e-002
  3.8285714e-001  2.5714286e-001
  3.9428571e-001  4.1714286e-001
  4.0571429e-001  5.7714286e-001
  4.1714286e-001  7.3714286e-001
  4.2857143e-001  8.9714286e-001
  4.4000000e-001 -9.5428571e-001
  4.5142857e-001 -7.9428571e-001
  4.6285714e-001 -6.3428571e-001
  4.7428571e-001 -4.7428571e-001
  4.8571429e-001 -3.1428571e-001
  4.9714286e-001 -1.5428571e-001
  5.0857143e-001  5.7142857e-003
  5.2000000e-001  1.6571429e-001
  5.3142857e-001  3.2571429e-001
  5.4285714e-001  4.8571429e-001
  5.5428571e-001  6.4571429e-001
  5.6571429e-001  8.0571429e-001
  5.7714286e-001  9.6571429e-001
  5.8857143e-001 -8.8571429e-001
  6.0000000e-001 -7.2571429e-001
  6.1142857e-001 -5.6571429e-001
  6.2285714e-001 -4.0571429e-001
  6.3428571e-001 -2.4571429e-001
  6.4571429e-001 -8.5714286e-002
  6.5714286e-001  7.4285714e-002
  6.6857143e-001  2.3428571e-001
  6.8000000e-001  3.9428571e-001
  6.9142857e-001  5.5428571e-001
  7.0285714e-001  7.1428571e-001
  7.1428571e-001  8.7428571e-001
  7.2571429e-001 -9.7714286e-001
  7.3714286e-001 -8.1714286e-001
  7.4857143e-001 -6.5714286e-001
  7.6000000e-001 -4.9714286e-001
  7.7142857e-001 -3.3714286e-001
  7.8285714e-001 -1.7714286e-001
  7.9428571e-001 -1.7142857e-002
  8.0571429e-001  1.4285714e-001
  8.1714286e-001  3.0285714e-001
  8.2857143e-001  4.6285714e-001
  8.4000000e-001  6.2285714e-001
  8.5142857e-001  7.8285714e-001
  8.6285714e-001  9.4285714e-001
  8.7428571e-001 -9.0857143e-001
  8.8571429e-001 -7.4857143e-001
  8.9714286e-001 -5.8857143e-001
  9.0857143e-001 -4.2857143e-001
  9.2000000e-001 -2.6857143e-001
  9.3142857e-001 -1.0857143e-001
  9.4285714e-001  5.1428571e-002
  9.5428571e-001  2.1142857e-001
  9.6571429e-001  3.7142857e-001
  9.7714286e-001  5.3142857e-001
  9.8857143e-001  6.9142857e-001
  1.0000000e+000  8.5142857e-001
