 -1.0000000e+000 -3.0434783e-001
 -9.8260870e-001  4.0869565e-001
 -9.6521739e-001 -8.2608696e-001
 -9.4782609e-001 -1.1304348e-001
 -9.3043478e-001  6.0000000e-001
 -9.1304348e-001 -6.3478261e-001
 -8.9565217e-001  7.8260870e-002
 -8.7826087e-001  7.9130435e-001
 -8.6086957e-001 -4.4347826e-001
 -8.4347826e-001  2.6956522e-001
 -8.2608696e-001  9.8260870e-001
 -8.0869565e-001 -9.6521739e-001
 -7.9130435e-001 -2.5217391e-001
 -7.7391304e-001  4.6086957e-001
 -7.5652174e-001 -7.7391304e-001
 -7.3913043e-001 -6.0869565e-002
 -7.2173913e-001  6.5217391e-001
 -7.0434783e-001 -5.8260870e-001
 -6.8695652e-001  1.3043478e-001
 -6.6956522e-001  8.4347826e-001
 -6.5217391e-001 -3.9130435e-001
 -6.3478261e-001  3.2173913e-001
 -6.1739130e-001 -9.1304348e-001
 -6.0000000e-001 -2.0000000e-001
 -5.8260870e-001  5.1304348e-001
 -5.6521739e-001 -7.2173913e-001
 -5.4782609e-001 -8.6956522e-003
 -5.3043478e-001  7.0434783e-001
 -5.1304348e-001 -5.3043478e-001
 -4.9565217e-001  1.8260870e-001
 -4.7826087e-001  8.9565217e-001
 -4.6086957e-001 -3.3913043e-001
 -4.4347826e-001  3.7391304e-001
 -4.2608696e-001 -8.6086957e-001
 -4.0869565e-001 -1.4782609e-001
 -3.9130435e-001  5.6521739e-001
 -3.7391304e-001 -6.6956522e-001
 -3.5652174e-001  4.3478261e-002
 -3.3913043e-001  7.5652174e-001
 -3.2173913e-001 -4.7826087e-001
 -3.0434783e-001  2.3478261e-001
 -2.8695652e-001  9.4782609e-001
 -2.6956522e-001 -1.0000000e+000
 -2.5217391e-001 -2.8695652e-001
 -2.3478261e-001  4.2608696e-001
 -2.1739130e-001 -8.0869565e-001
 -2.0000000e-001 -9.5652174e-002
 -1.8260870e-001  6.1739130e-001
 -1.6521739e-001 -6.1739130e-001
 -1.4782609e-001  9.5652174e-002
 -1.3043478e-001  8.0869565e-001
 -1.1304348e-001 -4.2608696e-001
 -9.5652174e-002  2.8695652e-001
 -7.8260870e-002  1.0000000e+000
 -6.0869565e-002 -9.4782609e-001
 -4.3478261e-002 -2.3478261e-001
 -2.6086957e-002  4.7826087e-001
 -8.6956522e-003 -7.5652174e-001
  8.6956522e-003 -4.3478261e-002
  2.6086957e-002  6.6956522e-001
  4.3478261e-002 -5.6521739e-001
  6.0869565e-002  1.4782609e-001
  7.8260870e-002  8.6086957e-001
  9.5652174e-002 -3.7391304e-001
  1.1304348e-001  3.3913043e-001
  1.3043478e-001 -8.9565217e-001
  1.4782609e-001 -1.8260870e-001
  1.6521739e-001  5.3043478e-001
  1.8260870e-001 -7.0434783e-001
  2.0000000e-001  8.6956522e-003
  2.1739130e-001  7.2173913e-001
  2.3478261e-001 -5.1304348e-001
  2.5217391e-001  2.0000000e-001
  2.6956522e-001  9.1304348e-001
  2.8695652e-001 -3.2173913e-001
  3.0434783e-001  3.9130435e-001
  3.2173913e-001 -8.4347826e-001
  3.3913043e-001 -1.3043478e-001
  3.5652174e-001  5.8260870e-001
  3.7391304e-001 -6.5217391e-001
  3.9130435e-001  6.0869565e-002
  4.0869565e-001  7.7391304e-001
  4.2608696e-001 -4.6086957e-001
  4.4347826e-001  2.5217391e-001
  4.6086957e-001  9.6521739e-001
  4.7826087e-001 -9.8260870e-001
  4.9565217e-001 -2.6956522e-001
  5.1304348e-001  4.4347826e-001
  5.3043478e-001 -7.9130435e-001
  5.4782609e-001 -7.8260870e-002
  5.6521739e-001  6.3478261e-001
  5.8260870e-001 -6.0000000e-001
  6.0000000e-001  1.1304348e-001
  6.1739130e-001  8.2608696e-001
  6.3478261e-001 -4.0869565e-001
  6.5217391e-001  3.0434783e-001
  6.6956522e-001 -9.3043478e-001
  6.8695652e-001 -2.1739130e-001
  7.0434783e-001  4.9565217e-001
  7.2173913e-001 -7.3913043e-001
  7.3913043e-001 -2.6086957e-002
  7.5652174e-001  6.8695652e-001
  7.7391304e-001 -5.4782609e-001
  7.9130435e-001  1.6521739e-001
  8.0869565e-001  8.7826087e-001
  8.2608696e-001 -3.5652174e-001
  8.4347826e-001  3.5652174e-001
  8.6086957e-001 -8.7826087e-001
  8.7826087e-001 -1.6521739e-001
  8.9565217e-001  5.4782609e-001
  9.1304348e-001 -6.8695652e-001
  9.3043478e-001  2.6086957e-002
  9.4782609e-001  7.3913043e-001
  9.6521739e-001 -4.9565217e-001
  9.8260870e-001  2.1739130e-001
  1.0000000e+000  9.3043478e-001
