 -1.0000000e+000 -1.7500000e-001
 -9.7500000e-001  6.7500000e-001
 -9.5000000e-001 -4.0000000e-001
 -9.2500000e-001  4.5000000e-001
 -9.0000000e-001 -6.2500000e-001
 -8.7500000e-001  2.2500000e-001
 -8.5000000e-001 -8.5000000e-001
 -8.2500000e-001  0.0000000e+000
 -8.0000000e-001  8.5000000e-001
 -7.7500000e-001 -2.2500000e-001
 -7.5000000e-001  6.2500000e-001
 -7.2500000e-001 -4.5000000e-001
 -7.0000000e-001  4.0000000e-001
 -6.7500000e-001 -6.7500000e-001
 -6.5000000e-001  1.7500000e-001
 -6.2500000e-001 -9.0000000e-001
 -6.0000000e-001 -5.0000000e-002
 -5.7500000e-001  8.0000000e-001
 -5.5000000e-001 -2.7500000e-001
 -5.2500000e-001  5.7500000e-001
 -5.0000000e-001 -5.0000000e-001
 -4.7500000e-001  3.5000000e-001
 -4.5000000e-001 -7.2500000e-001
 -4.2500000e-001  1.2500000e-001
 -4.0000000e-001  9.7500000e-001
 -3.7500000e-001 -9.5000000e-001
 -3.5000000e-001 -1.0000000e-001
 -3.2500000e-001  7.5000000e-001
 -3.0000000e-001 -3.2500000e-001
 -2.7500000e-001  5.2500000e-001
 -2.5000000e-001 -5.5000000e-001
 -2.2500000e-001  3.0000000e-001
 -2.0000000e-001 -7.7500000e-001
 -1.7500000e-001  7.5000000e-002
 -1.5000000e-001  9.2500000e-001
 -1.2500000e-001 -1.0000000e+000
 -1.0000000e-001 -1.5000000e-001
 -7.5000000e-002  7.0000000e-001
 -5.0000000e-002 -3.7500000e-001
 -2.5000000e-002  4.7500000e-001
  0.0000000e+000 -6.0000000e-001
  2.5000000e-002  2.5000000e-001
  5.0000000e-002 -8.2500000e-001
  7.5000000e-002  2.5000000e-002
  1.0000000e-001  8.7500000e-001
  1.2500000e-001 -2.0000000e-001
  1.5000000e-001  6.5000000e-001
  1.7500000e-001 -4.2500000e-001
  2.0000000e-001  4.2500000e-001
  2.2500000e-001 -6.5000000e-001
  2.5000000e-001  2.0000000e-001
  2.7500000e-001 -8.7500000e-001
  3.0000000e-001 -2.5000000e-002
  3.2500000e-001  8.2500000e-001
  3.5000000e-001 -2.5000000e-001
  3.7500000e-001  6.0000000e-001
  4.0000000e-001 -4.7500000e-001
  4.2500000e-001  3.7500000e-001
  4.5000000e-001 -7.0000000e-001
  4.7500000e-001  1.5000000e-001
  5.0000000e-001  1.0000000e+000
  5.2500000e-001 -9.2500000e-001
  5.5000000e-001 -7.5000000e-002
  5.7500000e-001  7.7500000e-001
  6.0000000e-001 -3.0000000e-001
  6.2500000e-001  5.5000000e-001
  6.5000000e-001 -5.2500000e-001
  6.7500000e-001  3.2500000e-001
  7.0000000e-001 -7.5000000e-001
  7.2500000e-001  1.0000000e-001
  7.5000000e-001  9.5000000e-001
  7.7500000e-001 -9.7500000e-001
  8.0000000e-001 -1.2500000e-001
  8.2500000e-001  7.2500000e-001
  8.5000000e-001 -3.5000000e-001
  8.7500000e-001  5.0000000e-001
  9.0000000e-001 -5.7500000e-001
  9.2500000e-001  2.7500000e-001
  9.5000000e-001 -8.0000000e-001
  9.7500000e-001  5.0000000e-002
  1.0000000e+000  9.0000000e-001
