 -1.0000000e+000 -4.2222222e-001
 -9.7777778e-001  1.7777778e-001
 -9.5555556e-001  7.7777778e-001
 -9.3333333e-001 -6.4444444e-001
 -9.1111111e-001 -4.4444444e-002
 -8.8888889e-001  5.5555556e-001
 -8.6666667e-001 -8.6666667e-001
 -8.4444444e-001 -2.6666667e-001
 -8.2222222e-001  3.3333333e-001
 -8.0000000e-001  9.3333333e-001
 -7.7777778e-001 -4.8888889e-001
 -7.5555556e-001  1.1111111e-001
 -7.3333333e-001  7.1111111e-001
 -7.1111111e-001 -7.1111111e-001
 -6.8888889e-001 -1.1111111e-001
 -6.6666667e-001  4.8888889e-001
 -6.4444444e-001 -9.3333333e-001
 -6.2222222e-001 -3.3333333e-001
 -6.0000000e-001  2.6666667e-001
 -5.7777778e-001  8.6666667e-001
 -5.5555556e-001 -5.5555556e-001
 -5.3333333e-001  4.4444444e-002
 -5.1111111e-001  6.4444444e-001
 -4.8888889e-001 -7.7777778e-001
 -4.6666667e-001 -1.7777778e-001
 -4.4444444e-001  4.2222222e-001
 -4.2222222e-001 -1.0000000e+000
 -4.0000000e-001 -4.0000000e-001
 -3.7777778e-001  2.0000000e-001
 -3.5555556e-001  8.0000000e-001
 -3.3333333e-001 -6.2222222e-001
 -3.1111111e-001 -2.2222222e-002
 -2.8888889e-001  5.7777778e-001
 -2.6666667e-001 -8.4444444e-001
 -2.4444444e-001 -2.4444444e-001
 -2.2222222e-001  3.5555556e-001
 -2.0000000e-001  9.5555556e-001
 -1.7777778e-001 -4.6666667e-001
 -1.5555556e-001  1.3333333e-001
 -1.3333333e-001  7.3333333e-001
 -1.1111111e-001 -6.8888889e-001
 -8.8888889e-002 -8.8888889e-002
 -6.6666667e-002  5.1111111e-001
 -4.4444444e-002 -9.1111111e-001
 -2.2222222e-002 -3.1111111e-001
  0.0000000e+000  2.8888889e-001
  2.2222222e-002  8.8888889e-001
  4.4444444e-002 -5.3333333e-001
  6.6666667e-002  6.6666667e-002
  8.8888889e-002  6.6666667e-001
  1.1111111e-001 -7.5555556e-001
  1.3333333e-001 -1.5555556e-001
  1.5555556e-001  4.4444444e-001
  1.7777778e-001 -9.7777778e-001
  2.0000000e-001 -3.7777778e-001
  2.2222222e-001  2.2222222e-001
  2.4444444e-001  8.2222222e-001
  2.6666667e-001 -6.0000000e-001
  2.8888889e-001  0.0000000e+000
  3.1111111e-001  6.0000000e-001
  3.3333333e-001 -8.2222222e-001
  3.5555556e-001 -2.2222222e-001
  3.7777778e-001  3.7777778e-001
  4.0000000e-001  9.7777778e-001
  4.2222222e-001 -4.4444444e-001
  4.4444444e-001  1.5555556e-001
  4.6666667e-001  7.5555556e-001
  4.8888889e-001 -6.6666667e-001
  5.1111111e-001 -6.6666667e-002
  5.3333333e-001  5.3333333e-001
  5.5555556e-001 -8.8888889e-001
  5.7777778e-001 -2.8888889e-001
  6.0000000e-001  3.1111111e-001
  6.2222222e-001  9.1111111e-001
  6.4444444e-001 -5.1111111e-001
  6.6666667e-001  8.8888889e-002
  6.8888889e-001  6.8888889e-001
  7.1111111e-001 -7.3333333e-001
  7.3333333e-001 -1.3333333e-001
  7.5555556e-001  4.6666667e-001
  7.7777778e-001 -9.5555556e-001
  8.0000000e-001 -3.5555556e-001
  8.2222222e-001  2.4444444e-001
  8.4444444e-001  8.4444444e-001
  8.6666667e-001 -5.7777778e-001
  8.8888889e-001  2.2222222e-002
  9.1111111e-001  6.2222222e-001
  9.3333333e-001 -8.0000000e-001
  9.5555556e-001 -2.0000000e-001
  9.7777778e-001  4.0000000e-001
  1.0000000e+000  1.0000000e+000
