 -1.0000000e+000 -7.0731707e-001
 -9.5121951e-001 -3.6585366e-001
 -9.0243902e-001 -2.4390244e-002
 -8.5365854e-001  3.1707317e-001
 -8.0487805e-001  6.5853659e-001
 -7.5609756e-001  1.0000000e+000
 -7.0731707e-001 -9.0243902e-001
 -6.5853659e-001 -5.6097561e-001
 -6.0975610e-001 -2.1951220e-001
 -5.6097561e-001  1.2195122e-001
 -5.1219512e-001  4.6341463e-001
 -4.6341463e-001  8.0487805e-001
 -4.1463415e-001 -7.5609756e-001
 -3.6585366e-001 -4.1463415e-001
 -3.1707317e-001 -7.3170732e-002
 -2.6829268e-001  2.6829268e-001
 -2.1951220e-001  6.0975610e-001
 -1.7073171e-001  9.5121951e-001
 -1.2195122e-001 -9.5121951e-001
 -7.3170732e-002 -6.0975610e-001
 -2.4390244e-002 -2.6829268e-001
  2.4390244e-002  7.3170732e-002
  7.3170732e-002  4.1463415e-001
  1.2195122e-001  7.5609756e-001
  1.7073171e-001 -8.0487805e-001
  2.1951220e-001 -4.6341463e-001
  2.6829268e-001 -1.2195122e-001
  3.1707317e-001  2.1951220e-001
  3.6585366e-001  5.6097561e-001
  4.1463415e-001  9.0243902e-001
  4.6341463e-001 -1.0000000e+000
  5.1219512e-001 -6.5853659e-001
  5.6097561e-001 -3.1707317e-001
  6.0975610e-001  2.4390244e-002
  6.5853659e-001  3.6585366e-001
  7.0731707e-001  7.0731707e-001
  7.5609756e-001 -8.5365854e-001
  8.0487805e-001 -5.1219512e-001
  8.5365854e-001 -1.7073171e-001
  9.0243902e-001  1.7073171e-001
  9.5121951e-001  5.1219512e-001
  1.0000000e+000  8.5365854e-001
