 -1.0000000e+000 -8.3458647e-001
 -9.8496241e-001 -6.5413534e-001
 -9.6992481e-001 -4.7368421e-001
 -9.5488722e-001 -2.9323308e-001
 -9.3984962e-001 -1.1278195e-001
 -9.2481203e-001  6.7669173e-002
 -9.0977444e-001  2.4812030e-001
 -8.9473684e-001  4.2857143e-001
 -8.7969925e-001  6.0902256e-001
 -8.6466165e-001  7.8947368e-001
 -8.4962406e-001  9.6992481e-001
 -8.3458647e-001 -9.3984962e-001
 -8.1954887e-001 -7.5939850e-001
 -8.0451128e-001 -5.7894737e-001
 -7.8947368e-001 -3.9849624e-001
 -7.7443609e-001 -2.1804511e-001
 -7.5939850e-001 -3.7593985e-002
 -7.4436090e-001  1.4285714e-001
 -7.2932331e-001  3.2330827e-001
 -7.1428571e-001  5.0375940e-001
 -6.9924812e-001  6.8421053e-001
 -6.8421053e-001  8.6466165e-001
 -6.6917293e-001 -8.6466165e-001
 -6.5413534e-001 -6.8421053e-001
 -6.3909774e-001 -5.0375940e-001
 -6.2406015e-001 -3.2330827e-001
 -6.0902256e-001 -1.4285714e-001
 -5.9398496e-001  3.7593985e-002
 -5.7894737e-001  2.1804511e-001
 -5.6390977e-001  3.9849624e-001
 -5.4887218e-001  5.7894737e-001
 -5.3383459e-001  7.5939850e-001
 -5.1879699e-001  9.3984962e-001
 -5.0375940e-001 -9.6992481e-001
 -4.8872180e-001 -7.8947368e-001
 -4.7368421e-001 -6.0902256e-001
 -4.5864662e-001 -4.2857143e-001
 -4.4360902e-001 -2.4812030e-001
 -4.2857143e-001 -6.7669173e-002
 -4.1353383e-001  1.1278195e-001
 -3.9849624e-001  2.9323308e-001
 -3.8345865e-001  4.7368421e-001
 -3.6842105e-001  6.5413534e-001
 -3.5338346e-001  8.3458647e-001
 -3.3834586e-001 -8.9473684e-001
 -3.2330827e-001 -7.1428571e-001
 -3.0827068e-001 -5.3383459e-001
 -2.9323308e-001 -3.5338346e-001
 -2.7819549e-001 -1.7293233e-001
 -2.6315789e-001  7.5187970e-003
 -2.4812030e-001  1.8796992e-001
 -2.3308271e-001  3.6842105e-001
 -2.1804511e-001  5.4887218e-001
 -2.0300752e-001  7.2932331e-001
 -1.8796992e-001  9.0977444e-001
 -1.7293233e-001 -1.0000000e+000
 -1.5789474e-001 -8.1954887e-001
 -1.4285714e-001 -6.3909774e-001
 -1.2781955e-001 -4.5864662e-001
 -1.1278195e-001 -2.7819549e-001
 -9.7744361e-002 -9.7744361e-002
 -8.2706767e-002  8.2706767e-002
 -6.7669173e-002  2.6315789e-001
 -5.2631579e-002  4.4360902e-001
 -3.7593985e-002  6.2406015e-001
 -2.2556391e-002  8.0451128e-001
 -7.5187970e-003  9.8496241e-001
  7.5187970e-003 -9.2481203e-001
  2.2556391e-002 -7.4436090e-001
  3.7593985e-002 -5.6390977e-001
  5.2631579e-002 -3.8345865e-001
  6.7669173e-002 -2.0300752e-001
  8.2706767e-002 -2.2556391e-002
  9.7744361e-002  1.5789474e-001
  1.1278195e-001  3.3834586e-001
  1.2781955e-001  5.1879699e-001
  1.4285714e-001  6.9924812e-001
  1.5789474e-001  8.7969925e-001
  1.7293233e-001 -8.4962406e-001
  1.8796992e-001 -6.6917293e-001
  2.0300752e-001 -4.8872180e-001
  2.1804511e-001 -3.0827068e-001
  2.3308271e-001 -1.2781955e-001
  2.4812030e-001  5.2631579e-002
  2.6315789e-001  2.3308271e-001
  2.7819549e-001  4.1353383e-001
  2.9323308e-001  5.9398496e-001
  3.0827068e-001  7.7443609e-001
  3.2330827e-001  9.5488722e-001
  3.3834586e-001 -9.5488722e-001
  3.5338346e-001 -7.7443609e-001
  3.6842105e-001 -5.9398496e-001
  3.8345865e-001 -4.1353383e-001
  3.9849624e-001 -2.3308271e-001
  4.1353383e-001 -5.2631579e-002
  4.2857143e-001  1.2781955e-001
  4.4360902e-001  3.0827068e-001
  4.5864662e-001  4.8872180e-001
  4.7368421e-001  6.6917293e-001
  4.8872180e-001  8.4962406e-001
  5.0375940e-001 -8.7969925e-001
  5.1879699e-001 -6.9924812e-001
  5.3383459e-001 -5.1879699e-001
  5.4887218e-001 -3.3834586e-001
  5.6390977e-001 -1.5789474e-001
  5.7894737e-001  2.2556391e-002
  5.9398496e-001  2.0300752e-001
  6.0902256e-001  3.8345865e-001
  6.2406015e-001  5.6390977e-001
  6.3909774e-001  7.4436090e-001
  6.5413534e-001  9.2481203e-001
  6.6917293e-001 -9.8496241e-001
  6.8421053e-001 -8.0451128e-001
  6.9924812e-001 -6.2406015e-001
  7.1428571e-001 -4.4360902e-001
  7.2932331e-001 -2.6315789e-001
  7.4436090e-001 -8.2706767e-002
  7.5939850e-001  9.7744361e-002
  7.7443609e-001  2.7819549e-001
  7.8947368e-001  4.5864662e-001
  8.0451128e-001  6.3909774e-001
  8.1954887e-001  8.1954887e-001
  8.3458647e-001  1.0000000e+000
  8.4962406e-001 -9.0977444e-001
  8.6466165e-001 -7.2932331e-001
  8.7969925e-001 -5.4887218e-001
  8.9473684e-001 -3.6842105e-001
  9.0977444e-001 -1.8796992e-001
  9.2481203e-001 -7.5187970e-003
  9.3984962e-001  1.7293233e-001
  9.5488722e-001  3.5338346e-001
  9.6992481e-001  5.3383459e-001
  9.8496241e-001  7.1428571e-001
  1.0000000e+000  8.9473684e-001
