 -1.0000000e+000 -5.8381503e-001
 -9.8843931e-001 -1.5606936e-001
 -9.7687861e-001  2.7167630e-001
 -9.6531792e-001  6.9942197e-001
 -9.5375723e-001 -8.6127168e-001
 -9.4219653e-001 -4.3352601e-001
 -9.3063584e-001 -5.7803468e-003
 -9.1907514e-001  4.2196532e-001
 -9.0751445e-001  8.4971098e-001
 -8.9595376e-001 -7.1098266e-001
 -8.8439306e-001 -2.8323699e-001
 -8.7283237e-001  1.4450867e-001
 -8.6127168e-001  5.7225434e-001
 -8.4971098e-001  1.0000000e+000
 -8.3815029e-001 -9.8843931e-001
 -8.2658960e-001 -5.6069364e-001
 -8.1502890e-001 -1.3294798e-001
 -8.0346821e-001  2.9479769e-001
 -7.9190751e-001  7.2254335e-001
 -7.8034682e-001 -8.3815029e-001
 -7.6878613e-001 -4.1040462e-001
 -7.5722543e-001  1.7341040e-002
 -7.4566474e-001  4.4508671e-001
 -7.3410405e-001  8.7283237e-001
 -7.2254335e-001 -6.8786127e-001
 -7.1098266e-001 -2.6011561e-001
 -6.9942197e-001  1.6763006e-001
 -6.8786127e-001  5.9537572e-001
 -6.7630058e-001 -9.6531792e-001
 -6.6473988e-001 -5.3757225e-001
 -6.5317919e-001 -1.0982659e-001
 -6.4161850e-001  3.1791908e-001
 -6.3005780e-001  7.4566474e-001
 -6.1849711e-001 -8.1502890e-001
 -6.0693642e-001 -3.8728324e-001
 -5.9537572e-001  4.0462428e-002
 -5.8381503e-001  4.6820809e-001
 -5.7225434e-001  8.9595376e-001
 -5.6069364e-001 -6.6473988e-001
 -5.4913295e-001 -2.3699422e-001
 -5.3757225e-001  1.9075145e-001
 -5.2601156e-001  6.1849711e-001
 -5.1445087e-001 -9.4219653e-001
 -5.0289017e-001 -5.1445087e-001
 -4.9132948e-001 -8.6705202e-002
 -4.7976879e-001  3.4104046e-001
 -4.6820809e-001  7.6878613e-001
 -4.5664740e-001 -7.9190751e-001
 -4.4508671e-001 -3.6416185e-001
 -4.3352601e-001  6.3583815e-002
 -4.2196532e-001  4.9132948e-001
 -4.1040462e-001  9.1907514e-001
 -3.9884393e-001 -6.4161850e-001
 -3.8728324e-001 -2.1387283e-001
 -3.7572254e-001  2.1387283e-001
 -3.6416185e-001  6.4161850e-001
 -3.5260116e-001 -9.1907514e-001
 -3.4104046e-001 -4.9132948e-001
 -3.2947977e-001 -6.3583815e-002
 -3.1791908e-001  3.6416185e-001
 -3.0635838e-001  7.9190751e-001
 -2.9479769e-001 -7.6878613e-001
 -2.8323699e-001 -3.4104046e-001
 -2.7167630e-001  8.6705202e-002
 -2.6011561e-001  5.1445087e-001
 -2.4855491e-001  9.4219653e-001
 -2.3699422e-001 -6.1849711e-001
 -2.2543353e-001 -1.9075145e-001
 -2.1387283e-001  2.3699422e-001
 -2.0231214e-001  6.6473988e-001
 -1.9075145e-001 -8.9595376e-001
 -1.7919075e-001 -4.6820809e-001
 -1.6763006e-001 -4.0462428e-002
 -1.5606936e-001  3.8728324e-001
 -1.4450867e-001  8.1502890e-001
 -1.3294798e-001 -7.4566474e-001
 -1.2138728e-001 -3.1791908e-001
 -1.0982659e-001  1.0982659e-001
 -9.8265896e-002  5.3757225e-001
 -8.6705202e-002  9.6531792e-001
 -7.5144509e-002 -5.9537572e-001
 -6.3583815e-002 -1.6763006e-001
 -5.2023121e-002  2.6011561e-001
 -4.0462428e-002  6.8786127e-001
 -2.8901734e-002 -8.7283237e-001
 -1.7341040e-002 -4.4508671e-001
 -5.7803468e-003 -1.7341040e-002
  5.7803468e-003  4.1040462e-001
  1.7341040e-002  8.3815029e-001
  2.8901734e-002 -7.2254335e-001
  4.0462428e-002 -2.9479769e-001
  5.2023121e-002  1.3294798e-001
  6.3583815e-002  5.6069364e-001
  7.5144509e-002  9.8843931e-001
  8.6705202e-002 -1.0000000e+000
  9.8265896e-002 -5.7225434e-001
  1.0982659e-001 -1.4450867e-001
  1.2138728e-001  2.8323699e-001
  1.3294798e-001  7.1098266e-001
  1.4450867e-001 -8.4971098e-001
  1.5606936e-001 -4.2196532e-001
  1.6763006e-001  5.7803468e-003
  1.7919075e-001  4.3352601e-001
  1.9075145e-001  8.6127168e-001
  2.0231214e-001 -6.9942197e-001
  2.1387283e-001 -2.7167630e-001
  2.2543353e-001  1.5606936e-001
  2.3699422e-001  5.8381503e-001
  2.4855491e-001 -9.7687861e-001
  2.6011561e-001 -5.4913295e-001
  2.7167630e-001 -1.2138728e-001
  2.8323699e-001  3.0635838e-001
  2.9479769e-001  7.3410405e-001
  3.0635838e-001 -8.2658960e-001
  3.1791908e-001 -3.9884393e-001
  3.2947977e-001  2.8901734e-002
  3.4104046e-001  4.5664740e-001
  3.5260116e-001  8.8439306e-001
  3.6416185e-001 -6.7630058e-001
  3.7572254e-001 -2.4855491e-001
  3.8728324e-001  1.7919075e-001
  3.9884393e-001  6.0693642e-001
  4.1040462e-001 -9.5375723e-001
  4.2196532e-001 -5.2601156e-001
  4.3352601e-001 -9.8265896e-002
  4.4508671e-001  3.2947977e-001
  4.5664740e-001  7.5722543e-001
  4.6820809e-001 -8.0346821e-001
  4.7976879e-001 -3.7572254e-001
  4.9132948e-001  5.2023121e-002
  5.0289017e-001  4.7976879e-001
  5.1445087e-001  9.0751445e-001
  5.2601156e-001 -6.5317919e-001
  5.3757225e-001 -2.2543353e-001
  5.4913295e-001  2.0231214e-001
  5.6069364e-001  6.3005780e-001
  5.7225434e-001 -9.3063584e-001
  5.8381503e-001 -5.0289017e-001
  5.9537572e-001 -7.5144509e-002
  6.0693642e-001  3.5260116e-001
  6.1849711e-001  7.8034682e-001
  6.3005780e-001 -7.8034682e-001
  6.4161850e-001 -3.5260116e-001
  6.5317919e-001  7.5144509e-002
  6.6473988e-001  5.0289017e-001
  6.7630058e-001  9.3063584e-001
  6.8786127e-001 -6.3005780e-001
  6.9942197e-001 -2.0231214e-001
  7.1098266e-001  2.2543353e-001
  7.2254335e-001  6.5317919e-001
  7.3410405e-001 -9.0751445e-001
  7.4566474e-001 -4.7976879e-001
  7.5722543e-001 -5.2023121e-002
  7.6878613e-001  3.7572254e-001
  7.8034682e-001  8.0346821e-001
  7.9190751e-001 -7.5722543e-001
  8.0346821e-001 -3.2947977e-001
  8.1502890e-001  9.8265896e-002
  8.2658960e-001  5.2601156e-001
  8.3815029e-001  9.5375723e-001
  8.4971098e-001 -6.0693642e-001
  8.6127168e-001 -1.7919075e-001
  8.7283237e-001  2.4855491e-001
  8.8439306e-001  6.7630058e-001
  8.9595376e-001 -8.8439306e-001
  9.0751445e-001 -4.5664740e-001
  9.1907514e-001 -2.8901734e-002
  9.3063584e-001  3.9884393e-001
  9.4219653e-001  8.2658960e-001
  9.5375723e-001 -7.3410405e-001
  9.6531792e-001 -3.0635838e-001
  9.7687861e-001  1.2138728e-001
  9.8843931e-001  5.4913295e-001
  1.0000000e+000  9.7687861e-001
