 -1.0000000e+000 -7.6666667e-001
 -9.6666667e-001 -5.0000000e-001
 -9.3333333e-001 -2.3333333e-001
 -9.0000000e-001  3.3333333e-002
 -8.6666667e-001  3.0000000e-001
 -8.3333333e-001  5.6666667e-001
 -8.0000000e-001  8.3333333e-001
 -7.6666667e-001 -9.3333333e-001
 -7.3333333e-001 -6.6666667e-001
 -7.0000000e-001 -4.0000000e-001
 -6.6666667e-001 -1.3333333e-001
 -6.3333333e-001  1.3333333e-001
 -6.0000000e-001  4.0000000e-001
 -5.6666667e-001  6.6666667e-001
 -5.3333333e-001  9.3333333e-001
 -5.0000000e-001 -8.3333333e-001
 -4.6666667e-001 -5.6666667e-001
 -4.3333333e-001 -3.0000000e-001
 -4.0000000e-001 -3.3333333e-002
 -3.6666667e-001  2.3333333e-001
 -3.3333333e-001  5.0000000e-001
 -3.0000000e-001  7.6666667e-001
 -2.6666667e-001 -1.0000000e+000
 -2.3333333e-001 -7.3333333e-001
 -2.0000000e-001 -4.6666667e-001
 -1.6666667e-001 -2.0000000e-001
 -1.3333333e-001  6.6666667e-002
 -1.0000000e-001  3.3333333e-001
 -6.6666667e-002  6.0000000e-001
 -3.3333333e-002  8.6666667e-001
  0.0000000e+000 -9.0000000e-001
  3.3333333e-002 -6.3333333e-001
  6.6666667e-002 -3.6666667e-001
  1.0000000e-001 -1.0000000e-001
  1.3333333e-001  1.6666667e-001
  1.6666667e-001  4.3333333e-001
  2.0000000e-001  7.0000000e-001
  2.3333333e-001  9.6666667e-001
  2.6666667e-001 -8.0000000e-001
  3.0000000e-001 -5.3333333e-001
  3.3333333e-001 -2.6666667e-001
  3.6666667e-001  0.0000000e+000
  4.0000000e-001  2.6666667e-001
  4.3333333e-001  5.3333333e-001
  4.6666667e-001  8.0000000e-001
  5.0000000e-001 -9.6666667e-001
  5.3333333e-001 -7.0000000e-001
  5.6666667e-001 -4.3333333e-001
  6.0000000e-001 -1.6666667e-001
  6.3333333e-001  1.0000000e-001
  6.6666667e-001  3.6666667e-001
  7.0000000e-001  6.3333333e-001
  7.3333333e-001  9.0000000e-001
  7.6666667e-001 -8.6666667e-001
  8.0000000e-001 -6.0000000e-001
  8.3333333e-001 -3.3333333e-001
  8.6666667e-001 -6.6666667e-002
  9.0000000e-001  2.0000000e-001
  9.3333333e-001  4.6666667e-001
  9.6666667e-001  7.3333333e-001
  1.0000000e+000  1.0000000e+000
