 -1.0000000e+000 -7.2549020e-001
 -9.6078431e-001 -4.1176471e-001
 -9.2156863e-001 -9.8039216e-002
 -8.8235294e-001  2.1568627e-001
 -8.4313725e-001  5.2941176e-001
 -8.0392157e-001  8.4313725e-001
 -7.6470588e-001 -9.2156863e-001
 -7.2549020e-001 -6.0784314e-001
 -6.8627451e-001 -2.9411765e-001
 -6.4705882e-001  1.9607843e-002
 -6.0784314e-001  3.3333333e-001
 -5.6862745e-001  6.4705882e-001
 -5.2941176e-001  9.6078431e-001
 -4.9019608e-001 -8.0392157e-001
 -4.5098039e-001 -4.9019608e-001
 -4.1176471e-001 -1.7647059e-001
 -3.7254902e-001  1.3725490e-001
 -3.3333333e-001  4.5098039e-001
 -2.9411765e-001  7.6470588e-001
 -2.5490196e-001 -1.0000000e+000
 -2.1568627e-001 -6.8627451e-001
 -1.7647059e-001 -3.7254902e-001
 -1.3725490e-001 -5.8823529e-002
 -9.8039216e-002  2.5490196e-001
 -5.8823529e-002  5.6862745e-001
 -1.9607843e-002  8.8235294e-001
  1.9607843e-002 -8.8235294e-001
  5.8823529e-002 -5.6862745e-001
  9.8039216e-002 -2.5490196e-001
  1.3725490e-001  5.8823529e-002
  1.7647059e-001  3.7254902e-001
  2.1568627e-001  6.8627451e-001
  2.5490196e-001  1.0000000e+000
  2.9411765e-001 -7.6470588e-001
  3.3333333e-001 -4.5098039e-001
  3.7254902e-001 -1.3725490e-001
  4.1176471e-001  1.7647059e-001
  4.5098039e-001  4.9019608e-001
  4.9019608e-001  8.0392157e-001
  5.2941176e-001 -9.6078431e-001
  5.6862745e-001 -6.4705882e-001
  6.0784314e-001 -3.3333333e-001
  6.4705882e-001 -1.9607843e-002
  6.8627451e-001  2.9411765e-001
  7.2549020e-001  6.0784314e-001
  7.6470588e-001  9.2156863e-001
  8.0392157e-001 -8.4313725e-001
  8.4313725e-001 -5.2941176e-001
  8.8235294e-001 -2.1568627e-001
  9.2156863e-001  9.8039216e-002
  9.6078431e-001  4.1176471e-001
  1.0000000e+000  7.2549020e-001
