 -1.0000000e+000 -7.7777778e-001
 -9.7222222e-001 -5.2777778e-001
 -9.4444444e-001 -2.7777778e-001
 -9.1666667e-001 -2.7777778e-002
 -8.8888889e-001  2.2222222e-001
 -8.6111111e-001  4.7222222e-001
 -8.3333333e-001  7.2222222e-001
 -8.0555556e-001  9.7222222e-001
 -7.7777778e-001 -9.1666667e-001
 -7.5000000e-001 -6.6666667e-001
 -7.2222222e-001 -4.1666667e-001
 -6.9444444e-001 -1.6666667e-001
 -6.6666667e-001  8.3333333e-002
 -6.3888889e-001  3.3333333e-001
 -6.1111111e-001  5.8333333e-001
 -5.8333333e-001  8.3333333e-001
 -5.5555556e-001 -8.0555556e-001
 -5.2777778e-001 -5.5555556e-001
 -5.0000000e-001 -3.0555556e-001
 -4.7222222e-001 -5.5555556e-002
 -4.4444444e-001  1.9444444e-001
 -4.1666667e-001  4.4444444e-001
 -3.8888889e-001  6.9444444e-001
 -3.6111111e-001  9.4444444e-001
 -3.3333333e-001 -9.4444444e-001
 -3.0555556e-001 -6.9444444e-001
 -2.7777778e-001 -4.4444444e-001
 -2.5000000e-001 -1.9444444e-001
 -2.2222222e-001  5.5555556e-002
 -1.9444444e-001  3.0555556e-001
 -1.6666667e-001  5.5555556e-001
 -1.3888889e-001  8.0555556e-001
 -1.1111111e-001 -8.3333333e-001
 -8.3333333e-002 -5.8333333e-001
 -5.5555556e-002 -3.3333333e-001
 -2.7777778e-002 -8.3333333e-002
  0.0000000e+000  1.6666667e-001
  2.7777778e-002  4.1666667e-001
  5.5555556e-002  6.6666667e-001
  8.3333333e-002  9.1666667e-001
  1.1111111e-001 -9.7222222e-001
  1.3888889e-001 -7.2222222e-001
  1.6666667e-001 -4.7222222e-001
  1.9444444e-001 -2.2222222e-001
  2.2222222e-001  2.7777778e-002
  2.5000000e-001  2.7777778e-001
  2.7777778e-001  5.2777778e-001
  3.0555556e-001  7.7777778e-001
  3.3333333e-001 -8.6111111e-001
  3.6111111e-001 -6.1111111e-001
  3.8888889e-001 -3.6111111e-001
  4.1666667e-001 -1.1111111e-001
  4.4444444e-001  1.3888889e-001
  4.7222222e-001  3.8888889e-001
  5.0000000e-001  6.3888889e-001
  5.2777778e-001  8.8888889e-001
  5.5555556e-001 -1.0000000e+000
  5.8333333e-001 -7.5000000e-001
  6.1111111e-001 -5.0000000e-001
  6.3888889e-001 -2.5000000e-001
  6.6666667e-001  0.0000000e+000
  6.9444444e-001  2.5000000e-001
  7.2222222e-001  5.0000000e-001
  7.5000000e-001  7.5000000e-001
  7.7777778e-001  1.0000000e+000
  8.0555556e-001 -8.8888889e-001
  8.3333333e-001 -6.3888889e-001
  8.6111111e-001 -3.8888889e-001
  8.8888889e-001 -1.3888889e-001
  9.1666667e-001  1.1111111e-001
  9.4444444e-001  3.6111111e-001
  9.7222222e-001  6.1111111e-001
  1.0000000e+000  8.6111111e-001
