 -1.0000000e+000 -3.2203390e-001
 -9.8305085e-001  3.7288136e-001
 -9.6610169e-001 -8.3050847e-001
 -9.4915254e-001 -1.3559322e-001
 -9.3220339e-001  5.5932203e-001
 -9.1525424e-001 -6.4406780e-001
 -8.9830508e-001  5.0847458e-002
 -8.8135593e-001  7.4576271e-001
 -8.6440678e-001 -4.5762712e-001
 -8.4745763e-001  2.3728814e-001
 -8.3050847e-001  9.3220339e-001
 -8.1355932e-001 -9.6610169e-001
 -7.9661017e-001 -2.7118644e-001
 -7.7966102e-001  4.2372881e-001
 -7.6271186e-001 -7.7966102e-001
 -7.4576271e-001 -8.4745763e-002
 -7.2881356e-001  6.1016949e-001
 -7.1186441e-001 -5.9322034e-001
 -6.9491525e-001  1.0169492e-001
 -6.7796610e-001  7.9661017e-001
 -6.6101695e-001 -4.0677966e-001
 -6.4406780e-001  2.8813559e-001
 -6.2711864e-001  9.8305085e-001
 -6.1016949e-001 -9.1525424e-001
 -5.9322034e-001 -2.2033898e-001
 -5.7627119e-001  4.7457627e-001
 -5.5932203e-001 -7.2881356e-001
 -5.4237288e-001 -3.3898305e-002
 -5.2542373e-001  6.6101695e-001
 -5.0847458e-001 -5.4237288e-001
 -4.9152542e-001  1.5254237e-001
 -4.7457627e-001  8.4745763e-001
 -4.5762712e-001 -3.5593220e-001
 -4.4067797e-001  3.3898305e-001
 -4.2372881e-001 -8.6440678e-001
 -4.0677966e-001 -1.6949153e-001
 -3.8983051e-001  5.2542373e-001
 -3.7288136e-001 -6.7796610e-001
 -3.5593220e-001  1.6949153e-002
 -3.3898305e-001  7.1186441e-001
 -3.2203390e-001 -4.9152542e-001
 -3.0508475e-001  2.0338983e-001
 -2.8813559e-001  8.9830508e-001
 -2.7118644e-001 -1.0000000e+000
 -2.5423729e-001 -3.0508475e-001
 -2.3728814e-001  3.8983051e-001
 -2.2033898e-001 -8.1355932e-001
 -2.0338983e-001 -1.1864407e-001
 -1.8644068e-001  5.7627119e-001
 -1.6949153e-001 -6.2711864e-001
 -1.5254237e-001  6.7796610e-002
 -1.3559322e-001  7.6271186e-001
 -1.1864407e-001 -4.4067797e-001
 -1.0169492e-001  2.5423729e-001
 -8.4745763e-002  9.4915254e-001
 -6.7796610e-002 -9.4915254e-001
 -5.0847458e-002 -2.5423729e-001
 -3.3898305e-002  4.4067797e-001
 -1.6949153e-002 -7.6271186e-001
  0.0000000e+000 -6.7796610e-002
  1.6949153e-002  6.2711864e-001
  3.3898305e-002 -5.7627119e-001
  5.0847458e-002  1.1864407e-001
  6.7796610e-002  8.1355932e-001
  8.4745763e-002 -3.8983051e-001
  1.0169492e-001  3.0508475e-001
  1.1864407e-001  1.0000000e+000
  1.3559322e-001 -8.9830508e-001
  1.5254237e-001 -2.0338983e-001
  1.6949153e-001  4.9152542e-001
  1.8644068e-001 -7.1186441e-001
  2.0338983e-001 -1.6949153e-002
  2.2033898e-001  6.7796610e-001
  2.3728814e-001 -5.2542373e-001
  2.5423729e-001  1.6949153e-001
  2.7118644e-001  8.6440678e-001
  2.8813559e-001 -3.3898305e-001
  3.0508475e-001  3.5593220e-001
  3.2203390e-001 -8.4745763e-001
  3.3898305e-001 -1.5254237e-001
  3.5593220e-001  5.4237288e-001
  3.7288136e-001 -6.6101695e-001
  3.8983051e-001  3.3898305e-002
  4.0677966e-001  7.2881356e-001
  4.2372881e-001 -4.7457627e-001
  4.4067797e-001  2.2033898e-001
  4.5762712e-001  9.1525424e-001
  4.7457627e-001 -9.8305085e-001
  4.9152542e-001 -2.8813559e-001
  5.0847458e-001  4.0677966e-001
  5.2542373e-001 -7.9661017e-001
  5.4237288e-001 -1.0169492e-001
  5.5932203e-001  5.9322034e-001
  5.7627119e-001 -6.1016949e-001
  5.9322034e-001  8.4745763e-002
  6.1016949e-001  7.7966102e-001
  6.2711864e-001 -4.2372881e-001
  6.4406780e-001  2.7118644e-001
  6.6101695e-001  9.6610169e-001
  6.7796610e-001 -9.3220339e-001
  6.9491525e-001 -2.3728814e-001
  7.1186441e-001  4.5762712e-001
  7.2881356e-001 -7.4576271e-001
  7.4576271e-001 -5.0847458e-002
  7.6271186e-001  6.4406780e-001
  7.7966102e-001 -5.5932203e-001
  7.9661017e-001  1.3559322e-001
  8.1355932e-001  8.3050847e-001
  8.3050847e-001 -3.7288136e-001
  8.4745763e-001  3.2203390e-001
  8.6440678e-001 -8.8135593e-001
  8.8135593e-001 -1.8644068e-001
  8.9830508e-001  5.0847458e-001
  9.1525424e-001 -6.9491525e-001
  9.3220339e-001  0.0000000e+000
  9.4915254e-001  6.9491525e-001
  9.6610169e-001 -5.0847458e-001
  9.8305085e-001  1.8644068e-001
  1.0000000e+000  8.8135593e-001
