 -1.0000000e+000 -5.8083832e-001
 -9.8802395e-001 -1.4970060e-001
 -9.7604790e-001  2.8143713e-001
 -9.6407186e-001  7.1257485e-001
 -9.5209581e-001 -8.5628743e-001
 -9.4011976e-001 -4.2514970e-001
 -9.2814371e-001  5.9880240e-003
 -9.1616766e-001  4.3712575e-001
 -9.0419162e-001  8.6826347e-001
 -8.9221557e-001 -7.0059880e-001
 -8.8023952e-001 -2.6946108e-001
 -8.6826347e-001  1.6167665e-001
 -8.5628743e-001  5.9281437e-001
 -8.4431138e-001 -9.7604790e-001
 -8.3233533e-001 -5.4491018e-001
 -8.2035928e-001 -1.1377246e-001
 -8.0838323e-001  3.1736527e-001
 -7.9640719e-001  7.4850299e-001
 -7.8443114e-001 -8.2035928e-001
 -7.7245509e-001 -3.8922156e-001
 -7.6047904e-001  4.1916168e-002
 -7.4850299e-001  4.7305389e-001
 -7.3652695e-001  9.0419162e-001
 -7.2455090e-001 -6.6467066e-001
 -7.1257485e-001 -2.3353293e-001
 -7.0059880e-001  1.9760479e-001
 -6.8862275e-001  6.2874251e-001
 -6.7664671e-001 -9.4011976e-001
 -6.6467066e-001 -5.0898204e-001
 -6.5269461e-001 -7.7844311e-002
 -6.4071856e-001  3.5329341e-001
 -6.2874251e-001  7.8443114e-001
 -6.1676647e-001 -7.8443114e-001
 -6.0479042e-001 -3.5329341e-001
 -5.9281437e-001  7.7844311e-002
 -5.8083832e-001  5.0898204e-001
 -5.6886228e-001  9.4011976e-001
 -5.5688623e-001 -6.2874251e-001
 -5.4491018e-001 -1.9760479e-001
 -5.3293413e-001  2.3353293e-001
 -5.2095808e-001  6.6467066e-001
 -5.0898204e-001 -9.0419162e-001
 -4.9700599e-001 -4.7305389e-001
 -4.8502994e-001 -4.1916168e-002
 -4.7305389e-001  3.8922156e-001
 -4.6107784e-001  8.2035928e-001
 -4.4910180e-001 -7.4850299e-001
 -4.3712575e-001 -3.1736527e-001
 -4.2514970e-001  1.1377246e-001
 -4.1317365e-001  5.4491018e-001
 -4.0119760e-001  9.7604790e-001
 -3.8922156e-001 -5.9281437e-001
 -3.7724551e-001 -1.6167665e-001
 -3.6526946e-001  2.6946108e-001
 -3.5329341e-001  7.0059880e-001
 -3.4131737e-001 -8.6826347e-001
 -3.2934132e-001 -4.3712575e-001
 -3.1736527e-001 -5.9880240e-003
 -3.0538922e-001  4.2514970e-001
 -2.9341317e-001  8.5628743e-001
 -2.8143713e-001 -7.1257485e-001
 -2.6946108e-001 -2.8143713e-001
 -2.5748503e-001  1.4970060e-001
 -2.4550898e-001  5.8083832e-001
 -2.3353293e-001 -9.8802395e-001
 -2.2155689e-001 -5.5688623e-001
 -2.0958084e-001 -1.2574850e-001
 -1.9760479e-001  3.0538922e-001
 -1.8562874e-001  7.3652695e-001
 -1.7365269e-001 -8.3233533e-001
 -1.6167665e-001 -4.0119760e-001
 -1.4970060e-001  2.9940120e-002
 -1.3772455e-001  4.6107784e-001
 -1.2574850e-001  8.9221557e-001
 -1.1377246e-001 -6.7664671e-001
 -1.0179641e-001 -2.4550898e-001
 -8.9820359e-002  1.8562874e-001
 -7.7844311e-002  6.1676647e-001
 -6.5868263e-002 -9.5209581e-001
 -5.3892216e-002 -5.2095808e-001
 -4.1916168e-002 -8.9820359e-002
 -2.9940120e-002  3.4131737e-001
 -1.7964072e-002  7.7245509e-001
 -5.9880240e-003 -7.9640719e-001
  5.9880240e-003 -3.6526946e-001
  1.7964072e-002  6.5868263e-002
  2.9940120e-002  4.9700599e-001
  4.1916168e-002  9.2814371e-001
  5.3892216e-002 -6.4071856e-001
  6.5868263e-002 -2.0958084e-001
  7.7844311e-002  2.2155689e-001
  8.9820359e-002  6.5269461e-001
  1.0179641e-001 -9.1616766e-001
  1.1377246e-001 -4.8502994e-001
  1.2574850e-001 -5.3892216e-002
  1.3772455e-001  3.7724551e-001
  1.4970060e-001  8.0838323e-001
  1.6167665e-001 -7.6047904e-001
  1.7365269e-001 -3.2934132e-001
  1.8562874e-001  1.0179641e-001
  1.9760479e-001  5.3293413e-001
  2.0958084e-001  9.6407186e-001
  2.2155689e-001 -6.0479042e-001
  2.3353293e-001 -1.7365269e-001
  2.4550898e-001  2.5748503e-001
  2.5748503e-001  6.8862275e-001
  2.6946108e-001 -8.8023952e-001
  2.8143713e-001 -4.4910180e-001
  2.9341317e-001 -1.7964072e-002
  3.0538922e-001  4.1317365e-001
  3.1736527e-001  8.4431138e-001
  3.2934132e-001 -7.2455090e-001
  3.4131737e-001 -2.9341317e-001
  3.5329341e-001  1.3772455e-001
  3.6526946e-001  5.6886228e-001
  3.7724551e-001  1.0000000e+000
  3.8922156e-001 -1.0000000e+000
  4.0119760e-001 -5.6886228e-001
  4.1317365e-001 -1.3772455e-001
  4.2514970e-001  2.9341317e-001
  4.3712575e-001  7.2455090e-001
  4.4910180e-001 -8.4431138e-001
  4.6107784e-001 -4.1317365e-001
  4.7305389e-001  1.7964072e-002
  4.8502994e-001  4.4910180e-001
  4.9700599e-001  8.8023952e-001
  5.0898204e-001 -6.8862275e-001
  5.2095808e-001 -2.5748503e-001
  5.3293413e-001  1.7365269e-001
  5.4491018e-001  6.0479042e-001
  5.5688623e-001 -9.6407186e-001
  5.6886228e-001 -5.3293413e-001
  5.8083832e-001 -1.0179641e-001
  5.9281437e-001  3.2934132e-001
  6.0479042e-001  7.6047904e-001
  6.1676647e-001 -8.0838323e-001
  6.2874251e-001 -3.7724551e-001
  6.4071856e-001  5.3892216e-002
  6.5269461e-001  4.8502994e-001
  6.6467066e-001  9.1616766e-001
  6.7664671e-001 -6.5269461e-001
  6.8862275e-001 -2.2155689e-001
  7.0059880e-001  2.0958084e-001
  7.1257485e-001  6.4071856e-001
  7.2455090e-001 -9.2814371e-001
  7.3652695e-001 -4.9700599e-001
  7.4850299e-001 -6.5868263e-002
  7.6047904e-001  3.6526946e-001
  7.7245509e-001  7.9640719e-001
  7.8443114e-001 -7.7245509e-001
  7.9640719e-001 -3.4131737e-001
  8.0838323e-001  8.9820359e-002
  8.2035928e-001  5.2095808e-001
  8.3233533e-001  9.5209581e-001
  8.4431138e-001 -6.1676647e-001
  8.5628743e-001 -1.8562874e-001
  8.6826347e-001  2.4550898e-001
  8.8023952e-001  6.7664671e-001
  8.9221557e-001 -8.9221557e-001
  9.0419162e-001 -4.6107784e-001
  9.1616766e-001 -2.9940120e-002
  9.2814371e-001  4.0119760e-001
  9.4011976e-001  8.3233533e-001
  9.5209581e-001 -7.3652695e-001
  9.6407186e-001 -3.0538922e-001
  9.7604790e-001  1.2574850e-001
  9.8802395e-001  5.5688623e-001
  1.0000000e+000  9.8802395e-001
