 -1.0000000e+000 -7.6119403e-001
 -9.7014925e-001 -4.9253731e-001
 -9.4029851e-001 -2.2388060e-001
 -9.1044776e-001  4.4776119e-002
 -8.8059701e-001  3.1343284e-001
 -8.5074627e-001  5.8208955e-001
 -8.2089552e-001  8.5074627e-001
 -7.9104478e-001 -9.1044776e-001
 -7.6119403e-001 -6.4179104e-001
 -7.3134328e-001 -3.7313433e-001
 -7.0149254e-001 -1.0447761e-001
 -6.7164179e-001  1.6417910e-001
 -6.4179104e-001  4.3283582e-001
 -6.1194030e-001  7.0149254e-001
 -5.8208955e-001  9.7014925e-001
 -5.5223881e-001 -7.9104478e-001
 -5.2238806e-001 -5.2238806e-001
 -4.9253731e-001 -2.5373134e-001
 -4.6268657e-001  1.4925373e-002
 -4.3283582e-001  2.8358209e-001
 -4.0298507e-001  5.5223881e-001
 -3.7313433e-001  8.2089552e-001
 -3.4328358e-001 -9.4029851e-001
 -3.1343284e-001 -6.7164179e-001
 -2.8358209e-001 -4.0298507e-001
 -2.5373134e-001 -1.3432836e-001
 -2.2388060e-001  1.3432836e-001
 -1.9402985e-001  4.0298507e-001
 -1.6417910e-001  6.7164179e-001
 -1.3432836e-001  9.4029851e-001
 -1.0447761e-001 -8.2089552e-001
 -7.4626866e-002 -5.5223881e-001
 -4.4776119e-002 -2.8358209e-001
 -1.4925373e-002 -1.4925373e-002
  1.4925373e-002  2.5373134e-001
  4.4776119e-002  5.2238806e-001
  7.4626866e-002  7.9104478e-001
  1.0447761e-001 -9.7014925e-001
  1.3432836e-001 -7.0149254e-001
  1.6417910e-001 -4.3283582e-001
  1.9402985e-001 -1.6417910e-001
  2.2388060e-001  1.0447761e-001
  2.5373134e-001  3.7313433e-001
  2.8358209e-001  6.4179104e-001
  3.1343284e-001  9.1044776e-001
  3.4328358e-001 -8.5074627e-001
  3.7313433e-001 -5.8208955e-001
  4.0298507e-001 -3.1343284e-001
  4.3283582e-001 -4.4776119e-002
  4.6268657e-001  2.2388060e-001
  4.9253731e-001  4.9253731e-001
  5.2238806e-001  7.6119403e-001
  5.5223881e-001 -1.0000000e+000
  5.8208955e-001 -7.3134328e-001
  6.1194030e-001 -4.6268657e-001
  6.4179104e-001 -1.9402985e-001
  6.7164179e-001  7.4626866e-002
  7.0149254e-001  3.4328358e-001
  7.3134328e-001  6.1194030e-001
  7.6119403e-001  8.8059701e-001
  7.9104478e-001 -8.8059701e-001
  8.2089552e-001 -6.1194030e-001
  8.5074627e-001 -3.4328358e-001
  8.8059701e-001 -7.4626866e-002
  9.1044776e-001  1.9402985e-001
  9.4029851e-001  4.6268657e-001
  9.7014925e-001  7.3134328e-001
  1.0000000e+000  1.0000000e+000
