 -1.0000000e+000 -2.9729730e-001
 -9.8918919e-001  4.1621622e-001
 -9.7837838e-001 -8.5945946e-001
 -9.6756757e-001 -1.4594595e-001
 -9.5675676e-001  5.6756757e-001
 -9.4594595e-001 -7.0810811e-001
 -9.3513514e-001  5.4054054e-003
 -9.2432432e-001  7.1891892e-001
 -9.1351351e-001 -5.5675676e-001
 -9.0270270e-001  1.5675676e-001
 -8.9189189e-001  8.7027027e-001
 -8.8108108e-001 -4.0540541e-001
 -8.7027027e-001  3.0810811e-001
 -8.5945946e-001 -9.6756757e-001
 -8.4864865e-001 -2.5405405e-001
 -8.3783784e-001  4.5945946e-001
 -8.2702703e-001 -8.1621622e-001
 -8.1621622e-001 -1.0270270e-001
 -8.0540541e-001  6.1081081e-001
 -7.9459459e-001 -6.6486486e-001
 -7.8378378e-001  4.8648649e-002
 -7.7297297e-001  7.6216216e-001
 -7.6216216e-001 -5.1351351e-001
 -7.5135135e-001  2.0000000e-001
 -7.4054054e-001  9.1351351e-001
 -7.2972973e-001 -3.6216216e-001
 -7.1891892e-001  3.5135135e-001
 -7.0810811e-001 -9.2432432e-001
 -6.9729730e-001 -2.1081081e-001
 -6.8648649e-001  5.0270270e-001
 -6.7567568e-001 -7.7297297e-001
 -6.6486486e-001 -5.9459459e-002
 -6.5405405e-001  6.5405405e-001
 -6.4324324e-001 -6.2162162e-001
 -6.3243243e-001  9.1891892e-002
 -6.2162162e-001  8.0540541e-001
 -6.1081081e-001 -4.7027027e-001
 -6.0000000e-001  2.4324324e-001
 -5.8918919e-001  9.5675676e-001
 -5.7837838e-001 -3.1891892e-001
 -5.6756757e-001  3.9459459e-001
 -5.5675676e-001 -8.8108108e-001
 -5.4594595e-001 -1.6756757e-001
 -5.3513514e-001  5.4594595e-001
 -5.2432432e-001 -7.2972973e-001
 -5.1351351e-001 -1.6216216e-002
 -5.0270270e-001  6.9729730e-001
 -4.9189189e-001 -5.7837838e-001
 -4.8108108e-001  1.3513514e-001
 -4.7027027e-001  8.4864865e-001
 -4.5945946e-001 -4.2702703e-001
 -4.4864865e-001  2.8648649e-001
 -4.3783784e-001  1.0000000e+000
 -4.2702703e-001 -9.8918919e-001
 -4.1621622e-001 -2.7567568e-001
 -4.0540541e-001  4.3783784e-001
 -3.9459459e-001 -8.3783784e-001
 -3.8378378e-001 -1.2432432e-001
 -3.7297297e-001  5.8918919e-001
 -3.6216216e-001 -6.8648649e-001
 -3.5135135e-001  2.7027027e-002
 -3.4054054e-001  7.4054054e-001
 -3.2972973e-001 -5.3513514e-001
 -3.1891892e-001  1.7837838e-001
 -3.0810811e-001  8.9189189e-001
 -2.9729730e-001 -3.8378378e-001
 -2.8648649e-001  3.2972973e-001
 -2.7567568e-001 -9.4594595e-001
 -2.6486486e-001 -2.3243243e-001
 -2.5405405e-001  4.8108108e-001
 -2.4324324e-001 -7.9459459e-001
 -2.3243243e-001 -8.1081081e-002
 -2.2162162e-001  6.3243243e-001
 -2.1081081e-001 -6.4324324e-001
 -2.0000000e-001  7.0270270e-002
 -1.8918919e-001  7.8378378e-001
 -1.7837838e-001 -4.9189189e-001
 -1.6756757e-001  2.2162162e-001
 -1.5675676e-001  9.3513514e-001
 -1.4594595e-001 -3.4054054e-001
 -1.3513514e-001  3.7297297e-001
 -1.2432432e-001 -9.0270270e-001
 -1.1351351e-001 -1.8918919e-001
 -1.0270270e-001  5.2432432e-001
 -9.1891892e-002 -7.5135135e-001
 -8.1081081e-002 -3.7837838e-002
 -7.0270270e-002  6.7567568e-001
 -5.9459459e-002 -6.0000000e-001
 -4.8648649e-002  1.1351351e-001
 -3.7837838e-002  8.2702703e-001
 -2.7027027e-002 -4.4864865e-001
 -1.6216216e-002  2.6486486e-001
 -5.4054054e-003  9.7837838e-001
  5.4054054e-003 -1.0000000e+000
  1.6216216e-002 -2.8648649e-001
  2.7027027e-002  4.2702703e-001
  3.7837838e-002 -8.4864865e-001
  4.8648649e-002 -1.3513514e-001
  5.9459459e-002  5.7837838e-001
  7.0270270e-002 -6.9729730e-001
  8.1081081e-002  1.6216216e-002
  9.1891892e-002  7.2972973e-001
  1.0270270e-001 -5.4594595e-001
  1.1351351e-001  1.6756757e-001
  1.2432432e-001  8.8108108e-001
  1.3513514e-001 -3.9459459e-001
  1.4594595e-001  3.1891892e-001
  1.5675676e-001 -9.5675676e-001
  1.6756757e-001 -2.4324324e-001
  1.7837838e-001  4.7027027e-001
  1.8918919e-001 -8.0540541e-001
  2.0000000e-001 -9.1891892e-002
  2.1081081e-001  6.2162162e-001
  2.2162162e-001 -6.5405405e-001
  2.3243243e-001  5.9459459e-002
  2.4324324e-001  7.7297297e-001
  2.5405405e-001 -5.0270270e-001
  2.6486486e-001  2.1081081e-001
  2.7567568e-001  9.2432432e-001
  2.8648649e-001 -3.5135135e-001
  2.9729730e-001  3.6216216e-001
  3.0810811e-001 -9.1351351e-001
  3.1891892e-001 -2.0000000e-001
  3.2972973e-001  5.1351351e-001
  3.4054054e-001 -7.6216216e-001
  3.5135135e-001 -4.8648649e-002
  3.6216216e-001  6.6486486e-001
  3.7297297e-001 -6.1081081e-001
  3.8378378e-001  1.0270270e-001
  3.9459459e-001  8.1621622e-001
  4.0540541e-001 -4.5945946e-001
  4.1621622e-001  2.5405405e-001
  4.2702703e-001  9.6756757e-001
  4.3783784e-001 -3.0810811e-001
  4.4864865e-001  4.0540541e-001
  4.5945946e-001 -8.7027027e-001
  4.7027027e-001 -1.5675676e-001
  4.8108108e-001  5.5675676e-001
  4.9189189e-001 -7.1891892e-001
  5.0270270e-001 -5.4054054e-003
  5.1351351e-001  7.0810811e-001
  5.2432432e-001 -5.6756757e-001
  5.3513514e-001  1.4594595e-001
  5.4594595e-001  8.5945946e-001
  5.5675676e-001 -4.1621622e-001
  5.6756757e-001  2.9729730e-001
  5.7837838e-001 -9.7837838e-001
  5.8918919e-001 -2.6486486e-001
  6.0000000e-001  4.4864865e-001
  6.1081081e-001 -8.2702703e-001
  6.2162162e-001 -1.1351351e-001
  6.3243243e-001  6.0000000e-001
  6.4324324e-001 -6.7567568e-001
  6.5405405e-001  3.7837838e-002
  6.6486486e-001  7.5135135e-001
  6.7567568e-001 -5.2432432e-001
  6.8648649e-001  1.8918919e-001
  6.9729730e-001  9.0270270e-001
  7.0810811e-001 -3.7297297e-001
  7.1891892e-001  3.4054054e-001
  7.2972973e-001 -9.3513514e-001
  7.4054054e-001 -2.2162162e-001
  7.5135135e-001  4.9189189e-001
  7.6216216e-001 -7.8378378e-001
  7.7297297e-001 -7.0270270e-002
  7.8378378e-001  6.4324324e-001
  7.9459459e-001 -6.3243243e-001
  8.0540541e-001  8.1081081e-002
  8.1621622e-001  7.9459459e-001
  8.2702703e-001 -4.8108108e-001
  8.3783784e-001  2.3243243e-001
  8.4864865e-001  9.4594595e-001
  8.5945946e-001 -3.2972973e-001
  8.7027027e-001  3.8378378e-001
  8.8108108e-001 -8.9189189e-001
  8.9189189e-001 -1.7837838e-001
  9.0270270e-001  5.3513514e-001
  9.1351351e-001 -7.4054054e-001
  9.2432432e-001 -2.7027027e-002
  9.3513514e-001  6.8648649e-001
  9.4594595e-001 -5.8918919e-001
  9.5675676e-001  1.2432432e-001
  9.6756757e-001  8.3783784e-001
  9.7837838e-001 -4.3783784e-001
  9.8918919e-001  2.7567568e-001
  1.0000000e+000  9.8918919e-001
