 -1.0000000e+000 -5.5555556e-001
 -8.8888889e-001  0.0000000e+000
 -7.7777778e-001  5.5555556e-001
 -6.6666667e-001 -8.8888889e-001
 -5.5555556e-001 -3.3333333e-001
 -4.4444444e-001  2.2222222e-001
 -3.3333333e-001  7.7777778e-001
 -2.2222222e-001 -6.6666667e-001
 -1.1111111e-001 -1.1111111e-001
  0.0000000e+000  4.4444444e-001
  1.1111111e-001  1.0000000e+000
  2.2222222e-001 -1.0000000e+000
  3.3333333e-001 -4.4444444e-001
  4.4444444e-001  1.1111111e-001
  5.5555556e-001  6.6666667e-001
  6.6666667e-001 -7.7777778e-001
  7.7777778e-001 -2.2222222e-001
  8.8888889e-001  3.3333333e-001
  1.0000000e+000  8.8888889e-001
