 -1.0000000e+000 -3.1623932e-001
 -9.8290598e-001  3.8461538e-001
 -9.6581197e-001 -8.2905983e-001
 -9.4871795e-001 -1.2820513e-001
 -9.3162393e-001  5.7264957e-001
 -9.1452991e-001 -6.4102564e-001
 -8.9743590e-001  5.9829060e-002
 -8.8034188e-001  7.6068376e-001
 -8.6324786e-001 -4.5299145e-001
 -8.4615385e-001  2.4786325e-001
 -8.2905983e-001  9.4871795e-001
 -8.1196581e-001 -9.6581197e-001
 -7.9487179e-001 -2.6495726e-001
 -7.7777778e-001  4.3589744e-001
 -7.6068376e-001 -7.7777778e-001
 -7.4358974e-001 -7.6923077e-002
 -7.2649573e-001  6.2393162e-001
 -7.0940171e-001 -5.8974359e-001
 -6.9230769e-001  1.1111111e-001
 -6.7521368e-001  8.1196581e-001
 -6.5811966e-001 -4.0170940e-001
 -6.4102564e-001  2.9914530e-001
 -6.2393162e-001  1.0000000e+000
 -6.0683761e-001 -9.1452991e-001
 -5.8974359e-001 -2.1367521e-001
 -5.7264957e-001  4.8717949e-001
 -5.5555556e-001 -7.2649573e-001
 -5.3846154e-001 -2.5641026e-002
 -5.2136752e-001  6.7521368e-001
 -5.0427350e-001 -5.3846154e-001
 -4.8717949e-001  1.6239316e-001
 -4.7008547e-001  8.6324786e-001
 -4.5299145e-001 -3.5042735e-001
 -4.3589744e-001  3.5042735e-001
 -4.1880342e-001 -8.6324786e-001
 -4.0170940e-001 -1.6239316e-001
 -3.8461538e-001  5.3846154e-001
 -3.6752137e-001 -6.7521368e-001
 -3.5042735e-001  2.5641026e-002
 -3.3333333e-001  7.2649573e-001
 -3.1623932e-001 -4.8717949e-001
 -2.9914530e-001  2.1367521e-001
 -2.8205128e-001  9.1452991e-001
 -2.6495726e-001 -1.0000000e+000
 -2.4786325e-001 -2.9914530e-001
 -2.3076923e-001  4.0170940e-001
 -2.1367521e-001 -8.1196581e-001
 -1.9658120e-001 -1.1111111e-001
 -1.7948718e-001  5.8974359e-001
 -1.6239316e-001 -6.2393162e-001
 -1.4529915e-001  7.6923077e-002
 -1.2820513e-001  7.7777778e-001
 -1.1111111e-001 -4.3589744e-001
 -9.4017094e-002  2.6495726e-001
 -7.6923077e-002  9.6581197e-001
 -5.9829060e-002 -9.4871795e-001
 -4.2735043e-002 -2.4786325e-001
 -2.5641026e-002  4.5299145e-001
 -8.5470085e-003 -7.6068376e-001
  8.5470085e-003 -5.9829060e-002
  2.5641026e-002  6.4102564e-001
  4.2735043e-002 -5.7264957e-001
  5.9829060e-002  1.2820513e-001
  7.6923077e-002  8.2905983e-001
  9.4017094e-002 -3.8461538e-001
  1.1111111e-001  3.1623932e-001
  1.2820513e-001 -8.9743590e-001
  1.4529915e-001 -1.9658120e-001
  1.6239316e-001  5.0427350e-001
  1.7948718e-001 -7.0940171e-001
  1.9658120e-001 -8.5470085e-003
  2.1367521e-001  6.9230769e-001
  2.3076923e-001 -5.2136752e-001
  2.4786325e-001  1.7948718e-001
  2.6495726e-001  8.8034188e-001
  2.8205128e-001 -3.3333333e-001
  2.9914530e-001  3.6752137e-001
  3.1623932e-001 -8.4615385e-001
  3.3333333e-001 -1.4529915e-001
  3.5042735e-001  5.5555556e-001
  3.6752137e-001 -6.5811966e-001
  3.8461538e-001  4.2735043e-002
  4.0170940e-001  7.4358974e-001
  4.1880342e-001 -4.7008547e-001
  4.3589744e-001  2.3076923e-001
  4.5299145e-001  9.3162393e-001
  4.7008547e-001 -9.8290598e-001
  4.8717949e-001 -2.8205128e-001
  5.0427350e-001  4.1880342e-001
  5.2136752e-001 -7.9487179e-001
  5.3846154e-001 -9.4017094e-002
  5.5555556e-001  6.0683761e-001
  5.7264957e-001 -6.0683761e-001
  5.8974359e-001  9.4017094e-002
  6.0683761e-001  7.9487179e-001
  6.2393162e-001 -4.1880342e-001
  6.4102564e-001  2.8205128e-001
  6.5811966e-001  9.8290598e-001
  6.7521368e-001 -9.3162393e-001
  6.9230769e-001 -2.3076923e-001
  7.0940171e-001  4.7008547e-001
  7.2649573e-001 -7.4358974e-001
  7.4358974e-001 -4.2735043e-002
  7.6068376e-001  6.5811966e-001
  7.7777778e-001 -5.5555556e-001
  7.9487179e-001  1.4529915e-001
  8.1196581e-001  8.4615385e-001
  8.2905983e-001 -3.6752137e-001
  8.4615385e-001  3.3333333e-001
  8.6324786e-001 -8.8034188e-001
  8.8034188e-001 -1.7948718e-001
  8.9743590e-001  5.2136752e-001
  9.1452991e-001 -6.9230769e-001
  9.3162393e-001  8.5470085e-003
  9.4871795e-001  7.0940171e-001
  9.6581197e-001 -5.0427350e-001
  9.8290598e-001  1.9658120e-001
  1.0000000e+000  8.9743590e-001
