 -1.0000000e+000 -8.1052632e-001
 -9.7894737e-001 -6.0000000e-001
 -9.5789474e-001 -3.8947368e-001
 -9.3684211e-001 -1.7894737e-001
 -9.1578947e-001  3.1578947e-002
 -8.9473684e-001  2.4210526e-001
 -8.7368421e-001  4.5263158e-001
 -8.5263158e-001  6.6315789e-001
 -8.3157895e-001  8.7368421e-001
 -8.1052632e-001 -9.5789474e-001
 -7.8947368e-001 -7.4736842e-001
 -7.6842105e-001 -5.3684211e-001
 -7.4736842e-001 -3.2631579e-001
 -7.2631579e-001 -1.1578947e-001
 -7.0526316e-001  9.4736842e-002
 -6.8421053e-001  3.0526316e-001
 -6.6315789e-001  5.1578947e-001
 -6.4210526e-001  7.2631579e-001
 -6.2105263e-001  9.3684211e-001
 -6.0000000e-001 -8.9473684e-001
 -5.7894737e-001 -6.8421053e-001
 -5.5789474e-001 -4.7368421e-001
 -5.3684211e-001 -2.6315789e-001
 -5.1578947e-001 -5.2631579e-002
 -4.9473684e-001  1.5789474e-001
 -4.7368421e-001  3.6842105e-001
 -4.5263158e-001  5.7894737e-001
 -4.3157895e-001  7.8947368e-001
 -4.1052632e-001  1.0000000e+000
 -3.8947368e-001 -8.3157895e-001
 -3.6842105e-001 -6.2105263e-001
 -3.4736842e-001 -4.1052632e-001
 -3.2631579e-001 -2.0000000e-001
 -3.0526316e-001  1.0526316e-002
 -2.8421053e-001  2.2105263e-001
 -2.6315789e-001  4.3157895e-001
 -2.4210526e-001  6.4210526e-001
 -2.2105263e-001  8.5263158e-001
 -2.0000000e-001 -9.7894737e-001
 -1.7894737e-001 -7.6842105e-001
 -1.5789474e-001 -5.5789474e-001
 -1.3684211e-001 -3.4736842e-001
 -1.1578947e-001 -1.3684211e-001
 -9.4736842e-002  7.3684211e-002
 -7.3684211e-002  2.8421053e-001
 -5.2631579e-002  4.9473684e-001
 -3.1578947e-002  7.0526316e-001
 -1.0526316e-002  9.1578947e-001
  1.0526316e-002 -9.1578947e-001
  3.1578947e-002 -7.0526316e-001
  5.2631579e-002 -4.9473684e-001
  7.3684211e-002 -2.8421053e-001
  9.4736842e-002 -7.3684211e-002
  1.1578947e-001  1.3684211e-001
  1.3684211e-001  3.4736842e-001
  1.5789474e-001  5.5789474e-001
  1.7894737e-001  7.6842105e-001
  2.0000000e-001  9.7894737e-001
  2.2105263e-001 -8.5263158e-001
  2.4210526e-001 -6.4210526e-001
  2.6315789e-001 -4.3157895e-001
  2.8421053e-001 -2.2105263e-001
  3.0526316e-001 -1.0526316e-002
  3.2631579e-001  2.0000000e-001
  3.4736842e-001  4.1052632e-001
  3.6842105e-001  6.2105263e-001
  3.8947368e-001  8.3157895e-001
  4.1052632e-001 -1.0000000e+000
  4.3157895e-001 -7.8947368e-001
  4.5263158e-001 -5.7894737e-001
  4.7368421e-001 -3.6842105e-001
  4.9473684e-001 -1.5789474e-001
  5.1578947e-001  5.2631579e-002
  5.3684211e-001  2.6315789e-001
  5.5789474e-001  4.7368421e-001
  5.7894737e-001  6.8421053e-001
  6.0000000e-001  8.9473684e-001
  6.2105263e-001 -9.3684211e-001
  6.4210526e-001 -7.2631579e-001
  6.6315789e-001 -5.1578947e-001
  6.8421053e-001 -3.0526316e-001
  7.0526316e-001 -9.4736842e-002
  7.2631579e-001  1.1578947e-001
  7.4736842e-001  3.2631579e-001
  7.6842105e-001  5.3684211e-001
  7.8947368e-001  7.4736842e-001
  8.1052632e-001  9.5789474e-001
  8.3157895e-001 -8.7368421e-001
  8.5263158e-001 -6.6315789e-001
  8.7368421e-001 -4.5263158e-001
  8.9473684e-001 -2.4210526e-001
  9.1578947e-001 -3.1578947e-002
  9.3684211e-001  1.7894737e-001
  9.5789474e-001  3.8947368e-001
  9.7894737e-001  6.0000000e-001
  1.0000000e+000  8.1052632e-001
