 -1.0000000e+000 -5.5974843e-001
 -9.8742138e-001 -1.0691824e-001
 -9.7484277e-001  3.4591195e-001
 -9.6226415e-001  7.9874214e-001
 -9.4968553e-001 -7.2327044e-001
 -9.3710692e-001 -2.7044025e-001
 -9.2452830e-001  1.8238994e-001
 -9.1194969e-001  6.3522013e-001
 -8.9937107e-001 -8.8679245e-001
 -8.8679245e-001 -4.3396226e-001
 -8.7421384e-001  1.8867925e-002
 -8.6163522e-001  4.7169811e-001
 -8.4905660e-001  9.2452830e-001
 -8.3647799e-001 -5.9748428e-001
 -8.2389937e-001 -1.4465409e-001
 -8.1132075e-001  3.0817610e-001
 -7.9874214e-001  7.6100629e-001
 -7.8616352e-001 -7.6100629e-001
 -7.7358491e-001 -3.0817610e-001
 -7.6100629e-001  1.4465409e-001
 -7.4842767e-001  5.9748428e-001
 -7.3584906e-001 -9.2452830e-001
 -7.2327044e-001 -4.7169811e-001
 -7.1069182e-001 -1.8867925e-002
 -6.9811321e-001  4.3396226e-001
 -6.8553459e-001  8.8679245e-001
 -6.7295597e-001 -6.3522013e-001
 -6.6037736e-001 -1.8238994e-001
 -6.4779874e-001  2.7044025e-001
 -6.3522013e-001  7.2327044e-001
 -6.2264151e-001 -7.9874214e-001
 -6.1006289e-001 -3.4591195e-001
 -5.9748428e-001  1.0691824e-001
 -5.8490566e-001  5.5974843e-001
 -5.7232704e-001 -9.6226415e-001
 -5.5974843e-001 -5.0943396e-001
 -5.4716981e-001 -5.6603774e-002
 -5.3459119e-001  3.9622642e-001
 -5.2201258e-001  8.4905660e-001
 -5.0943396e-001 -6.7295597e-001
 -4.9685535e-001 -2.2012579e-001
 -4.8427673e-001  2.3270440e-001
 -4.7169811e-001  6.8553459e-001
 -4.5911950e-001 -8.3647799e-001
 -4.4654088e-001 -3.8364780e-001
 -4.3396226e-001  6.9182390e-002
 -4.2138365e-001  5.2201258e-001
 -4.0880503e-001  9.7484277e-001
 -3.9622642e-001 -1.0000000e+000
 -3.8364780e-001 -5.4716981e-001
 -3.7106918e-001 -9.4339623e-002
 -3.5849057e-001  3.5849057e-001
 -3.4591195e-001  8.1132075e-001
 -3.3333333e-001 -7.1069182e-001
 -3.2075472e-001 -2.5786164e-001
 -3.0817610e-001  1.9496855e-001
 -2.9559748e-001  6.4779874e-001
 -2.8301887e-001 -8.7421384e-001
 -2.7044025e-001 -4.2138365e-001
 -2.5786164e-001  3.1446541e-002
 -2.4528302e-001  4.8427673e-001
 -2.3270440e-001  9.3710692e-001
 -2.2012579e-001 -5.8490566e-001
 -2.0754717e-001 -1.3207547e-001
 -1.9496855e-001  3.2075472e-001
 -1.8238994e-001  7.7358491e-001
 -1.6981132e-001 -7.4842767e-001
 -1.5723270e-001 -2.9559748e-001
 -1.4465409e-001  1.5723270e-001
 -1.3207547e-001  6.1006289e-001
 -1.1949686e-001 -9.1194969e-001
 -1.0691824e-001 -4.5911950e-001
 -9.4339623e-002 -6.2893082e-003
 -8.1761006e-002  4.4654088e-001
 -6.9182390e-002  8.9937107e-001
 -5.6603774e-002 -6.2264151e-001
 -4.4025157e-002 -1.6981132e-001
 -3.1446541e-002  2.8301887e-001
 -1.8867925e-002  7.3584906e-001
 -6.2893082e-003 -7.8616352e-001
  6.2893082e-003 -3.3333333e-001
  1.8867925e-002  1.1949686e-001
  3.1446541e-002  5.7232704e-001
  4.4025157e-002 -9.4968553e-001
  5.6603774e-002 -4.9685535e-001
  6.9182390e-002 -4.4025157e-002
  8.1761006e-002  4.0880503e-001
  9.4339623e-002  8.6163522e-001
  1.0691824e-001 -6.6037736e-001
  1.1949686e-001 -2.0754717e-001
  1.3207547e-001  2.4528302e-001
  1.4465409e-001  6.9811321e-001
  1.5723270e-001 -8.2389937e-001
  1.6981132e-001 -3.7106918e-001
  1.8238994e-001  8.1761006e-002
  1.9496855e-001  5.3459119e-001
  2.0754717e-001  9.8742138e-001
  2.2012579e-001 -9.8742138e-001
  2.3270440e-001 -5.3459119e-001
  2.4528302e-001 -8.1761006e-002
  2.5786164e-001  3.7106918e-001
  2.7044025e-001  8.2389937e-001
  2.8301887e-001 -6.9811321e-001
  2.9559748e-001 -2.4528302e-001
  3.0817610e-001  2.0754717e-001
  3.2075472e-001  6.6037736e-001
  3.3333333e-001 -8.6163522e-001
  3.4591195e-001 -4.0880503e-001
  3.5849057e-001  4.4025157e-002
  3.7106918e-001  4.9685535e-001
  3.8364780e-001  9.4968553e-001
  3.9622642e-001 -5.7232704e-001
  4.0880503e-001 -1.1949686e-001
  4.2138365e-001  3.3333333e-001
  4.3396226e-001  7.8616352e-001
  4.4654088e-001 -7.3584906e-001
  4.5911950e-001 -2.8301887e-001
  4.7169811e-001  1.6981132e-001
  4.8427673e-001  6.2264151e-001
  4.9685535e-001 -8.9937107e-001
  5.0943396e-001 -4.4654088e-001
  5.2201258e-001  6.2893082e-003
  5.3459119e-001  4.5911950e-001
  5.4716981e-001  9.1194969e-001
  5.5974843e-001 -6.1006289e-001
  5.7232704e-001 -1.5723270e-001
  5.8490566e-001  2.9559748e-001
  5.9748428e-001  7.4842767e-001
  6.1006289e-001 -7.7358491e-001
  6.2264151e-001 -3.2075472e-001
  6.3522013e-001  1.3207547e-001
  6.4779874e-001  5.8490566e-001
  6.6037736e-001 -9.3710692e-001
  6.7295597e-001 -4.8427673e-001
  6.8553459e-001 -3.1446541e-002
  6.9811321e-001  4.2138365e-001
  7.1069182e-001  8.7421384e-001
  7.2327044e-001 -6.4779874e-001
  7.3584906e-001 -1.9496855e-001
  7.4842767e-001  2.5786164e-001
  7.6100629e-001  7.1069182e-001
  7.7358491e-001 -8.1132075e-001
  7.8616352e-001 -3.5849057e-001
  7.9874214e-001  9.4339623e-002
  8.1132075e-001  5.4716981e-001
  8.2389937e-001  1.0000000e+000
  8.3647799e-001 -9.7484277e-001
  8.4905660e-001 -5.2201258e-001
  8.6163522e-001 -6.9182390e-002
  8.7421384e-001  3.8364780e-001
  8.8679245e-001  8.3647799e-001
  8.9937107e-001 -6.8553459e-001
  9.1194969e-001 -2.3270440e-001
  9.2452830e-001  2.2012579e-001
  9.3710692e-001  6.7295597e-001
  9.4968553e-001 -8.4905660e-001
  9.6226415e-001 -3.9622642e-001
  9.7484277e-001  5.6603774e-002
  9.8742138e-001  5.0943396e-001
  1.0000000e+000  9.6226415e-001
