 -1.0000000e+000 -4.2857143e-001
 -9.7802198e-001  1.6483516e-001
 -9.5604396e-001  7.5824176e-001
 -9.3406593e-001 -6.4835165e-001
 -9.1208791e-001 -5.4945055e-002
 -8.9010989e-001  5.3846154e-001
 -8.6813187e-001 -8.6813187e-001
 -8.4615385e-001 -2.7472527e-001
 -8.2417582e-001  3.1868132e-001
 -8.0219780e-001  9.1208791e-001
 -7.8021978e-001 -4.9450549e-001
 -7.5824176e-001  9.8901099e-002
 -7.3626374e-001  6.9230769e-001
 -7.1428571e-001 -7.1428571e-001
 -6.9230769e-001 -1.2087912e-001
 -6.7032967e-001  4.7252747e-001
 -6.4835165e-001 -9.3406593e-001
 -6.2637363e-001 -3.4065934e-001
 -6.0439560e-001  2.5274725e-001
 -5.8241758e-001  8.4615385e-001
 -5.6043956e-001 -5.6043956e-001
 -5.3846154e-001  3.2967033e-002
 -5.1648352e-001  6.2637363e-001
 -4.9450549e-001 -7.8021978e-001
 -4.7252747e-001 -1.8681319e-001
 -4.5054945e-001  4.0659341e-001
 -4.2857143e-001  1.0000000e+000
 -4.0659341e-001 -1.0000000e+000
 -3.8461538e-001 -4.0659341e-001
 -3.6263736e-001  1.8681319e-001
 -3.4065934e-001  7.8021978e-001
 -3.1868132e-001 -6.2637363e-001
 -2.9670330e-001 -3.2967033e-002
 -2.7472527e-001  5.6043956e-001
 -2.5274725e-001 -8.4615385e-001
 -2.3076923e-001 -2.5274725e-001
 -2.0879121e-001  3.4065934e-001
 -1.8681319e-001  9.3406593e-001
 -1.6483516e-001 -4.7252747e-001
 -1.4285714e-001  1.2087912e-001
 -1.2087912e-001  7.1428571e-001
 -9.8901099e-002 -6.9230769e-001
 -7.6923077e-002 -9.8901099e-002
 -5.4945055e-002  4.9450549e-001
 -3.2967033e-002 -9.1208791e-001
 -1.0989011e-002 -3.1868132e-001
  1.0989011e-002  2.7472527e-001
  3.2967033e-002  8.6813187e-001
  5.4945055e-002 -5.3846154e-001
  7.6923077e-002  5.4945055e-002
  9.8901099e-002  6.4835165e-001
  1.2087912e-001 -7.5824176e-001
  1.4285714e-001 -1.6483516e-001
  1.6483516e-001  4.2857143e-001
  1.8681319e-001 -9.7802198e-001
  2.0879121e-001 -3.8461538e-001
  2.3076923e-001  2.0879121e-001
  2.5274725e-001  8.0219780e-001
  2.7472527e-001 -6.0439560e-001
  2.9670330e-001 -1.0989011e-002
  3.1868132e-001  5.8241758e-001
  3.4065934e-001 -8.2417582e-001
  3.6263736e-001 -2.3076923e-001
  3.8461538e-001  3.6263736e-001
  4.0659341e-001  9.5604396e-001
  4.2857143e-001 -4.5054945e-001
  4.5054945e-001  1.4285714e-001
  4.7252747e-001  7.3626374e-001
  4.9450549e-001 -6.7032967e-001
  5.1648352e-001 -7.6923077e-002
  5.3846154e-001  5.1648352e-001
  5.6043956e-001 -8.9010989e-001
  5.8241758e-001 -2.9670330e-001
  6.0439560e-001  2.9670330e-001
  6.2637363e-001  8.9010989e-001
  6.4835165e-001 -5.1648352e-001
  6.7032967e-001  7.6923077e-002
  6.9230769e-001  6.7032967e-001
  7.1428571e-001 -7.3626374e-001
  7.3626374e-001 -1.4285714e-001
  7.5824176e-001  4.5054945e-001
  7.8021978e-001 -9.5604396e-001
  8.0219780e-001 -3.6263736e-001
  8.2417582e-001  2.3076923e-001
  8.4615385e-001  8.2417582e-001
  8.6813187e-001 -5.8241758e-001
  8.9010989e-001  1.0989011e-002
  9.1208791e-001  6.0439560e-001
  9.3406593e-001 -8.0219780e-001
  9.5604396e-001 -2.0879121e-001
  9.7802198e-001  3.8461538e-001
  1.0000000e+000  9.7802198e-001
