 -1.0000000e+000 -5.8139535e-001
 -9.8837209e-001 -1.5116279e-001
 -9.7674419e-001  2.7906977e-001
 -9.6511628e-001  7.0930233e-001
 -9.5348837e-001 -8.6046512e-001
 -9.4186047e-001 -4.3023256e-001
 -9.3023256e-001  0.0000000e+000
 -9.1860465e-001  4.3023256e-001
 -9.0697674e-001  8.6046512e-001
 -8.9534884e-001 -7.0930233e-001
 -8.8372093e-001 -2.7906977e-001
 -8.7209302e-001  1.5116279e-001
 -8.6046512e-001  5.8139535e-001
 -8.4883721e-001 -9.8837209e-001
 -8.3720930e-001 -5.5813953e-001
 -8.2558140e-001 -1.2790698e-001
 -8.1395349e-001  3.0232558e-001
 -8.0232558e-001  7.3255814e-001
 -7.9069767e-001 -8.3720930e-001
 -7.7906977e-001 -4.0697674e-001
 -7.6744186e-001  2.3255814e-002
 -7.5581395e-001  4.5348837e-001
 -7.4418605e-001  8.8372093e-001
 -7.3255814e-001 -6.8604651e-001
 -7.2093023e-001 -2.5581395e-001
 -7.0930233e-001  1.7441860e-001
 -6.9767442e-001  6.0465116e-001
 -6.8604651e-001 -9.6511628e-001
 -6.7441860e-001 -5.3488372e-001
 -6.6279070e-001 -1.0465116e-001
 -6.5116279e-001  3.2558140e-001
 -6.3953488e-001  7.5581395e-001
 -6.2790698e-001 -8.1395349e-001
 -6.1627907e-001 -3.8372093e-001
 -6.0465116e-001  4.6511628e-002
 -5.9302326e-001  4.7674419e-001
 -5.8139535e-001  9.0697674e-001
 -5.6976744e-001 -6.6279070e-001
 -5.5813953e-001 -2.3255814e-001
 -5.4651163e-001  1.9767442e-001
 -5.3488372e-001  6.2790698e-001
 -5.2325581e-001 -9.4186047e-001
 -5.1162791e-001 -5.1162791e-001
 -5.0000000e-001 -8.1395349e-002
 -4.8837209e-001  3.4883721e-001
 -4.7674419e-001  7.7906977e-001
 -4.6511628e-001 -7.9069767e-001
 -4.5348837e-001 -3.6046512e-001
 -4.4186047e-001  6.9767442e-002
 -4.3023256e-001  5.0000000e-001
 -4.1860465e-001  9.3023256e-001
 -4.0697674e-001 -6.3953488e-001
 -3.9534884e-001 -2.0930233e-001
 -3.8372093e-001  2.2093023e-001
 -3.7209302e-001  6.5116279e-001
 -3.6046512e-001 -9.1860465e-001
 -3.4883721e-001 -4.8837209e-001
 -3.3720930e-001 -5.8139535e-002
 -3.2558140e-001  3.7209302e-001
 -3.1395349e-001  8.0232558e-001
 -3.0232558e-001 -7.6744186e-001
 -2.9069767e-001 -3.3720930e-001
 -2.7906977e-001  9.3023256e-002
 -2.6744186e-001  5.2325581e-001
 -2.5581395e-001  9.5348837e-001
 -2.4418605e-001 -6.1627907e-001
 -2.3255814e-001 -1.8604651e-001
 -2.2093023e-001  2.4418605e-001
 -2.0930233e-001  6.7441860e-001
 -1.9767442e-001 -8.9534884e-001
 -1.8604651e-001 -4.6511628e-001
 -1.7441860e-001 -3.4883721e-002
 -1.6279070e-001  3.9534884e-001
 -1.5116279e-001  8.2558140e-001
 -1.3953488e-001 -7.4418605e-001
 -1.2790698e-001 -3.1395349e-001
 -1.1627907e-001  1.1627907e-001
 -1.0465116e-001  5.4651163e-001
 -9.3023256e-002  9.7674419e-001
 -8.1395349e-002 -5.9302326e-001
 -6.9767442e-002 -1.6279070e-001
 -5.8139535e-002  2.6744186e-001
 -4.6511628e-002  6.9767442e-001
 -3.4883721e-002 -8.7209302e-001
 -2.3255814e-002 -4.4186047e-001
 -1.1627907e-002 -1.1627907e-002
  0.0000000e+000  4.1860465e-001
  1.1627907e-002  8.4883721e-001
  2.3255814e-002 -7.2093023e-001
  3.4883721e-002 -2.9069767e-001
  4.6511628e-002  1.3953488e-001
  5.8139535e-002  5.6976744e-001
  6.9767442e-002  1.0000000e+000
  8.1395349e-002 -1.0000000e+000
  9.3023256e-002 -5.6976744e-001
  1.0465116e-001 -1.3953488e-001
  1.1627907e-001  2.9069767e-001
  1.2790698e-001  7.2093023e-001
  1.3953488e-001 -8.4883721e-001
  1.5116279e-001 -4.1860465e-001
  1.6279070e-001  1.1627907e-002
  1.7441860e-001  4.4186047e-001
  1.8604651e-001  8.7209302e-001
  1.9767442e-001 -6.9767442e-001
  2.0930233e-001 -2.6744186e-001
  2.2093023e-001  1.6279070e-001
  2.3255814e-001  5.9302326e-001
  2.4418605e-001 -9.7674419e-001
  2.5581395e-001 -5.4651163e-001
  2.6744186e-001 -1.1627907e-001
  2.7906977e-001  3.1395349e-001
  2.9069767e-001  7.4418605e-001
  3.0232558e-001 -8.2558140e-001
  3.1395349e-001 -3.9534884e-001
  3.2558140e-001  3.4883721e-002
  3.3720930e-001  4.6511628e-001
  3.4883721e-001  8.9534884e-001
  3.6046512e-001 -6.7441860e-001
  3.7209302e-001 -2.4418605e-001
  3.8372093e-001  1.8604651e-001
  3.9534884e-001  6.1627907e-001
  4.0697674e-001 -9.5348837e-001
  4.1860465e-001 -5.2325581e-001
  4.3023256e-001 -9.3023256e-002
  4.4186047e-001  3.3720930e-001
  4.5348837e-001  7.6744186e-001
  4.6511628e-001 -8.0232558e-001
  4.7674419e-001 -3.7209302e-001
  4.8837209e-001  5.8139535e-002
  5.0000000e-001  4.8837209e-001
  5.1162791e-001  9.1860465e-001
  5.2325581e-001 -6.5116279e-001
  5.3488372e-001 -2.2093023e-001
  5.4651163e-001  2.0930233e-001
  5.5813953e-001  6.3953488e-001
  5.6976744e-001 -9.3023256e-001
  5.8139535e-001 -5.0000000e-001
  5.9302326e-001 -6.9767442e-002
  6.0465116e-001  3.6046512e-001
  6.1627907e-001  7.9069767e-001
  6.2790698e-001 -7.7906977e-001
  6.3953488e-001 -3.4883721e-001
  6.5116279e-001  8.1395349e-002
  6.6279070e-001  5.1162791e-001
  6.7441860e-001  9.4186047e-001
  6.8604651e-001 -6.2790698e-001
  6.9767442e-001 -1.9767442e-001
  7.0930233e-001  2.3255814e-001
  7.2093023e-001  6.6279070e-001
  7.3255814e-001 -9.0697674e-001
  7.4418605e-001 -4.7674419e-001
  7.5581395e-001 -4.6511628e-002
  7.6744186e-001  3.8372093e-001
  7.7906977e-001  8.1395349e-001
  7.9069767e-001 -7.5581395e-001
  8.0232558e-001 -3.2558140e-001
  8.1395349e-001  1.0465116e-001
  8.2558140e-001  5.3488372e-001
  8.3720930e-001  9.6511628e-001
  8.4883721e-001 -6.0465116e-001
  8.6046512e-001 -1.7441860e-001
  8.7209302e-001  2.5581395e-001
  8.8372093e-001  6.8604651e-001
  8.9534884e-001 -8.8372093e-001
  9.0697674e-001 -4.5348837e-001
  9.1860465e-001 -2.3255814e-002
  9.3023256e-001  4.0697674e-001
  9.4186047e-001  8.3720930e-001
  9.5348837e-001 -7.3255814e-001
  9.6511628e-001 -3.0232558e-001
  9.7674419e-001  1.2790698e-001
  9.8837209e-001  5.5813953e-001
  1.0000000e+000  9.8837209e-001
