 -1.0000000e+000 -1.5384615e-001
 -9.7435897e-001  7.1794872e-001
 -9.4871795e-001 -3.8461538e-001
 -9.2307692e-001  4.8717949e-001
 -8.9743590e-001 -6.1538462e-001
 -8.7179487e-001  2.5641026e-001
 -8.4615385e-001 -8.4615385e-001
 -8.2051282e-001  2.5641026e-002
 -7.9487179e-001  8.9743590e-001
 -7.6923077e-001 -2.0512821e-001
 -7.4358974e-001  6.6666667e-001
 -7.1794872e-001 -4.3589744e-001
 -6.9230769e-001  4.3589744e-001
 -6.6666667e-001 -6.6666667e-001
 -6.4102564e-001  2.0512821e-001
 -6.1538462e-001 -8.9743590e-001
 -5.8974359e-001 -2.5641026e-002
 -5.6410256e-001  8.4615385e-001
 -5.3846154e-001 -2.5641026e-001
 -5.1282051e-001  6.1538462e-001
 -4.8717949e-001 -4.8717949e-001
 -4.6153846e-001  3.8461538e-001
 -4.3589744e-001 -7.1794872e-001
 -4.1025641e-001  1.5384615e-001
 -3.8461538e-001 -9.4871795e-001
 -3.5897436e-001 -7.6923077e-002
 -3.3333333e-001  7.9487179e-001
 -3.0769231e-001 -3.0769231e-001
 -2.8205128e-001  5.6410256e-001
 -2.5641026e-001 -5.3846154e-001
 -2.3076923e-001  3.3333333e-001
 -2.0512821e-001 -7.6923077e-001
 -1.7948718e-001  1.0256410e-001
 -1.5384615e-001  9.7435897e-001
 -1.2820513e-001 -1.0000000e+000
 -1.0256410e-001 -1.2820513e-001
 -7.6923077e-002  7.4358974e-001
 -5.1282051e-002 -3.5897436e-001
 -2.5641026e-002  5.1282051e-001
  0.0000000e+000 -5.8974359e-001
  2.5641026e-002  2.8205128e-001
  5.1282051e-002 -8.2051282e-001
  7.6923077e-002  5.1282051e-002
  1.0256410e-001  9.2307692e-001
  1.2820513e-001 -1.7948718e-001
  1.5384615e-001  6.9230769e-001
  1.7948718e-001 -4.1025641e-001
  2.0512821e-001  4.6153846e-001
  2.3076923e-001 -6.4102564e-001
  2.5641026e-001  2.3076923e-001
  2.8205128e-001 -8.7179487e-001
  3.0769231e-001  0.0000000e+000
  3.3333333e-001  8.7179487e-001
  3.5897436e-001 -2.3076923e-001
  3.8461538e-001  6.4102564e-001
  4.1025641e-001 -4.6153846e-001
  4.3589744e-001  4.1025641e-001
  4.6153846e-001 -6.9230769e-001
  4.8717949e-001  1.7948718e-001
  5.1282051e-001 -9.2307692e-001
  5.3846154e-001 -5.1282051e-002
  5.6410256e-001  8.2051282e-001
  5.8974359e-001 -2.8205128e-001
  6.1538462e-001  5.8974359e-001
  6.4102564e-001 -5.1282051e-001
  6.6666667e-001  3.5897436e-001
  6.9230769e-001 -7.4358974e-001
  7.1794872e-001  1.2820513e-001
  7.4358974e-001  1.0000000e+000
  7.6923077e-001 -9.7435897e-001
  7.9487179e-001 -1.0256410e-001
  8.2051282e-001  7.6923077e-001
  8.4615385e-001 -3.3333333e-001
  8.7179487e-001  5.3846154e-001
  8.9743590e-001 -5.6410256e-001
  9.2307692e-001  3.0769231e-001
  9.4871795e-001 -7.9487179e-001
  9.7435897e-001  7.6923077e-002
  1.0000000e+000  9.4871795e-001
