 -1.0000000e+000 -6.8000000e-001
 -9.2000000e-001 -2.8000000e-001
 -8.4000000e-001  1.2000000e-001
 -7.6000000e-001  5.2000000e-001
 -6.8000000e-001  9.2000000e-001
 -6.0000000e-001 -1.0000000e+000
 -5.2000000e-001 -6.0000000e-001
 -4.4000000e-001 -2.0000000e-001
 -3.6000000e-001  2.0000000e-001
 -2.8000000e-001  6.0000000e-001
 -2.0000000e-001  1.0000000e+000
 -1.2000000e-001 -9.2000000e-001
 -4.0000000e-002 -5.2000000e-001
  4.0000000e-002 -1.2000000e-001
  1.2000000e-001  2.8000000e-001
  2.0000000e-001  6.8000000e-001
  2.8000000e-001 -8.4000000e-001
  3.6000000e-001 -4.4000000e-001
  4.4000000e-001 -4.0000000e-002
  5.2000000e-001  3.6000000e-001
  6.0000000e-001  7.6000000e-001
  6.8000000e-001 -7.6000000e-001
  7.6000000e-001 -3.6000000e-001
  8.4000000e-001  4.0000000e-002
  9.2000000e-001  4.4000000e-001
  1.0000000e+000  8.4000000e-001
