 -1.0000000e+000 -8.1651376e-001
 -9.8165138e-001 -6.1467890e-001
 -9.6330275e-001 -4.1284404e-001
 -9.4495413e-001 -2.1100917e-001
 -9.2660550e-001 -9.1743119e-003
 -9.0825688e-001  1.9266055e-001
 -8.8990826e-001  3.9449541e-001
 -8.7155963e-001  5.9633028e-001
 -8.5321101e-001  7.9816514e-001
 -8.3486239e-001  1.0000000e+000
 -8.1651376e-001 -9.2660550e-001
 -7.9816514e-001 -7.2477064e-001
 -7.7981651e-001 -5.2293578e-001
 -7.6146789e-001 -3.2110092e-001
 -7.4311927e-001 -1.1926606e-001
 -7.2477064e-001  8.2568807e-002
 -7.0642202e-001  2.8440367e-001
 -6.8807339e-001  4.8623853e-001
 -6.6972477e-001  6.8807339e-001
 -6.5137615e-001  8.8990826e-001
 -6.3302752e-001 -8.3486239e-001
 -6.1467890e-001 -6.3302752e-001
 -5.9633028e-001 -4.3119266e-001
 -5.7798165e-001 -2.2935780e-001
 -5.5963303e-001 -2.7522936e-002
 -5.4128440e-001  1.7431193e-001
 -5.2293578e-001  3.7614679e-001
 -5.0458716e-001  5.7798165e-001
 -4.8623853e-001  7.7981651e-001
 -4.6788991e-001  9.8165138e-001
 -4.4954128e-001 -9.4495413e-001
 -4.3119266e-001 -7.4311927e-001
 -4.1284404e-001 -5.4128440e-001
 -3.9449541e-001 -3.3944954e-001
 -3.7614679e-001 -1.3761468e-001
 -3.5779817e-001  6.4220183e-002
 -3.3944954e-001  2.6605505e-001
 -3.2110092e-001  4.6788991e-001
 -3.0275229e-001  6.6972477e-001
 -2.8440367e-001  8.7155963e-001
 -2.6605505e-001 -8.5321101e-001
 -2.4770642e-001 -6.5137615e-001
 -2.2935780e-001 -4.4954128e-001
 -2.1100917e-001 -2.4770642e-001
 -1.9266055e-001 -4.5871560e-002
 -1.7431193e-001  1.5596330e-001
 -1.5596330e-001  3.5779817e-001
 -1.3761468e-001  5.5963303e-001
 -1.1926606e-001  7.6146789e-001
 -1.0091743e-001  9.6330275e-001
 -8.2568807e-002 -9.6330275e-001
 -6.4220183e-002 -7.6146789e-001
 -4.5871560e-002 -5.5963303e-001
 -2.7522936e-002 -3.5779817e-001
 -9.1743119e-003 -1.5596330e-001
  9.1743119e-003  4.5871560e-002
  2.7522936e-002  2.4770642e-001
  4.5871560e-002  4.4954128e-001
  6.4220183e-002  6.5137615e-001
  8.2568807e-002  8.5321101e-001
  1.0091743e-001 -8.7155963e-001
  1.1926606e-001 -6.6972477e-001
  1.3761468e-001 -4.6788991e-001
  1.5596330e-001 -2.6605505e-001
  1.7431193e-001 -6.4220183e-002
  1.9266055e-001  1.3761468e-001
  2.1100917e-001  3.3944954e-001
  2.2935780e-001  5.4128440e-001
  2.4770642e-001  7.4311927e-001
  2.6605505e-001  9.4495413e-001
  2.8440367e-001 -9.8165138e-001
  3.0275229e-001 -7.7981651e-001
  3.2110092e-001 -5.7798165e-001
  3.3944954e-001 -3.7614679e-001
  3.5779817e-001 -1.7431193e-001
  3.7614679e-001  2.7522936e-002
  3.9449541e-001  2.2935780e-001
  4.1284404e-001  4.3119266e-001
  4.3119266e-001  6.3302752e-001
  4.4954128e-001  8.3486239e-001
  4.6788991e-001 -8.8990826e-001
  4.8623853e-001 -6.8807339e-001
  5.0458716e-001 -4.8623853e-001
  5.2293578e-001 -2.8440367e-001
  5.4128440e-001 -8.2568807e-002
  5.5963303e-001  1.1926606e-001
  5.7798165e-001  3.2110092e-001
  5.9633028e-001  5.2293578e-001
  6.1467890e-001  7.2477064e-001
  6.3302752e-001  9.2660550e-001
  6.5137615e-001 -1.0000000e+000
  6.6972477e-001 -7.9816514e-001
  6.8807339e-001 -5.9633028e-001
  7.0642202e-001 -3.9449541e-001
  7.2477064e-001 -1.9266055e-001
  7.4311927e-001  9.1743119e-003
  7.6146789e-001  2.1100917e-001
  7.7981651e-001  4.1284404e-001
  7.9816514e-001  6.1467890e-001
  8.1651376e-001  8.1651376e-001
  8.3486239e-001 -9.0825688e-001
  8.5321101e-001 -7.0642202e-001
  8.7155963e-001 -5.0458716e-001
  8.8990826e-001 -3.0275229e-001
  9.0825688e-001 -1.0091743e-001
  9.2660550e-001  1.0091743e-001
  9.4495413e-001  3.0275229e-001
  9.6330275e-001  5.0458716e-001
  9.8165138e-001  7.0642202e-001
  1.0000000e+000  9.0825688e-001
