 -1.0000000e+000 -8.3582090e-001
 -9.8507463e-001 -6.5671642e-001
 -9.7014925e-001 -4.7761194e-001
 -9.5522388e-001 -2.9850746e-001
 -9.4029851e-001 -1.1940299e-001
 -9.2537313e-001  5.9701493e-002
 -9.1044776e-001  2.3880597e-001
 -8.9552239e-001  4.1791045e-001
 -8.8059701e-001  5.9701493e-001
 -8.6567164e-001  7.7611940e-001
 -8.5074627e-001  9.5522388e-001
 -8.3582090e-001 -9.4029851e-001
 -8.2089552e-001 -7.6119403e-001
 -8.0597015e-001 -5.8208955e-001
 -7.9104478e-001 -4.0298507e-001
 -7.7611940e-001 -2.2388060e-001
 -7.6119403e-001 -4.4776119e-002
 -7.4626866e-001  1.3432836e-001
 -7.3134328e-001  3.1343284e-001
 -7.1641791e-001  4.9253731e-001
 -7.0149254e-001  6.7164179e-001
 -6.8656716e-001  8.5074627e-001
 -6.7164179e-001 -8.6567164e-001
 -6.5671642e-001 -6.8656716e-001
 -6.4179104e-001 -5.0746269e-001
 -6.2686567e-001 -3.2835821e-001
 -6.1194030e-001 -1.4925373e-001
 -5.9701493e-001  2.9850746e-002
 -5.8208955e-001  2.0895522e-001
 -5.6716418e-001  3.8805970e-001
 -5.5223881e-001  5.6716418e-001
 -5.3731343e-001  7.4626866e-001
 -5.2238806e-001  9.2537313e-001
 -5.0746269e-001 -9.7014925e-001
 -4.9253731e-001 -7.9104478e-001
 -4.7761194e-001 -6.1194030e-001
 -4.6268657e-001 -4.3283582e-001
 -4.4776119e-001 -2.5373134e-001
 -4.3283582e-001 -7.4626866e-002
 -4.1791045e-001  1.0447761e-001
 -4.0298507e-001  2.8358209e-001
 -3.8805970e-001  4.6268657e-001
 -3.7313433e-001  6.4179104e-001
 -3.5820896e-001  8.2089552e-001
 -3.4328358e-001  1.0000000e+000
 -3.2835821e-001 -8.9552239e-001
 -3.1343284e-001 -7.1641791e-001
 -2.9850746e-001 -5.3731343e-001
 -2.8358209e-001 -3.5820896e-001
 -2.6865672e-001 -1.7910448e-001
 -2.5373134e-001  0.0000000e+000
 -2.3880597e-001  1.7910448e-001
 -2.2388060e-001  3.5820896e-001
 -2.0895522e-001  5.3731343e-001
 -1.9402985e-001  7.1641791e-001
 -1.7910448e-001  8.9552239e-001
 -1.6417910e-001 -1.0000000e+000
 -1.4925373e-001 -8.2089552e-001
 -1.3432836e-001 -6.4179104e-001
 -1.1940299e-001 -4.6268657e-001
 -1.0447761e-001 -2.8358209e-001
 -8.9552239e-002 -1.0447761e-001
 -7.4626866e-002  7.4626866e-002
 -5.9701493e-002  2.5373134e-001
 -4.4776119e-002  4.3283582e-001
 -2.9850746e-002  6.1194030e-001
 -1.4925373e-002  7.9104478e-001
  0.0000000e+000  9.7014925e-001
  1.4925373e-002 -9.2537313e-001
  2.9850746e-002 -7.4626866e-001
  4.4776119e-002 -5.6716418e-001
  5.9701493e-002 -3.8805970e-001
  7.4626866e-002 -2.0895522e-001
  8.9552239e-002 -2.9850746e-002
  1.0447761e-001  1.4925373e-001
  1.1940299e-001  3.2835821e-001
  1.3432836e-001  5.0746269e-001
  1.4925373e-001  6.8656716e-001
  1.6417910e-001  8.6567164e-001
  1.7910448e-001 -8.5074627e-001
  1.9402985e-001 -6.7164179e-001
  2.0895522e-001 -4.9253731e-001
  2.2388060e-001 -3.1343284e-001
  2.3880597e-001 -1.3432836e-001
  2.5373134e-001  4.4776119e-002
  2.6865672e-001  2.2388060e-001
  2.8358209e-001  4.0298507e-001
  2.9850746e-001  5.8208955e-001
  3.1343284e-001  7.6119403e-001
  3.2835821e-001  9.4029851e-001
  3.4328358e-001 -9.5522388e-001
  3.5820896e-001 -7.7611940e-001
  3.7313433e-001 -5.9701493e-001
  3.8805970e-001 -4.1791045e-001
  4.0298507e-001 -2.3880597e-001
  4.1791045e-001 -5.9701493e-002
  4.3283582e-001  1.1940299e-001
  4.4776119e-001  2.9850746e-001
  4.6268657e-001  4.7761194e-001
  4.7761194e-001  6.5671642e-001
  4.9253731e-001  8.3582090e-001
  5.0746269e-001 -8.8059701e-001
  5.2238806e-001 -7.0149254e-001
  5.3731343e-001 -5.2238806e-001
  5.5223881e-001 -3.4328358e-001
  5.6716418e-001 -1.6417910e-001
  5.8208955e-001  1.4925373e-002
  5.9701493e-001  1.9402985e-001
  6.1194030e-001  3.7313433e-001
  6.2686567e-001  5.5223881e-001
  6.4179104e-001  7.3134328e-001
  6.5671642e-001  9.1044776e-001
  6.7164179e-001 -9.8507463e-001
  6.8656716e-001 -8.0597015e-001
  7.0149254e-001 -6.2686567e-001
  7.1641791e-001 -4.4776119e-001
  7.3134328e-001 -2.6865672e-001
  7.4626866e-001 -8.9552239e-002
  7.6119403e-001  8.9552239e-002
  7.7611940e-001  2.6865672e-001
  7.9104478e-001  4.4776119e-001
  8.0597015e-001  6.2686567e-001
  8.2089552e-001  8.0597015e-001
  8.3582090e-001  9.8507463e-001
  8.5074627e-001 -9.1044776e-001
  8.6567164e-001 -7.3134328e-001
  8.8059701e-001 -5.5223881e-001
  8.9552239e-001 -3.7313433e-001
  9.1044776e-001 -1.9402985e-001
  9.2537313e-001 -1.4925373e-002
  9.4029851e-001  1.6417910e-001
  9.5522388e-001  3.4328358e-001
  9.7014925e-001  5.2238806e-001
  9.8507463e-001  7.0149254e-001
  1.0000000e+000  8.8059701e-001
