 -1.0000000e+000 -1.8699187e-001
 -9.8373984e-001  6.4227642e-001
 -9.6747967e-001 -5.1219512e-001
 -9.5121951e-001  3.1707317e-001
 -9.3495935e-001 -8.3739837e-001
 -9.1869919e-001 -8.1300813e-003
 -9.0243902e-001  8.2113821e-001
 -8.8617886e-001 -3.3333333e-001
 -8.6991870e-001  4.9593496e-001
 -8.5365854e-001 -6.5853659e-001
 -8.3739837e-001  1.7073171e-001
 -8.2113821e-001  1.0000000e+000
 -8.0487805e-001 -9.8373984e-001
 -7.8861789e-001 -1.5447154e-001
 -7.7235772e-001  6.7479675e-001
 -7.5609756e-001 -4.7967480e-001
 -7.3983740e-001  3.4959350e-001
 -7.2357724e-001 -8.0487805e-001
 -7.0731707e-001  2.4390244e-002
 -6.9105691e-001  8.5365854e-001
 -6.7479675e-001 -3.0081301e-001
 -6.5853659e-001  5.2845528e-001
 -6.4227642e-001 -6.2601626e-001
 -6.2601626e-001  2.0325203e-001
 -6.0975610e-001 -9.5121951e-001
 -5.9349593e-001 -1.2195122e-001
 -5.7723577e-001  7.0731707e-001
 -5.6097561e-001 -4.4715447e-001
 -5.4471545e-001  3.8211382e-001
 -5.2845528e-001 -7.7235772e-001
 -5.1219512e-001  5.6910569e-002
 -4.9593496e-001  8.8617886e-001
 -4.7967480e-001 -2.6829268e-001
 -4.6341463e-001  5.6097561e-001
 -4.4715447e-001 -5.9349593e-001
 -4.3089431e-001  2.3577236e-001
 -4.1463415e-001 -9.1869919e-001
 -3.9837398e-001 -8.9430894e-002
 -3.8211382e-001  7.3983740e-001
 -3.6585366e-001 -4.1463415e-001
 -3.4959350e-001  4.1463415e-001
 -3.3333333e-001 -7.3983740e-001
 -3.1707317e-001  8.9430894e-002
 -3.0081301e-001  9.1869919e-001
 -2.8455285e-001 -2.3577236e-001
 -2.6829268e-001  5.9349593e-001
 -2.5203252e-001 -5.6097561e-001
 -2.3577236e-001  2.6829268e-001
 -2.1951220e-001 -8.8617886e-001
 -2.0325203e-001 -5.6910569e-002
 -1.8699187e-001  7.7235772e-001
 -1.7073171e-001 -3.8211382e-001
 -1.5447154e-001  4.4715447e-001
 -1.3821138e-001 -7.0731707e-001
 -1.2195122e-001  1.2195122e-001
 -1.0569106e-001  9.5121951e-001
 -8.9430894e-002 -2.0325203e-001
 -7.3170732e-002  6.2601626e-001
 -5.6910569e-002 -5.2845528e-001
 -4.0650407e-002  3.0081301e-001
 -2.4390244e-002 -8.5365854e-001
 -8.1300813e-003 -2.4390244e-002
  8.1300813e-003  8.0487805e-001
  2.4390244e-002 -3.4959350e-001
  4.0650407e-002  4.7967480e-001
  5.6910569e-002 -6.7479675e-001
  7.3170732e-002  1.5447154e-001
  8.9430894e-002  9.8373984e-001
  1.0569106e-001 -1.0000000e+000
  1.2195122e-001 -1.7073171e-001
  1.3821138e-001  6.5853659e-001
  1.5447154e-001 -4.9593496e-001
  1.7073171e-001  3.3333333e-001
  1.8699187e-001 -8.2113821e-001
  2.0325203e-001  8.1300813e-003
  2.1951220e-001  8.3739837e-001
  2.3577236e-001 -3.1707317e-001
  2.5203252e-001  5.1219512e-001
  2.6829268e-001 -6.4227642e-001
  2.8455285e-001  1.8699187e-001
  3.0081301e-001 -9.6747967e-001
  3.1707317e-001 -1.3821138e-001
  3.3333333e-001  6.9105691e-001
  3.4959350e-001 -4.6341463e-001
  3.6585366e-001  3.6585366e-001
  3.8211382e-001 -7.8861789e-001
  3.9837398e-001  4.0650407e-002
  4.1463415e-001  8.6991870e-001
  4.3089431e-001 -2.8455285e-001
  4.4715447e-001  5.4471545e-001
  4.6341463e-001 -6.0975610e-001
  4.7967480e-001  2.1951220e-001
  4.9593496e-001 -9.3495935e-001
  5.1219512e-001 -1.0569106e-001
  5.2845528e-001  7.2357724e-001
  5.4471545e-001 -4.3089431e-001
  5.6097561e-001  3.9837398e-001
  5.7723577e-001 -7.5609756e-001
  5.9349593e-001  7.3170732e-002
  6.0975610e-001  9.0243902e-001
  6.2601626e-001 -2.5203252e-001
  6.4227642e-001  5.7723577e-001
  6.5853659e-001 -5.7723577e-001
  6.7479675e-001  2.5203252e-001
  6.9105691e-001 -9.0243902e-001
  7.0731707e-001 -7.3170732e-002
  7.2357724e-001  7.5609756e-001
  7.3983740e-001 -3.9837398e-001
  7.5609756e-001  4.3089431e-001
  7.7235772e-001 -7.2357724e-001
  7.8861789e-001  1.0569106e-001
  8.0487805e-001  9.3495935e-001
  8.2113821e-001 -2.1951220e-001
  8.3739837e-001  6.0975610e-001
  8.5365854e-001 -5.4471545e-001
  8.6991870e-001  2.8455285e-001
  8.8617886e-001 -8.6991870e-001
  9.0243902e-001 -4.0650407e-002
  9.1869919e-001  7.8861789e-001
  9.3495935e-001 -3.6585366e-001
  9.5121951e-001  4.6341463e-001
  9.6747967e-001 -6.9105691e-001
  9.8373984e-001  1.3821138e-001
  1.0000000e+000  9.6747967e-001
