  -1.0000000e+00  -3.3596838e-01
  -9.9799800e-01   9.8814229e-02
  -9.9599600e-01  -2.6482213e-01
  -9.9399399e-01  -6.9169960e-01
  -9.9199199e-01  -8.4189723e-01
  -9.8998999e-01  -8.4980237e-01
  -9.8798799e-01  -7.6284585e-01
  -9.8598599e-01  -4.4664032e-01
  -9.8398398e-01   7.5098814e-02
  -9.8198198e-01  -1.3833992e-01
  -9.7997998e-01  -6.3636364e-01
  -9.7797798e-01  -8.3399209e-01
  -9.7597598e-01  -8.6561265e-01
  -9.7397397e-01  -8.0237154e-01
  -9.7197197e-01  -5.4940711e-01
  -9.6996997e-01   3.9525692e-03
  -9.6796797e-01   3.9525692e-03
  -9.6596597e-01  -5.5731225e-01
  -9.6396396e-01  -8.0237154e-01
  -9.6196196e-01  -8.6561265e-01
  -9.5995996e-01  -8.2608696e-01
  -9.5795796e-01  -6.5217391e-01
  -9.5595596e-01  -1.3043478e-01
  -9.5395395e-01   1.2252964e-01
  -9.5195195e-01  -4.3873518e-01
  -9.4994995e-01  -7.7865613e-01
  -9.4794795e-01  -8.5770751e-01
  -9.4594595e-01  -8.6561265e-01
  -9.4394394e-01  -7.2332016e-01
  -9.4194194e-01  -2.8853755e-01
  -9.3993994e-01   1.8577075e-01
  -9.3793794e-01  -2.8063241e-01
  -9.3593594e-01  -7.3122530e-01
  -9.3393393e-01  -8.5770751e-01
  -9.3193193e-01  -8.7351779e-01
  -9.2992993e-01  -7.8656126e-01
  -9.2792793e-01  -4.5454545e-01
  -9.2592593e-01   1.3833992e-01
  -9.2392392e-01  -9.0909091e-02
  -9.2192192e-01  -6.5217391e-01
  -9.1991992e-01  -8.3399209e-01
  -9.1791792e-01  -8.7351779e-01
  -9.1591592e-01  -8.4189723e-01
  -9.1391391e-01  -6.0474308e-01
  -9.1191191e-01  -3.9525692e-03
  -9.0990991e-01   1.0671937e-01
  -9.0790791e-01  -5.2569170e-01
  -9.0590591e-01  -8.1027668e-01
  -9.0390390e-01  -8.8142292e-01
  -9.0190190e-01  -8.6561265e-01
  -8.9989990e-01  -7.2332016e-01
  -8.9789790e-01  -2.2529644e-01
  -8.9589590e-01   2.3320158e-01
  -8.9389389e-01  -3.3596838e-01
  -8.9189189e-01  -7.6284585e-01
  -8.8988989e-01  -8.8142292e-01
  -8.8788789e-01  -8.8142292e-01
  -8.8588589e-01  -8.0237154e-01
  -8.8388388e-01  -4.4664032e-01
  -8.8188188e-01   2.0158103e-01
  -8.7987988e-01  -8.3003953e-02
  -8.7787788e-01  -6.7588933e-01
  -8.7587588e-01  -8.5770751e-01
  -8.7387387e-01  -8.9723320e-01
  -8.7187187e-01  -8.4980237e-01
  -8.6986987e-01  -6.4426877e-01
  -8.6786787e-01  -3.9525692e-03
  -8.6586587e-01   1.6996047e-01
  -8.6386386e-01  -5.1778656e-01
  -8.6186186e-01  -8.2608696e-01
  -8.5985986e-01  -8.8932806e-01
  -8.5785786e-01  -8.8142292e-01
  -8.5585586e-01  -7.5494071e-01
  -8.5385385e-01  -2.8853755e-01
  -8.5185185e-01   2.9644269e-01
  -8.4984985e-01  -2.6482213e-01
  -8.4784785e-01  -7.5494071e-01
  -8.4584585e-01  -8.8932806e-01
  -8.4384384e-01  -9.0513834e-01
  -8.4184184e-01  -8.4189723e-01
  -8.3983984e-01  -5.5731225e-01
  -8.3783784e-01   1.6205534e-01
  -8.3583584e-01   6.7193676e-02
  -8.3383383e-01  -6.2055336e-01
  -8.3183183e-01  -8.5770751e-01
  -8.2982983e-01  -8.9723320e-01
  -8.2782783e-01  -8.8932806e-01
  -8.2582583e-01  -7.3913043e-01
  -8.2382382e-01  -1.7786561e-01
  -8.2182182e-01   3.2015810e-01
  -8.1981982e-01  -3.6758893e-01
  -8.1781782e-01  -7.9446640e-01
  -8.1581582e-01  -8.9723320e-01
  -8.1381381e-01  -9.0513834e-01
  -8.1181181e-01  -8.3399209e-01
  -8.0980981e-01  -5.0197628e-01
  -8.0780781e-01   2.4901186e-01
  -8.0580581e-01   3.5573123e-02
  -8.0380380e-01  -6.6007905e-01
  -8.0180180e-01  -8.7351779e-01
  -7.9979980e-01  -9.0513834e-01
  -7.9779780e-01  -8.8932806e-01
  -7.9579580e-01  -7.3122530e-01
  -7.9379379e-01  -1.3833992e-01
  -7.9179179e-01   3.7549407e-01
  -7.8978979e-01  -3.8339921e-01
  -7.8778779e-01  -8.1027668e-01
  -7.8578579e-01  -9.0513834e-01
  -7.8378378e-01  -9.1304348e-01
  -7.8178178e-01  -8.5770751e-01
  -7.7977978e-01  -5.4150198e-01
  -7.7777778e-01   2.7272727e-01
  -7.7577578e-01   9.0909091e-02
  -7.7377377e-01  -6.6007905e-01
  -7.7177177e-01  -8.7351779e-01
  -7.6976977e-01  -9.2094862e-01
  -7.6776777e-01  -9.0513834e-01
  -7.6576577e-01  -7.7865613e-01
  -7.6376376e-01  -2.4110672e-01
  -7.6176176e-01   4.4664032e-01
  -7.5975976e-01  -2.8063241e-01
  -7.5775776e-01  -7.9446640e-01
  -7.5575576e-01  -9.0513834e-01
  -7.5375375e-01  -9.2094862e-01
  -7.5175175e-01  -8.8142292e-01
  -7.4974975e-01  -6.5217391e-01
  -7.4774775e-01   1.3043478e-01
  -7.4574575e-01   3.0434783e-01
  -7.4374374e-01  -5.5731225e-01
  -7.4174174e-01  -8.6561265e-01
  -7.3973974e-01  -9.2885375e-01
  -7.3773774e-01  -9.2094862e-01
  -7.3573574e-01  -8.4980237e-01
  -7.3373373e-01  -4.7826087e-01
  -7.3173173e-01   4.3083004e-01
  -7.2972973e-01   2.7667984e-02
  -7.2772773e-01  -7.1541502e-01
  -7.2572573e-01  -8.9723320e-01
  -7.2372372e-01  -9.2885375e-01
  -7.2172172e-01  -9.1304348e-01
  -7.1971972e-01  -8.1027668e-01
  -7.1771772e-01  -2.8063241e-01
  -7.1571572e-01   5.8102767e-01
  -7.1371371e-01  -2.2529644e-01
  -7.1171171e-01  -8.0237154e-01
  -7.0970971e-01  -9.2094862e-01
  -7.0770771e-01  -9.3675889e-01
  -7.0570571e-01  -9.1304348e-01
  -7.0370370e-01  -7.7865613e-01
  -7.0170170e-01  -1.1462451e-01
  -6.9969970e-01   6.1264822e-01
  -6.9769770e-01  -3.6758893e-01
  -6.9569570e-01  -8.4980237e-01
  -6.9369369e-01  -9.2885375e-01
  -6.9169169e-01  -9.4466403e-01
  -6.8968969e-01  -9.3675889e-01
  -6.8768769e-01  -7.7865613e-01
  -6.8568569e-01  -6.7193676e-02
  -6.8368368e-01   6.8379447e-01
  -6.8168168e-01  -4.0711462e-01
  -6.7967968e-01  -8.5770751e-01
  -6.7767768e-01  -9.3675889e-01
  -6.7567568e-01  -9.5256917e-01
  -6.7367367e-01  -9.4466403e-01
  -6.7167167e-01  -8.4980237e-01
  -6.6966967e-01  -2.6482213e-01
  -6.6766767e-01   8.3399209e-01
  -6.6566567e-01  -2.3320158e-01
  -6.6366366e-01  -8.4189723e-01
  -6.6166166e-01  -9.4466403e-01
  -6.5965966e-01  -9.5256917e-01
  -6.5765766e-01  -9.6047431e-01
  -6.5565566e-01  -9.4466403e-01
  -6.5365365e-01  -7.3913043e-01
  -6.5165165e-01   3.7549407e-01
  -6.4964965e-01   6.8379447e-01
  -6.4764765e-01  -6.5217391e-01
  -6.4564565e-01  -9.2885375e-01
  -6.4364364e-01  -9.6047431e-01
  -6.4164164e-01  -9.7628458e-01
  -6.3963964e-01  -9.8418972e-01
  -6.3763764e-01  -9.9209486e-01
  -6.3563564e-01  -9.8418972e-01
  -6.3363363e-01  -8.6561265e-01
  -6.3163163e-01  -1.8577075e-01
  -6.2962963e-01  -2.7667984e-02
  -6.2762763e-01  -5.8102767e-01
  -6.2562563e-01  -7.7865613e-01
  -6.2362362e-01  -7.9446640e-01
  -6.2162162e-01  -6.9169960e-01
  -6.1961962e-01  -4.5454545e-01
  -6.1761762e-01  -2.4110672e-01
  -6.1561562e-01  -3.9130435e-01
  -6.1361361e-01  -6.2845850e-01
  -6.1161161e-01  -7.4703557e-01
  -6.0960961e-01  -7.5494071e-01
  -6.0760761e-01  -6.4426877e-01
  -6.0560561e-01  -4.2292490e-01
  -6.0360360e-01  -2.6482213e-01
  -6.0160160e-01  -4.1501976e-01
  -5.9959960e-01  -6.3636364e-01
  -5.9759760e-01  -7.4703557e-01
  -5.9559560e-01  -7.3913043e-01
  -5.9359359e-01  -6.2845850e-01
  -5.9159159e-01  -3.9920949e-01
  -5.8958959e-01  -2.5691700e-01
  -5.8758759e-01  -4.2292490e-01
  -5.8558559e-01  -6.4426877e-01
  -5.8358358e-01  -7.4703557e-01
  -5.8158158e-01  -7.4703557e-01
  -5.7957958e-01  -6.2845850e-01
  -5.7757758e-01  -3.7549407e-01
  -5.7557558e-01  -2.3320158e-01
  -5.7357357e-01  -4.1501976e-01
  -5.7157157e-01  -6.5217391e-01
  -5.6956957e-01  -7.6284585e-01
  -5.6756757e-01  -7.5494071e-01
  -5.6556557e-01  -6.2845850e-01
  -5.6356356e-01  -3.5968379e-01
  -5.6156156e-01  -2.1739130e-01
  -5.5955956e-01  -4.3083004e-01
  -5.5755756e-01  -6.6798419e-01
  -5.5555556e-01  -7.6284585e-01
  -5.5355355e-01  -7.5494071e-01
  -5.5155155e-01  -6.2055336e-01
  -5.4954955e-01  -3.4387352e-01
  -5.4754755e-01  -2.0158103e-01
  -5.4554555e-01  -4.3873518e-01
  -5.4354354e-01  -6.7588933e-01
  -5.4154154e-01  -7.7865613e-01
  -5.3953954e-01  -7.7075099e-01
  -5.3753754e-01  -6.2845850e-01
  -5.3553554e-01  -3.4387352e-01
  -5.3353353e-01  -1.7786561e-01
  -5.3153153e-01  -4.3083004e-01
  -5.2952953e-01  -6.7588933e-01
  -5.2752753e-01  -7.7075099e-01
  -5.2552553e-01  -7.7075099e-01
  -5.2352352e-01  -6.2845850e-01
  -5.2152152e-01  -3.2806324e-01
  -5.1951952e-01  -1.5415020e-01
  -5.1751752e-01  -4.1501976e-01
  -5.1551552e-01  -6.9169960e-01
  -5.1351351e-01  -7.8656126e-01
  -5.1151151e-01  -7.7865613e-01
  -5.0950951e-01  -6.4426877e-01
  -5.0750751e-01  -3.2806324e-01
  -5.0550551e-01  -1.4624506e-01
  -5.0350350e-01  -4.1501976e-01
  -5.0150150e-01  -6.9169960e-01
  -4.9949950e-01  -7.9446640e-01
  -4.9749750e-01  -7.7865613e-01
  -4.9549550e-01  -6.4426877e-01
  -4.9349349e-01  -3.2015810e-01
  -4.9149149e-01  -1.1462451e-01
  -4.8948949e-01  -3.9130435e-01
  -4.8748749e-01  -6.9169960e-01
  -4.8548549e-01  -7.9446640e-01
  -4.8348348e-01  -7.9446640e-01
  -4.8148148e-01  -6.6007905e-01
  -4.7947948e-01  -3.3596838e-01
  -4.7747748e-01  -9.0909091e-02
  -4.7547548e-01  -3.6758893e-01
  -4.7347347e-01  -6.8379447e-01
  -4.7147147e-01  -8.1027668e-01
  -4.6946947e-01  -8.1027668e-01
  -4.6746747e-01  -6.7588933e-01
  -4.6546547e-01  -3.5177866e-01
  -4.6346346e-01  -7.5098814e-02
  -4.6146146e-01  -3.4387352e-01
  -4.5945946e-01  -6.8379447e-01
  -4.5745746e-01  -8.1027668e-01
  -4.5545546e-01  -8.1818182e-01
  -4.5345345e-01  -7.0750988e-01
  -4.5145145e-01  -3.8339921e-01
  -4.4944945e-01  -5.9288538e-02
  -4.4744745e-01  -3.0434783e-01
  -4.4544545e-01  -6.7588933e-01
  -4.4344344e-01  -8.1027668e-01
  -4.4144144e-01  -8.2608696e-01
  -4.3943944e-01  -7.3122530e-01
  -4.3743744e-01  -4.1501976e-01
  -4.3543544e-01  -4.3478261e-02
  -4.3343343e-01  -2.5691700e-01
  -4.3143143e-01  -6.5217391e-01
  -4.2942943e-01  -8.1027668e-01
  -4.2742743e-01  -8.3399209e-01
  -4.2542543e-01  -7.3913043e-01
  -4.2342342e-01  -4.4664032e-01
  -4.2142142e-01  -4.3478261e-02
  -4.1941942e-01  -2.0948617e-01
  -4.1741742e-01  -6.2055336e-01
  -4.1541542e-01  -8.0237154e-01
  -4.1341341e-01  -8.4189723e-01
  -4.1141141e-01  -7.7075099e-01
  -4.0940941e-01  -5.0988142e-01
  -4.0740741e-01  -5.9288538e-02
  -4.0540541e-01  -1.4624506e-01
  -4.0340340e-01  -5.9683794e-01
  -4.0140140e-01  -8.0237154e-01
  -3.9939940e-01  -8.4980237e-01
  -3.9739740e-01  -7.9446640e-01
  -3.9539540e-01  -5.6521739e-01
  -3.9339339e-01  -9.0909091e-02
  -3.9139139e-01  -6.7193676e-02
  -3.8938939e-01  -5.4940711e-01
  -3.8738739e-01  -7.9446640e-01
  -3.8538539e-01  -8.5770751e-01
  -3.8338338e-01  -8.1818182e-01
  -3.8138138e-01  -6.2845850e-01
  -3.7937938e-01  -1.5415020e-01
  -3.7737738e-01  -3.9525692e-03
  -3.7537538e-01  -4.7826087e-01
  -3.7337337e-01  -7.7075099e-01
  -3.7137137e-01  -8.5770751e-01
  -3.6936937e-01  -8.3399209e-01
  -3.6736737e-01  -6.7588933e-01
  -3.6536537e-01  -2.4110672e-01
  -3.6336336e-01   5.1383399e-02
  -3.6136136e-01  -4.0711462e-01
  -3.5935936e-01  -7.4703557e-01
  -3.5735736e-01  -8.4189723e-01
  -3.5535536e-01  -8.4189723e-01
  -3.5335335e-01  -7.3122530e-01
  -3.5135135e-01  -3.3596838e-01
  -3.4934935e-01   8.3003953e-02
  -3.4734735e-01  -2.9644269e-01
  -3.4534535e-01  -7.1541502e-01
  -3.4334334e-01  -8.4980237e-01
  -3.4134134e-01  -8.6561265e-01
  -3.3933934e-01  -7.7865613e-01
  -3.3733734e-01  -4.3873518e-01
  -3.3533534e-01   6.7193676e-02
  -3.3333333e-01  -1.6996047e-01
  -3.3133133e-01  -6.6798419e-01
  -3.2932933e-01  -8.3399209e-01
  -3.2732733e-01  -8.6561265e-01
  -3.2532533e-01  -8.1027668e-01
  -3.2332332e-01  -5.4940711e-01
  -3.2132132e-01   3.9525692e-03
  -3.1931932e-01  -2.7667984e-02
  -3.1731732e-01  -5.8102767e-01
  -3.1531532e-01  -8.2608696e-01
  -3.1331331e-01  -8.7351779e-01
  -3.1131131e-01  -8.4189723e-01
  -3.0930931e-01  -6.4426877e-01
  -3.0730731e-01  -1.1462451e-01
  -3.0530531e-01   9.0909091e-02
  -3.0330330e-01  -4.7826087e-01
  -3.0130130e-01  -7.9446640e-01
  -2.9929930e-01  -8.7351779e-01
  -2.9729730e-01  -8.6561265e-01
  -2.9529530e-01  -7.3122530e-01
  -2.9329329e-01  -2.8063241e-01
  -2.9129129e-01   1.6996047e-01
  -2.8928929e-01  -3.2015810e-01
  -2.8728729e-01  -7.4703557e-01
  -2.8528529e-01  -8.6561265e-01
  -2.8328328e-01  -8.7351779e-01
  -2.8128128e-01  -7.9446640e-01
  -2.7927928e-01  -4.4664032e-01
  -2.7727728e-01   1.4624506e-01
  -2.7527528e-01  -1.3043478e-01
  -2.7327327e-01  -6.7588933e-01
  -2.7127127e-01  -8.5770751e-01
  -2.6926927e-01  -8.8932806e-01
  -2.6726727e-01  -8.3399209e-01
  -2.6526527e-01  -5.9683794e-01
  -2.6326326e-01   1.9762846e-02
  -2.6126126e-01   6.7193676e-02
  -2.5925926e-01  -5.5731225e-01
  -2.5725726e-01  -8.2608696e-01
  -2.5525526e-01  -8.8932806e-01
  -2.5325325e-01  -8.6561265e-01
  -2.5125125e-01  -7.1541502e-01
  -2.4924925e-01  -1.9367589e-01
  -2.4724725e-01   2.1739130e-01
  -2.4524525e-01  -3.8339921e-01
  -2.4324324e-01  -7.7865613e-01
  -2.4124124e-01  -8.8142292e-01
  -2.3923924e-01  -8.8932806e-01
  -2.3723724e-01  -7.9446640e-01
  -2.3523524e-01  -4.2292490e-01
  -2.3323323e-01   2.1739130e-01
  -2.3123123e-01  -1.3043478e-01
  -2.2922923e-01  -6.9960474e-01
  -2.2722723e-01  -8.7351779e-01
  -2.2522523e-01  -8.9723320e-01
  -2.2322322e-01  -8.4980237e-01
  -2.2122122e-01  -6.1264822e-01
  -2.1921922e-01   2.7667984e-02
  -2.1721722e-01   1.3043478e-01
  -2.1521522e-01  -5.4940711e-01
  -2.1321321e-01  -8.4189723e-01
  -2.1121121e-01  -8.9723320e-01
  -2.0920921e-01  -8.8142292e-01
  -2.0720721e-01  -7.6284585e-01
  -2.0520521e-01  -2.5691700e-01
  -2.0320320e-01   2.8063241e-01
  -2.0120120e-01  -3.1225296e-01
  -1.9919920e-01  -7.7865613e-01
  -1.9719720e-01  -8.8932806e-01
  -1.9519520e-01  -9.0513834e-01
  -1.9319319e-01  -8.2608696e-01
  -1.9119119e-01  -5.2569170e-01
  -1.8918919e-01   1.9367589e-01
  -1.8718719e-01   1.1857708e-02
  -1.8518519e-01  -6.5217391e-01
  -1.8318318e-01  -8.6561265e-01
  -1.8118118e-01  -9.1304348e-01
  -1.7917918e-01  -8.8142292e-01
  -1.7717718e-01  -7.2332016e-01
  -1.7517518e-01  -1.2252964e-01
  -1.7317317e-01   2.8853755e-01
  -1.7117117e-01  -4.2292490e-01
  -1.6916917e-01  -8.1818182e-01
  -1.6716717e-01  -9.0513834e-01
  -1.6516517e-01  -9.1304348e-01
  -1.6316316e-01  -8.2608696e-01
  -1.6116116e-01  -4.7826087e-01
  -1.5915916e-01   2.8063241e-01
  -1.5715716e-01  -4.3478261e-02
  -1.5515516e-01  -6.9960474e-01
  -1.5315315e-01  -8.8142292e-01
  -1.5115115e-01  -9.1304348e-01
  -1.4914915e-01  -8.8932806e-01
  -1.4714715e-01  -7.1541502e-01
  -1.4514515e-01  -8.3003953e-02
  -1.4314314e-01   3.2806324e-01
  -1.4114114e-01  -4.5454545e-01
  -1.3913914e-01  -8.2608696e-01
  -1.3713714e-01  -9.1304348e-01
  -1.3513514e-01  -9.2094862e-01
  -1.3313313e-01  -8.4189723e-01
  -1.3113113e-01  -5.0197628e-01
  -1.2912913e-01   3.0434783e-01
  -1.2712713e-01   3.9525692e-03
  -1.2512513e-01  -6.9960474e-01
  -1.2312312e-01  -8.8932806e-01
  -1.2112112e-01  -9.2094862e-01
  -1.1911912e-01  -9.0513834e-01
  -1.1711712e-01  -7.5494071e-01
  -1.1511512e-01  -1.6996047e-01
  -1.1311311e-01   4.2292490e-01
  -1.1111111e-01  -3.7549407e-01
  -1.0910911e-01  -8.2608696e-01
  -1.0710711e-01  -9.2094862e-01
  -1.0510511e-01  -9.2885375e-01
  -1.0310310e-01  -8.8142292e-01
  -1.0110110e-01  -6.1264822e-01
  -9.9099099e-02   2.1739130e-01
  -9.7097097e-02   2.0948617e-01
  -9.5095095e-02  -6.2845850e-01
  -9.3093093e-02  -8.8142292e-01
  -9.1091091e-02  -9.2885375e-01
  -8.9089089e-02  -9.2885375e-01
  -8.7087087e-02  -8.3399209e-01
  -8.5085085e-02  -4.0711462e-01
  -8.3083083e-02   4.7826087e-01
  -8.1081081e-02  -1.0671937e-01
  -7.9079079e-02  -7.6284585e-01
  -7.7077077e-02  -9.1304348e-01
  -7.5075075e-02  -9.4466403e-01
  -7.3073073e-02  -9.2094862e-01
  -7.1071071e-02  -7.7865613e-01
  -6.9069069e-02  -1.6996047e-01
  -6.7067067e-02   5.4150198e-01
  -6.5065065e-02  -3.6758893e-01
  -6.3063063e-02  -8.3399209e-01
  -6.1061061e-02  -9.3675889e-01
  -5.9059059e-02  -9.4466403e-01
  -5.7057057e-02  -9.2094862e-01
  -5.5055055e-02  -7.3122530e-01
  -5.3053053e-02   4.3478261e-02
  -5.1051051e-02   5.0197628e-01
  -4.9049049e-02  -5.0988142e-01
  -4.7047047e-02  -8.7351779e-01
  -4.5045045e-02  -9.3675889e-01
  -4.3043043e-02  -9.5256917e-01
  -4.1041041e-02  -9.1304348e-01
  -3.9039039e-02  -7.2332016e-01
  -3.7037037e-02   1.5415020e-01
  -3.5035035e-02   5.2569170e-01
  -3.3033033e-02  -5.5731225e-01
  -3.1031031e-02  -8.8932806e-01
  -2.9029029e-02  -9.4466403e-01
  -2.7027027e-02  -9.5256917e-01
  -2.5025025e-02  -9.3675889e-01
  -2.3023023e-02  -7.8656126e-01
  -2.1021021e-02   2.7667984e-02
  -1.9019019e-02   7.2332016e-01
  -1.7017017e-02  -4.8616601e-01
  -1.5015015e-02  -8.9723320e-01
  -1.3013013e-02  -9.5256917e-01
  -1.1011011e-02  -9.6837945e-01
  -9.0090090e-03  -9.6047431e-01
  -7.0070070e-03  -9.0513834e-01
  -5.0050050e-03  -4.9407115e-01
  -3.0030030e-03   8.5770751e-01
  -1.0010010e-03   6.7193676e-02
   1.0010010e-03  -8.1818182e-01
   3.0030030e-03  -9.4466403e-01
   5.0050050e-03  -9.6837945e-01
   7.0070070e-03  -9.7628458e-01
   9.0090090e-03  -9.8418972e-01
   1.1011011e-02  -9.7628458e-01
   1.3013013e-02  -8.1818182e-01
   1.5015015e-02   2.8853755e-01
   1.7017017e-02   8.2608696e-01
   1.9019019e-02  -6.1264822e-01
   2.1021021e-02  -9.2094862e-01
   2.3023023e-02  -9.6047431e-01
   2.5025025e-02  -9.6047431e-01
   2.7027027e-02  -9.6047431e-01
   2.9029029e-02  -8.7351779e-01
   3.1031031e-02  -3.8339921e-01
   3.3033033e-02   5.7312253e-01
   3.5035035e-02  -1.5415020e-01
   3.7037037e-02  -7.8656126e-01
   3.9039039e-02  -9.2094862e-01
   4.1041041e-02  -9.3675889e-01
   4.3043043e-02  -9.0513834e-01
   4.5045045e-02  -7.1541502e-01
   4.7047047e-02  -3.9525692e-03
   4.9049049e-02   3.2015810e-01
   5.1051051e-02  -5.1778656e-01
   5.3053053e-02  -8.5770751e-01
   5.5055055e-02  -9.2885375e-01
   5.7057057e-02  -9.2885375e-01
   5.9059059e-02  -8.3399209e-01
   6.1061061e-02  -4.3083004e-01
   6.3063063e-02   3.5177866e-01
   6.5065065e-02  -1.1462451e-01
   6.7067067e-02  -7.4703557e-01
   6.9069069e-02  -9.0513834e-01
   7.1071071e-02  -9.2885375e-01
   7.3073073e-02  -9.0513834e-01
   7.5075075e-02  -7.2332016e-01
   7.7077077e-02  -5.1383399e-02
   7.9079079e-02   3.4387352e-01
   8.1081081e-02  -4.8616601e-01
   8.3083083e-02  -8.4980237e-01
   8.5085085e-02  -9.2885375e-01
   8.7087087e-02  -9.2885375e-01
   8.9089089e-02  -8.5770751e-01
   9.1091091e-02  -5.0988142e-01
   9.3093093e-02   3.2015810e-01
   9.5095095e-02   1.9762846e-02
   9.7097097e-02  -7.0750988e-01
   9.9099099e-02  -9.1304348e-01
   1.0110110e-01  -9.4466403e-01
   1.0310310e-01  -9.2094862e-01
   1.0510511e-01  -7.9446640e-01
   1.0710711e-01  -2.2529644e-01
   1.0910911e-01   4.7035573e-01
   1.1111111e-01  -3.2015810e-01
   1.1311311e-01  -8.1818182e-01
   1.1511512e-01  -9.2885375e-01
   1.1711712e-01  -9.3675889e-01
   1.1911912e-01  -9.0513834e-01
   1.2112112e-01  -6.9169960e-01
   1.2312312e-01   9.8814229e-02
   1.2512513e-01   3.7549407e-01
   1.2712713e-01  -5.6521739e-01
   1.2912913e-01  -8.8142292e-01
   1.3113113e-01  -9.3675889e-01
   1.3313313e-01  -9.3675889e-01
   1.3513514e-01  -8.8932806e-01
   1.3713714e-01  -5.7312253e-01
   1.3913914e-01   3.6758893e-01
   1.4114114e-01   1.6205534e-01
   1.4314314e-01  -6.9169960e-01
   1.4514515e-01  -9.0513834e-01
   1.4714715e-01  -9.5256917e-01
   1.4914915e-01  -9.4466403e-01
   1.5115115e-01  -8.7351779e-01
   1.5315315e-01  -4.8616601e-01
   1.5515516e-01   5.3359684e-01
   1.5715716e-01   1.1857708e-02
   1.5915916e-01  -7.6284585e-01
   1.6116116e-01  -9.2885375e-01
   1.6316316e-01  -9.5256917e-01
   1.6516517e-01  -9.6047431e-01
   1.6716717e-01  -8.8142292e-01
   1.6916917e-01  -4.9407115e-01
   1.7117117e-01   6.2055336e-01
   1.7317317e-01   1.9762846e-02
   1.7517518e-01  -7.7865613e-01
   1.7717718e-01  -9.3675889e-01
   1.7917918e-01  -9.6047431e-01
   1.8118118e-01  -9.6837945e-01
   1.8318318e-01  -9.2094862e-01
   1.8518519e-01  -6.3636364e-01
   1.8718719e-01   5.0988142e-01
   1.8918919e-01   3.4387352e-01
   1.9119119e-01  -7.0750988e-01
   1.9319319e-01  -9.2885375e-01
   1.9519520e-01  -9.6047431e-01
   1.9719720e-01  -9.6837945e-01
   1.9919920e-01  -9.6837945e-01
   2.0120120e-01  -8.8932806e-01
   2.0320320e-01  -3.3596838e-01
   2.0520521e-01   1.0000000e+00
   2.0720721e-01  -1.6996047e-01
   2.0920921e-01  -8.6561265e-01
   2.1121121e-01  -9.5256917e-01
   2.1321321e-01  -9.7628458e-01
   2.1521522e-01  -9.8418972e-01
   2.1721722e-01  -9.9209486e-01
   2.1921922e-01  -1.0000000e+00
   2.2122122e-01  -1.0000000e+00
   2.2322322e-01  -9.6047431e-01
   2.2522523e-01  -8.3399209e-01
   2.2722723e-01  -9.5256917e-01
   2.2922923e-01  -9.6837945e-01
   2.3123123e-01  -9.5256917e-01
   2.3323323e-01  -8.8932806e-01
   2.3523524e-01  -7.5494071e-01
   2.3723724e-01  -5.6521739e-01
   2.3923924e-01  -5.0197628e-01
   2.4124124e-01  -5.7312253e-01
   2.4324324e-01  -6.5217391e-01
   2.4524525e-01  -6.5217391e-01
   2.4724725e-01  -5.8893281e-01
   2.4924925e-01  -5.0988142e-01
   2.5125125e-01  -4.9407115e-01
   2.5325325e-01  -5.4940711e-01
   2.5525526e-01  -6.2845850e-01
   2.5725726e-01  -6.5217391e-01
   2.5925926e-01  -6.3636364e-01
   2.6126126e-01  -5.5731225e-01
   2.6326326e-01  -4.8616601e-01
   2.6526527e-01  -4.8616601e-01
   2.6726727e-01  -5.4150198e-01
   2.6926927e-01  -6.2055336e-01
   2.7127127e-01  -6.4426877e-01
   2.7327327e-01  -6.1264822e-01
   2.7527528e-01  -5.4150198e-01
   2.7727728e-01  -4.7035573e-01
   2.7927928e-01  -4.7826087e-01
   2.8128128e-01  -5.5731225e-01
   2.8328328e-01  -6.2055336e-01
   2.8528529e-01  -6.5217391e-01
   2.8728729e-01  -6.0474308e-01
   2.8928929e-01  -5.3359684e-01
   2.9129129e-01  -4.5454545e-01
   2.9329329e-01  -4.7826087e-01
   2.9529530e-01  -5.5731225e-01
   2.9729730e-01  -6.3636364e-01
   2.9929930e-01  -6.5217391e-01
   3.0130130e-01  -5.9683794e-01
   3.0330330e-01  -5.0988142e-01
   3.0530531e-01  -4.4664032e-01
   3.0730731e-01  -4.7826087e-01
   3.0930931e-01  -5.7312253e-01
   3.1131131e-01  -6.4426877e-01
   3.1331331e-01  -6.6007905e-01
   3.1531532e-01  -5.9683794e-01
   3.1731732e-01  -5.0197628e-01
   3.1931932e-01  -4.3873518e-01
   3.2132132e-01  -4.8616601e-01
   3.2332332e-01  -5.8893281e-01
   3.2532533e-01  -6.5217391e-01
   3.2732733e-01  -6.5217391e-01
   3.2932933e-01  -5.8102767e-01
   3.3133133e-01  -4.8616601e-01
   3.3333333e-01  -4.3083004e-01
   3.3533534e-01  -4.9407115e-01
   3.3733734e-01  -5.8893281e-01
   3.3933934e-01  -6.6798419e-01
   3.4134134e-01  -6.5217391e-01
   3.4334334e-01  -5.8102767e-01
   3.4534535e-01  -4.6245059e-01
   3.4734735e-01  -4.1501976e-01
   3.4934935e-01  -4.9407115e-01
   3.5135135e-01  -6.1264822e-01
   3.5335335e-01  -6.6007905e-01
   3.5535536e-01  -6.5217391e-01
   3.5735736e-01  -5.5731225e-01
   3.5935936e-01  -4.3873518e-01
   3.6136136e-01  -4.0711462e-01
   3.6336336e-01  -5.0197628e-01
   3.6536537e-01  -6.0474308e-01
   3.6736737e-01  -6.6798419e-01
   3.6936937e-01  -6.5217391e-01
   3.7137137e-01  -5.4940711e-01
   3.7337337e-01  -4.2292490e-01
   3.7537538e-01  -3.9920949e-01
   3.7737738e-01  -5.0988142e-01
   3.7937938e-01  -6.2845850e-01
   3.8138138e-01  -6.7588933e-01
   3.8338338e-01  -6.4426877e-01
   3.8538539e-01  -5.3359684e-01
   3.8738739e-01  -3.9920949e-01
   3.8938939e-01  -3.9130435e-01
   3.9139139e-01  -5.1778656e-01
   3.9339339e-01  -6.4426877e-01
   3.9539540e-01  -6.7588933e-01
   3.9739740e-01  -6.4426877e-01
   3.9939940e-01  -5.1778656e-01
   4.0140140e-01  -3.8339921e-01
   4.0340340e-01  -3.9130435e-01
   4.0540541e-01  -5.3359684e-01
   4.0740741e-01  -6.5217391e-01
   4.0940941e-01  -6.8379447e-01
   4.1141141e-01  -6.3636364e-01
   4.1341341e-01  -4.9407115e-01
   4.1541542e-01  -3.5177866e-01
   4.1741742e-01  -3.8339921e-01
   4.1941942e-01  -5.4150198e-01
   4.2142142e-01  -6.5217391e-01
   4.2342342e-01  -6.8379447e-01
   4.2542543e-01  -6.2055336e-01
   4.2742743e-01  -4.7826087e-01
   4.2942943e-01  -3.3596838e-01
   4.3143143e-01  -3.8339921e-01
   4.3343343e-01  -5.4940711e-01
   4.3543544e-01  -6.7588933e-01
   4.3743744e-01  -6.9169960e-01
   4.3943944e-01  -6.2055336e-01
   4.4144144e-01  -4.5454545e-01
   4.4344344e-01  -3.2015810e-01
   4.4544545e-01  -3.9130435e-01
   4.4744745e-01  -5.7312253e-01
   4.4944945e-01  -6.9169960e-01
   4.5145145e-01  -6.9169960e-01
   4.5345345e-01  -6.1264822e-01
   4.5545546e-01  -4.3873518e-01
   4.5745746e-01  -2.9644269e-01
   4.5945946e-01  -3.9920949e-01
   4.6146146e-01  -5.8102767e-01
   4.6346346e-01  -6.9169960e-01
   4.6546547e-01  -6.9960474e-01
   4.6746747e-01  -6.0474308e-01
   4.6946947e-01  -4.2292490e-01
   4.7147147e-01  -2.7272727e-01
   4.7347347e-01  -3.9920949e-01
   4.7547548e-01  -5.8893281e-01
   4.7747748e-01  -7.0750988e-01
   4.7947948e-01  -6.9960474e-01
   4.8148148e-01  -6.0474308e-01
   4.8348348e-01  -3.9130435e-01
   4.8548549e-01  -2.6482213e-01
   4.8748749e-01  -4.1501976e-01
   4.8948949e-01  -6.2055336e-01
   4.9149149e-01  -7.2332016e-01
   4.9349349e-01  -7.1541502e-01
   4.9549550e-01  -6.0474308e-01
   4.9749750e-01  -3.8339921e-01
   4.9949950e-01  -2.4901186e-01
   5.0150150e-01  -4.1501976e-01
   5.0350350e-01  -6.2055336e-01
   5.0550551e-01  -7.3122530e-01
   5.0750751e-01  -7.2332016e-01
   5.0950951e-01  -5.8893281e-01
   5.1151151e-01  -3.5968379e-01
   5.1351351e-01  -2.4110672e-01
   5.1551552e-01  -4.3083004e-01
   5.1751752e-01  -6.4426877e-01
   5.1951952e-01  -7.4703557e-01
   5.2152152e-01  -7.2332016e-01
   5.2352352e-01  -5.9683794e-01
   5.2552553e-01  -3.4387352e-01
   5.2752753e-01  -2.2529644e-01
   5.2952953e-01  -4.3083004e-01
   5.3153153e-01  -6.6007905e-01
   5.3353353e-01  -7.4703557e-01
   5.3553554e-01  -7.3913043e-01
   5.3753754e-01  -5.8893281e-01
   5.3953954e-01  -3.2806324e-01
   5.4154154e-01  -2.0158103e-01
   5.4354354e-01  -4.4664032e-01
   5.4554555e-01  -6.7588933e-01
   5.4754755e-01  -7.5494071e-01
   5.4954955e-01  -7.3913043e-01
   5.5155155e-01  -5.9683794e-01
   5.5355355e-01  -3.2015810e-01
   5.5555556e-01  -2.0158103e-01
   5.5755756e-01  -4.3873518e-01
   5.5955956e-01  -6.7588933e-01
   5.6156156e-01  -7.6284585e-01
   5.6356356e-01  -7.5494071e-01
   5.6556557e-01  -5.9683794e-01
   5.6756757e-01  -2.9644269e-01
   5.6956957e-01  -1.8577075e-01
   5.7157157e-01  -4.4664032e-01
   5.7357357e-01  -6.9169960e-01
   5.7557558e-01  -7.7075099e-01
   5.7757758e-01  -7.5494071e-01
   5.7957958e-01  -5.8893281e-01
   5.8158158e-01  -2.9644269e-01
   5.8358358e-01  -1.6205534e-01
   5.8558559e-01  -4.4664032e-01
   5.8758759e-01  -6.9169960e-01
   5.8958959e-01  -7.7865613e-01
   5.9159159e-01  -7.6284585e-01
   5.9359359e-01  -6.1264822e-01
   5.9559560e-01  -2.8063241e-01
   5.9759760e-01  -1.3833992e-01
   5.9959960e-01  -4.3083004e-01
   6.0160160e-01  -6.9169960e-01
   6.0360360e-01  -7.8656126e-01
   6.0560561e-01  -7.7075099e-01
   6.0760761e-01  -6.1264822e-01
   6.0960961e-01  -2.8063241e-01
   6.1161161e-01  -1.2252964e-01
   6.1361361e-01  -4.2292490e-01
   6.1561562e-01  -6.9960474e-01
   6.1761762e-01  -7.8656126e-01
   6.1961962e-01  -7.7865613e-01
   6.2162162e-01  -6.2845850e-01
   6.2362362e-01  -2.8853755e-01
   6.2562563e-01  -8.3003953e-02
   6.2762763e-01  -3.9920949e-01
   6.2962963e-01  -6.9169960e-01
   6.3163163e-01  -7.9446640e-01
   6.3363363e-01  -7.8656126e-01
   6.3563564e-01  -6.5217391e-01
   6.3763764e-01  -3.0434783e-01
   6.3963964e-01  -6.7193676e-02
   6.4164164e-01  -3.6758893e-01
   6.4364364e-01  -6.8379447e-01
   6.4564565e-01  -7.8656126e-01
   6.4764765e-01  -7.9446640e-01
   6.4964965e-01  -6.6007905e-01
   6.5165165e-01  -3.2015810e-01
   6.5365365e-01  -3.5573123e-02
   6.5565566e-01  -3.3596838e-01
   6.5765766e-01  -6.7588933e-01
   6.5965966e-01  -8.0237154e-01
   6.6166166e-01  -8.0237154e-01
   6.6366366e-01  -6.9169960e-01
   6.6566567e-01  -3.5968379e-01
   6.6766767e-01  -1.9762846e-02
   6.6966967e-01  -2.9644269e-01
   6.7167167e-01  -6.6007905e-01
   6.7367367e-01  -8.0237154e-01
   6.7567568e-01  -8.1027668e-01
   6.7767768e-01  -7.1541502e-01
   6.7967968e-01  -3.9920949e-01
   6.8168168e-01  -1.1857708e-02
   6.8368368e-01  -2.3320158e-01
   6.8568569e-01  -6.4426877e-01
   6.8768769e-01  -8.0237154e-01
   6.8968969e-01  -8.2608696e-01
   6.9169169e-01  -7.3913043e-01
   6.9369369e-01  -4.4664032e-01
   6.9569570e-01  -1.9762846e-02
   6.9769770e-01  -1.7786561e-01
   6.9969970e-01  -6.0474308e-01
   7.0170170e-01  -7.9446640e-01
   7.0370370e-01  -8.3399209e-01
   7.0570571e-01  -7.6284585e-01
   7.0770771e-01  -5.0197628e-01
   7.0970971e-01  -4.3478261e-02
   7.1171171e-01  -9.8814229e-02
   7.1371371e-01  -5.7312253e-01
   7.1571572e-01  -7.8656126e-01
   7.1771772e-01  -8.4189723e-01
   7.1971972e-01  -7.9446640e-01
   7.2172172e-01  -5.7312253e-01
   7.2372372e-01  -9.0909091e-02
   7.2572573e-01  -1.9762846e-02
   7.2772773e-01  -5.0988142e-01
   7.2972973e-01  -7.7865613e-01
   7.3173173e-01  -8.4189723e-01
   7.3373373e-01  -8.0237154e-01
   7.3573574e-01  -6.2845850e-01
   7.3773774e-01  -1.6996047e-01
   7.3973974e-01   3.5573123e-02
   7.4174174e-01  -4.3083004e-01
   7.4374374e-01  -7.6284585e-01
   7.4574575e-01  -8.4980237e-01
   7.4774775e-01  -8.3399209e-01
   7.4974975e-01  -6.9169960e-01
   7.5175175e-01  -2.6482213e-01
   7.5375375e-01   9.0909091e-02
   7.5575576e-01  -3.5177866e-01
   7.5775776e-01  -7.3122530e-01
   7.5975976e-01  -8.4980237e-01
   7.6176176e-01  -8.4980237e-01
   7.6376376e-01  -7.3913043e-01
   7.6576577e-01  -3.8339921e-01
   7.6776777e-01   9.8814229e-02
   7.6976977e-01  -2.3320158e-01
   7.7177177e-01  -6.8379447e-01
   7.7377377e-01  -8.4189723e-01
   7.7577578e-01  -8.5770751e-01
   7.7777778e-01  -7.8656126e-01
   7.7977978e-01  -4.8616601e-01
   7.8178178e-01   5.1383399e-02
   7.8378378e-01  -9.0909091e-02
   7.8578579e-01  -6.2845850e-01
   7.8778779e-01  -8.2608696e-01
   7.8978979e-01  -8.7351779e-01
   7.9179179e-01  -8.1818182e-01
   7.9379379e-01  -6.0474308e-01
   7.9579580e-01  -5.1383399e-02
   7.9779780e-01   4.3478261e-02
   7.9979980e-01  -5.2569170e-01
   8.0180180e-01  -8.1027668e-01
   8.0380380e-01  -8.7351779e-01
   8.0580581e-01  -8.5770751e-01
   8.0780781e-01  -6.9169960e-01
   8.0980981e-01  -1.9367589e-01
   8.1181181e-01   1.5415020e-01
   8.1381381e-01  -3.9130435e-01
   8.1581582e-01  -7.6284585e-01
   8.1781782e-01  -8.7351779e-01
   8.1981982e-01  -8.6561265e-01
   8.2182182e-01  -7.6284585e-01
   8.2382382e-01  -3.6758893e-01
   8.2582583e-01   1.7786561e-01
   8.2782783e-01  -2.2529644e-01
   8.2982983e-01  -7.0750988e-01
   8.3183183e-01  -8.6561265e-01
   8.3383383e-01  -8.8142292e-01
   8.3583584e-01  -8.1818182e-01
   8.3783784e-01  -5.2569170e-01
   8.3983984e-01   9.0909091e-02
   8.4184184e-01  -3.9525692e-03
   8.4384384e-01  -6.0474308e-01
   8.4584585e-01  -8.4189723e-01
   8.4784785e-01  -8.8142292e-01
   8.4984985e-01  -8.4980237e-01
   8.5185185e-01  -6.6798419e-01
   8.5385385e-01  -9.8814229e-02
   8.5585586e-01   1.6996047e-01
   8.5785786e-01  -4.5454545e-01
   8.5985986e-01  -8.0237154e-01
   8.6186186e-01  -8.7351779e-01
   8.6386386e-01  -8.7351779e-01
   8.6586587e-01  -7.6284585e-01
   8.6786787e-01  -3.2015810e-01
   8.6986987e-01   2.4110672e-01
   8.7187187e-01  -2.4110672e-01
   8.7387387e-01  -7.3122530e-01
   8.7587588e-01  -8.6561265e-01
   8.7787788e-01  -8.8932806e-01
   8.7987988e-01  -8.1818182e-01
   8.8188188e-01  -5.3359684e-01
   8.8388388e-01   1.3833992e-01
   8.8588589e-01   2.7667984e-02
   8.8788789e-01  -6.0474308e-01
   8.8988989e-01  -8.4980237e-01
   8.9189189e-01  -8.8142292e-01
   8.9389389e-01  -8.6561265e-01
   8.9589590e-01  -6.9169960e-01
   8.9789790e-01  -1.2252964e-01
   8.9989990e-01   2.5691700e-01
   9.0190190e-01  -4.1501976e-01
   9.0390390e-01  -7.9446640e-01
   9.0590591e-01  -8.8932806e-01
   9.0790791e-01  -8.8932806e-01
   9.0990991e-01  -7.9446640e-01
   9.1191191e-01  -4.0711462e-01
   9.1391391e-01   2.7272727e-01
   9.1591592e-01  -1.1462451e-01
   9.1791792e-01  -7.0750988e-01
   9.1991992e-01  -8.6561265e-01
   9.2192192e-01  -8.9723320e-01
   9.2392392e-01  -8.5770751e-01
   9.2592593e-01  -6.4426877e-01
   9.2792793e-01   2.7667984e-02
   9.2992993e-01   2.1739130e-01
   9.3193193e-01  -5.2569170e-01
   9.3393393e-01  -8.2608696e-01
   9.3593594e-01  -8.9723320e-01
   9.3793794e-01  -8.8932806e-01
   9.3993994e-01  -7.7865613e-01
   9.4194194e-01  -3.3596838e-01
   9.4394394e-01   3.5177866e-01
   9.4594595e-01  -2.0948617e-01
   9.4794795e-01  -7.4703557e-01
   9.4994995e-01  -8.8932806e-01
   9.5195195e-01  -9.1304348e-01
   9.5395395e-01  -8.6561265e-01
   9.5595596e-01  -6.2055336e-01
   9.5795796e-01   9.8814229e-02
   9.5995996e-01   2.0158103e-01
   9.6196196e-01  -5.6521739e-01
   9.6396396e-01  -8.4980237e-01
   9.6596597e-01  -9.1304348e-01
   9.6796797e-01  -9.0513834e-01
   9.6996997e-01  -8.0237154e-01
   9.7197197e-01  -3.2806324e-01
   9.7397397e-01   3.9920949e-01
   9.7597598e-01  -2.0158103e-01
   9.7797798e-01  -7.5494071e-01
   9.7997998e-01  -8.9723320e-01
   9.8198198e-01  -9.2094862e-01
   9.8398398e-01  -8.7351779e-01
   9.8598599e-01  -6.6007905e-01
   9.8798799e-01   5.9288538e-02
   9.8998999e-01   2.9644269e-01
   9.9199199e-01  -5.3359684e-01
   9.9399399e-01  -8.5770751e-01
   9.9599600e-01  -9.2094862e-01
   9.9799800e-01  -9.1304348e-01
   1.0000000e+00  -8.3399209e-01
