  -2.0000000e+00  -1.0000000e+00   3.5458768e+00
  -2.0000000e+00  -9.0000000e-01   2.3644472e+00
  -2.0000000e+00  -8.0000000e-01   1.2858738e+00
  -2.0000000e+00  -7.0000000e-01   3.1041683e-01
  -2.0000000e+00  -6.0000000e-01  -5.6211247e-01
  -2.0000000e+00  -5.0000000e-01  -1.3323514e+00
  -2.0000000e+00  -4.0000000e-01  -2.0013859e+00
  -2.0000000e+00  -3.0000000e-01  -2.5707507e+00
  -2.0000000e+00  -2.0000000e-01  -3.0424290e+00
  -2.0000000e+00  -1.0000000e-01  -3.4188529e+00
  -2.0000000e+00   0.0000000e+00  -3.7029029e+00
  -2.0000000e+00   1.0000000e-01  -3.8979084e+00
  -2.0000000e+00   2.0000000e-01  -4.0076473e+00
  -2.0000000e+00   3.0000000e-01  -4.0363462e+00
  -2.0000000e+00   4.0000000e-01  -3.9886804e+00
  -2.0000000e+00   5.0000000e-01  -3.8697739e+00
  -2.0000000e+00   6.0000000e-01  -3.6851993e+00
  -2.0000000e+00   7.0000000e-01  -3.4409779e+00
  -2.0000000e+00   8.0000000e-01  -3.1435796e+00
  -2.0000000e+00   9.0000000e-01  -2.7999229e+00
  -2.0000000e+00   1.0000000e+00  -2.4173753e+00
  -2.0000000e+00   1.1000000e+00  -2.0037526e+00
  -2.0000000e+00   1.2000000e+00  -1.5673193e+00
  -2.0000000e+00   1.3000000e+00  -1.1167888e+00
  -2.0000000e+00   1.4000000e+00  -6.6132304e-01
  -2.0000000e+00   1.5000000e+00  -2.1053250e-01
  -2.0000000e+00   1.6000000e+00   2.2552353e-01
  -2.0000000e+00   1.7000000e+00   6.3633714e-01
  -2.0000000e+00   1.8000000e+00   1.0109518e+00
  -2.0000000e+00   1.9000000e+00   1.3379621e+00
  -2.0000000e+00   2.0000000e+00   1.6055144e+00
  -2.0000000e+00   2.1000000e+00   1.8013060e+00
  -2.0000000e+00   2.2000000e+00   1.9125856e+00
  -2.0000000e+00   2.3000000e+00   1.9261534e+00
  -2.0000000e+00   2.4000000e+00   1.8283608e+00
  -2.0000000e+00   2.5000000e+00   1.6051107e+00
  -2.0000000e+00   2.6000000e+00   1.2418571e+00
  -2.0000000e+00   2.7000000e+00   7.2360547e-01
  -2.0000000e+00   2.8000000e+00   3.4912629e-02
  -2.0000000e+00   2.9000000e+00  -8.4011331e-01
  -2.0000000e+00   3.0000000e+00  -1.9178129e+00
  -1.9000000e+00  -1.0000000e+00   3.1648110e+00
  -1.9000000e+00  -9.0000000e-01   2.0501712e+00
  -1.9000000e+00  -8.0000000e-01   1.0319862e+00
  -1.9000000e+00  -7.0000000e-01   1.1072336e-01
  -1.9000000e+00  -6.0000000e-01  -7.1359859e-01
  -1.9000000e+00  -5.0000000e-01  -1.4414097e+00
  -1.9000000e+00  -4.0000000e-01  -2.0735885e+00
  -1.9000000e+00  -3.0000000e-01  -2.6114624e+00
  -1.9000000e+00  -2.0000000e-01  -3.0568073e+00
  -1.9000000e+00  -1.0000000e-01  -3.4118479e+00
  -1.9000000e+00   0.0000000e+00  -3.6792574e+00
  -1.9000000e+00   1.0000000e-01  -3.8621579e+00
  -1.9000000e+00   2.0000000e-01  -3.9641199e+00
  -1.9000000e+00   3.0000000e-01  -3.9891627e+00
  -1.9000000e+00   4.0000000e-01  -3.9417543e+00
  -1.9000000e+00   5.0000000e-01  -3.8268112e+00
  -1.9000000e+00   6.0000000e-01  -3.6496989e+00
  -1.9000000e+00   7.0000000e-01  -3.4162311e+00
  -1.9000000e+00   8.0000000e-01  -3.1326704e+00
  -1.9000000e+00   9.0000000e-01  -2.8057283e+00
  -1.9000000e+00   1.0000000e+00  -2.4425645e+00
  -1.9000000e+00   1.1000000e+00  -2.0507877e+00
  -1.9000000e+00   1.2000000e+00  -1.6384552e+00
  -1.9000000e+00   1.3000000e+00  -1.2140728e+00
  -1.9000000e+00   1.4000000e+00  -7.8659511e-01
  -1.9000000e+00   1.5000000e+00  -3.6542541e-01
  -1.9000000e+00   1.6000000e+00   3.9584398e-02
  -1.9000000e+00   1.7000000e+00   4.1813375e-01
  -1.9000000e+00   1.8000000e+00   7.5947342e-01
  -1.9000000e+00   1.9000000e+00   1.0524055e+00
  -1.9000000e+00   2.0000000e+00   1.2852834e+00
  -1.9000000e+00   2.1000000e+00   1.4460120e+00
  -1.9000000e+00   2.2000000e+00   1.5220472e+00
  -1.9000000e+00   2.3000000e+00   1.5003967e+00
  -1.9000000e+00   2.4000000e+00   1.3676191e+00
  -1.9000000e+00   2.5000000e+00   1.1098246e+00
  -1.9000000e+00   2.6000000e+00   7.1267471e-01
  -1.9000000e+00   2.7000000e+00   1.6138211e-01
  -1.9000000e+00   2.8000000e+00  -5.5928902e-01
  -1.9000000e+00   2.9000000e+00  -1.4650232e+00
  -1.9000000e+00   3.0000000e+00  -2.5719537e+00
  -1.8000000e+00  -1.0000000e+00   2.8595239e+00
  -1.8000000e+00  -9.0000000e-01   1.8121672e+00
  -1.8000000e+00  -8.0000000e-01   8.5495578e-01
  -1.8000000e+00  -7.0000000e-01  -1.1435690e-02
  -1.8000000e+00  -6.0000000e-01  -7.8678117e-01
  -1.8000000e+00  -5.0000000e-01  -1.4713033e+00
  -1.8000000e+00  -4.0000000e-01  -2.0656734e+00
  -1.8000000e+00  -3.0000000e-01  -2.5710114e+00
  -1.8000000e+00  -2.0000000e-01  -2.9888859e+00
  -1.8000000e+00  -1.0000000e-01  -3.3213143e+00
  -1.8000000e+00   0.0000000e+00  -3.5707625e+00
  -1.8000000e+00   1.0000000e-01  -3.7401451e+00
  -1.8000000e+00   2.0000000e-01  -3.8328254e+00
  -1.8000000e+00   3.0000000e-01  -3.8526154e+00
  -1.8000000e+00   4.0000000e-01  -3.8037756e+00
  -1.8000000e+00   5.0000000e-01  -3.6910153e+00
  -1.8000000e+00   6.0000000e-01  -3.5194924e+00
  -1.8000000e+00   7.0000000e-01  -3.2948137e+00
  -1.8000000e+00   8.0000000e-01  -3.0230342e+00
  -1.8000000e+00   9.0000000e-01  -2.7106580e+00
  -1.8000000e+00   1.0000000e+00  -2.3646376e+00
  -1.8000000e+00   1.1000000e+00  -1.9923743e+00
  -1.8000000e+00   1.2000000e+00  -1.6017180e+00
  -1.8000000e+00   1.3000000e+00  -1.2009673e+00
  -1.8000000e+00   1.4000000e+00  -7.9886943e-01
  -1.8000000e+00   1.5000000e+00  -4.0462027e-01
  -1.8000000e+00   1.6000000e+00  -2.7864417e-02
  -1.8000000e+00   1.7000000e+00   3.2130491e-01
  -1.8000000e+00   1.8000000e+00   6.3234580e-01
  -1.8000000e+00   1.9000000e+00   8.9426771e-01
  -1.8000000e+00   2.0000000e+00   1.0956314e+00
  -1.8000000e+00   2.1000000e+00   1.2245490e+00
  -1.8000000e+00   2.2000000e+00   1.2686840e+00
  -1.8000000e+00   2.3000000e+00   1.2152510e+00
  -1.8000000e+00   2.4000000e+00   1.0510164e+00
  -1.8000000e+00   2.5000000e+00   7.6229749e-01
  -1.8000000e+00   2.6000000e+00   3.3496309e-01
  -1.8000000e+00   2.7000000e+00  -2.4556665e-01
  -1.8000000e+00   2.8000000e+00  -9.9432027e-01
  -1.8000000e+00   2.9000000e+00  -1.9267750e+00
  -1.8000000e+00   3.0000000e+00  -3.0588566e+00
  -1.7000000e+00  -1.0000000e+00   2.6184502e+00
  -1.7000000e+00  -9.0000000e-01   1.6387118e+00
  -1.7000000e+00  -8.0000000e-01   7.4290111e-01
  -1.7000000e+00  -7.0000000e-01  -6.8099892e-02
  -1.7000000e+00  -6.0000000e-01  -7.9385782e-01
  -1.7000000e+00  -5.0000000e-01  -1.4343880e+00
  -1.7000000e+00  -4.0000000e-01  -1.9901543e+00
  -1.7000000e+00  -3.0000000e-01  -2.4620694e+00
  -1.7000000e+00  -2.0000000e-01  -2.8514947e+00
  -1.7000000e+00  -1.0000000e-01  -3.1602400e+00
  -1.7000000e+00   0.0000000e+00  -3.3905640e+00
  -1.7000000e+00   1.0000000e-01  -3.5451739e+00
  -1.7000000e+00   2.0000000e-01  -3.6272258e+00
  -1.7000000e+00   3.0000000e-01  -3.6403241e+00
  -1.7000000e+00   4.0000000e-01  -3.5885222e+00
  -1.7000000e+00   5.0000000e-01  -3.4763220e+00
  -1.7000000e+00   6.0000000e-01  -3.3086741e+00
  -1.7000000e+00   7.0000000e-01  -3.0909778e+00
  -1.7000000e+00   8.0000000e-01  -2.8290809e+00
  -1.7000000e+00   9.0000000e-01  -2.5292802e+00
  -1.7000000e+00   1.0000000e+00  -2.1983207e+00
  -1.7000000e+00   1.1000000e+00  -1.8433965e+00
  -1.7000000e+00   1.2000000e+00  -1.4721501e+00
  -1.7000000e+00   1.3000000e+00  -1.0926727e+00
  -1.7000000e+00   1.4000000e+00  -7.1350434e-01
  -1.7000000e+00   1.5000000e+00  -3.4363347e-01
  -1.7000000e+00   1.6000000e+00   7.5026507e-03
  -1.7000000e+00   1.7000000e+00   3.3001812e-01
  -1.7000000e+00   1.8000000e+00   6.1357839e-01
  -1.7000000e+00   1.9000000e+00   8.4740024e-01
  -1.7000000e+00   2.0000000e+00   1.0202518e+00
  -1.7000000e+00   2.1000000e+00   1.1204525e+00
  -1.7000000e+00   2.2000000e+00   1.1358731e+00
  -1.7000000e+00   2.3000000e+00   1.0539357e+00
  -1.7000000e+00   2.4000000e+00   8.6161393e-01
  -1.7000000e+00   2.5000000e+00   5.4543245e-01
  -1.7000000e+00   2.6000000e+00   9.1467424e-02
  -1.7000000e+00   2.7000000e+00  -5.1465367e-01
  -1.7000000e+00   2.8000000e+00  -1.2877520e+00
  -1.7000000e+00   2.9000000e+00  -2.2430975e+00
  -1.7000000e+00   3.0000000e+00  -3.3964086e+00
  -1.6000000e+00  -1.0000000e+00   2.4307849e+00
  -1.6000000e+00  -9.0000000e-01   1.5188420e+00
  -1.6000000e+00  -8.0000000e-01   6.8470110e-01
  -1.6000000e+00  -7.0000000e-01  -7.0548348e-02
  -1.6000000e+00  -6.0000000e-01  -7.4626567e-01
  -1.6000000e+00  -5.0000000e-01  -1.3422588e+00
  -1.6000000e+00  -4.0000000e-01  -1.8587844e+00
  -1.6000000e+00  -3.0000000e-01  -2.2965478e+00
  -1.6000000e+00  -2.0000000e-01  -2.6567029e+00
  -1.6000000e+00  -1.0000000e-01  -2.9408522e+00
  -1.6000000e+00   0.0000000e+00  -3.1510472e+00
  -1.6000000e+00   1.0000000e-01  -3.2897877e+00
  -1.6000000e+00   2.0000000e-01  -3.3600223e+00
  -1.6000000e+00   3.0000000e-01  -3.3651484e+00
  -1.6000000e+00   4.0000000e-01  -3.3090117e+00
  -1.6000000e+00   5.0000000e-01  -3.1959070e+00
  -1.6000000e+00   6.0000000e-01  -3.0305775e+00
  -1.6000000e+00   7.0000000e-01  -2.8182151e+00
  -1.6000000e+00   8.0000000e-01  -2.5644603e+00
  -1.6000000e+00   9.0000000e-01  -2.2754026e+00
  -1.6000000e+00   1.0000000e+00  -1.9575796e+00
  -1.6000000e+00   1.1000000e+00  -1.6179781e+00
  -1.6000000e+00   1.2000000e+00  -1.2640332e+00
  -1.6000000e+00   1.3000000e+00  -9.0362894e-01
  -1.6000000e+00   1.4000000e+00  -5.4509777e-01
  -1.6000000e+00   1.5000000e+00  -1.9722095e-01
  -1.6000000e+00   1.6000000e+00   1.3077162e-01
  -1.6000000e+00   1.7000000e+00   4.2920139e-01
  -1.6000000e+00   1.8000000e+00   6.8794114e-01
  -1.6000000e+00   1.9000000e+00   8.9641499e-01
  -1.6000000e+00   2.0000000e+00   1.0435984e+00
  -1.6000000e+00   2.1000000e+00   1.1180181e+00
  -1.6000000e+00   2.2000000e+00   1.1077524e+00
  -1.6000000e+00   2.3000000e+00   1.0004305e+00
  -1.6000000e+00   2.4000000e+00   7.8323343e-01
  -1.6000000e+00   2.5000000e+00   4.4289321e-01
  -1.6000000e+00   2.6000000e+00  -3.4306651e-02
  -1.6000000e+00   2.7000000e+00  -6.6253135e-01
  -1.6000000e+00   2.8000000e+00  -1.4563947e+00
  -1.6000000e+00   2.9000000e+00  -2.4309593e+00
  -1.6000000e+00   3.0000000e+00  -3.6017363e+00
  -1.5000000e+00  -1.0000000e+00   2.2864834e+00
  -1.5000000e+00  -9.0000000e-01   1.4423551e+00
  -1.5000000e+00  -8.0000000e-01   6.6999513e-01
  -1.5000000e+00  -7.0000000e-01  -2.9299710e-02
  -1.5000000e+00  -6.0000000e-01  -6.5468142e-01
  -1.5000000e+00  -5.0000000e-01  -1.2057506e+00
  -1.5000000e+00  -4.0000000e-01  -1.6825566e+00
  -1.5000000e+00  -3.0000000e-01  -2.0855973e+00
  -1.5000000e+00  -2.0000000e-01  -2.4158193e+00
  -1.5000000e+00  -1.0000000e-01  -2.6746179e+00
  -1.5000000e+00   0.0000000e+00  -2.8638371e+00
  -1.5000000e+00   1.0000000e-01  -2.9857694e+00
  -1.5000000e+00   2.0000000e-01  -3.0431562e+00
  -1.5000000e+00   3.0000000e-01  -3.0391872e+00
  -1.5000000e+00   4.0000000e-01  -2.9775012e+00
  -1.5000000e+00   5.0000000e-01  -2.8621854e+00
  -1.5000000e+00   6.0000000e-01  -2.6977757e+00
  -1.5000000e+00   7.0000000e-01  -2.4892567e+00
  -1.5000000e+00   8.0000000e-01  -2.2420617e+00
  -1.5000000e+00   9.0000000e-01  -1.9620724e+00
  -1.5000000e+00   1.0000000e+00  -1.6556196e+00
  -1.5000000e+00   1.1000000e+00  -1.3294824e+00
  -1.5000000e+00   1.2000000e+00  -9.9088883e-01
  -1.5000000e+00   1.3000000e+00  -6.4751532e-01
  -1.5000000e+00   1.4000000e+00  -3.0748715e-01
  -1.5000000e+00   1.5000000e+00   2.0621794e-02
  -1.5000000e+00   1.6000000e+00   3.2778896e-01
  -1.5000000e+00   1.7000000e+00   6.0454313e-01
  -1.5000000e+00   1.8000000e+00   8.4096443e-01
  -1.5000000e+00   1.9000000e+00   1.0266843e+00
  -1.5000000e+00   2.0000000e+00   1.1508856e+00
  -1.5000000e+00   2.1000000e+00   1.2023023e+00
  -1.5000000e+00   2.2000000e+00   1.1692201e+00
  -1.5000000e+00   2.3000000e+00   1.0394756e+00
  -1.5000000e+00   2.4000000e+00   8.0045705e-01
  -1.5000000e+00   2.5000000e+00   4.3910390e-01
  -1.5000000e+00   2.6000000e+00  -5.8093046e-02
  -1.5000000e+00   2.7000000e+00  -7.0509163e-01
  -1.5000000e+00   2.8000000e+00  -1.5162984e+00
  -1.5000000e+00   2.9000000e+00  -2.5065684e+00
  -1.5000000e+00   3.0000000e+00  -3.6912056e+00
  -1.4000000e+00  -1.0000000e+00   2.1762616e+00
  -1.4000000e+00  -9.0000000e-01   1.3998090e+00
  -1.4000000e+00  -8.0000000e-01   6.8918305e-01
  -1.4000000e+00  -7.0000000e-01   4.5887821e-02
  -1.4000000e+00  -6.0000000e-01  -5.2902131e-01
  -1.4000000e+00  -5.0000000e-01  -1.0349376e+00
  -1.4000000e+00  -4.0000000e-01  -1.4717030e+00
  -1.4000000e+00  -3.0000000e-01  -1.8396082e+00
  -1.4000000e+00  -2.0000000e-01  -2.1393924e+00
  -1.4000000e+00  -1.0000000e-01  -2.3722435e+00
  -1.4000000e+00   0.0000000e+00  -2.5397981e+00
  -1.4000000e+00   1.0000000e-01  -2.6441416e+00
  -1.4000000e+00   2.0000000e-01  -2.6878078e+00
  -1.4000000e+00   3.0000000e-01  -2.6737793e+00
  -1.4000000e+00   4.0000000e-01  -2.6054873e+00
  -1.4000000e+00   5.0000000e-01  -2.4868119e+00
  -1.4000000e+00   6.0000000e-01  -2.3220815e+00
  -1.4000000e+00   7.0000000e-01  -2.1160735e+00
  -1.4000000e+00   8.0000000e-01  -1.8740136e+00
  -1.4000000e+00   9.0000000e-01  -1.6015766e+00
  -1.4000000e+00   1.0000000e+00  -1.3048855e+00
  -1.4000000e+00   1.1000000e+00  -9.9051243e-01
  -1.4000000e+00   1.2000000e+00  -6.6547779e-01
  -1.4000000e+00   1.3000000e+00  -3.3725085e-01
  -1.4000000e+00   1.4000000e+00  -1.3749494e-02
  -1.4000000e+00   1.5000000e+00   2.9665972e-01
  -1.4000000e+00   1.6000000e+00   5.8516159e-01
  -1.4000000e+00   1.7000000e+00   8.4249224e-01
  -1.4000000e+00   1.8000000e+00   1.0589391e+00
  -1.4000000e+00   1.9000000e+00   1.2243410e+00
  -1.4000000e+00   2.0000000e+00   1.3280881e+00
  -1.4000000e+00   2.1000000e+00   1.3591218e+00
  -1.4000000e+00   2.2000000e+00   1.3059349e+00
  -1.4000000e+00   2.3000000e+00   1.1565716e+00
  -1.4000000e+00   2.4000000e+00   8.9862743e-01
  -1.4000000e+00   2.5000000e+00   5.1924909e-01
  -1.4000000e+00   2.6000000e+00   5.1347807e-03
  -1.4000000e+00   2.7000000e+00  -6.5746601e-01
  -1.4000000e+00   2.8000000e+00  -1.4827525e+00
  -1.4000000e+00   2.9000000e+00  -2.4853724e+00
  -1.4000000e+00   3.0000000e+00  -3.6804223e+00
  -1.3000000e+00  -1.0000000e+00   2.0915960e+00
  -1.3000000e+00  -9.0000000e-01   1.3825221e+00
  -1.3000000e+00  -8.0000000e-01   7.3342515e-01
  -1.3000000e+00  -7.0000000e-01   1.4601650e-01
  -1.3000000e+00  -6.0000000e-01  -3.7844111e-01
  -1.3000000e+00  -5.0000000e-01  -8.3913363e-01
  -1.3000000e+00  -4.0000000e-01  -1.2356957e+00
  -1.3000000e+00  -3.0000000e-01  -1.5682105e+00
  -1.3000000e+00  -2.0000000e-01  -1.8372100e+00
  -1.3000000e+00  -1.0000000e-01  -2.0436749e+00
  -1.3000000e+00   0.0000000e+00  -2.1890343e+00
  -1.3000000e+00   1.0000000e-01  -2.2751662e+00
  -1.3000000e+00   2.0000000e-01  -2.3043972e+00
  -1.3000000e+00   3.0000000e-01  -2.2795026e+00
  -1.3000000e+00   4.0000000e-01  -2.2037062e+00
  -1.3000000e+00   5.0000000e-01  -2.0806806e+00
  -1.3000000e+00   6.0000000e-01  -1.9145471e+00
  -1.3000000e+00   7.0000000e-01  -1.7098756e+00
  -1.3000000e+00   8.0000000e-01  -1.4716846e+00
  -1.3000000e+00   9.0000000e-01  -1.2054414e+00
  -1.3000000e+00   1.0000000e+00  -9.1706182e-01
  -1.3000000e+00   1.1000000e+00  -6.1291049e-01
  -1.3000000e+00   1.2000000e+00  -2.9980060e-01
  -1.3000000e+00   1.3000000e+00   1.5005966e-02
  -1.3000000e+00   1.4000000e+00   3.2379866e-01
  -1.3000000e+00   1.5000000e+00   6.1841826e-01
  -1.3000000e+00   1.6000000e+00   8.9025690e-01
  -1.3000000e+00   1.7000000e+00   1.1302580e+00
  -1.3000000e+00   1.8000000e+00   1.3289165e+00
  -1.3000000e+00   1.9000000e+00   1.4762784e+00
  -1.3000000e+00   2.0000000e+00   1.5619412e+00
  -1.3000000e+00   2.1000000e+00   1.5750537e+00
  -1.3000000e+00   2.2000000e+00   1.5043160e+00
  -1.3000000e+00   2.3000000e+00   1.3379798e+00
  -1.3000000e+00   2.4000000e+00   1.0638476e+00
  -1.3000000e+00   2.5000000e+00   6.6927382e-01
  -1.3000000e+00   2.6000000e+00   1.4116383e-01
  -1.3000000e+00   2.7000000e+00  -5.3402553e-01
  -1.3000000e+00   2.8000000e+00  -1.3702861e+00
  -1.3000000e+00   2.9000000e+00  -2.3820583e+00
  -1.3000000e+00   3.0000000e+00  -3.5842314e+00
  -1.2000000e+00  -1.0000000e+00   2.0247233e+00
  -1.2000000e+00  -9.0000000e-01   1.3825732e+00
  -1.2000000e+00  -8.0000000e-01   7.9464217e-01
  -1.2000000e+00  -7.0000000e-01   2.6284903e-01
  -1.2000000e+00  -6.0000000e-01  -2.1133617e-01
  -1.2000000e+00  -5.0000000e-01  -6.2689205e-01
  -1.2000000e+00  -4.0000000e-01  -9.8324588e-01
  -1.2000000e+00  -3.0000000e-01  -1.2802736e+00
  -1.2000000e+00  -2.0000000e-01  -1.5182997e+00
  -1.2000000e+00  -1.0000000e-01  -1.6980976e+00
  -1.2000000e+00   0.0000000e+00  -1.8208892e+00
  -1.2000000e+00   1.0000000e-01  -1.8883450e+00
  -1.2000000e+00   2.0000000e-01  -1.9025842e+00
  -1.2000000e+00   3.0000000e-01  -1.8661749e+00
  -1.2000000e+00   4.0000000e-01  -1.7821335e+00
  -1.2000000e+00   5.0000000e-01  -1.6539253e+00
  -1.2000000e+00   6.0000000e-01  -1.4854643e+00
  -1.2000000e+00   7.0000000e-01  -1.2811129e+00
  -1.2000000e+00   8.0000000e-01  -1.0456824e+00
  -1.2000000e+00   9.0000000e-01  -7.8443272e-01
  -1.2000000e+00   1.0000000e+00  -5.0307237e-01
  -1.2000000e+00   1.1000000e+00  -2.0775859e-01
  -1.2000000e+00   1.2000000e+00   9.4902736e-02
  -1.2000000e+00   1.3000000e+00   3.9785707e-01
  -1.2000000e+00   1.4000000e+00   6.9360120e-01
  -1.2000000e+00   1.5000000e+00   9.7418326e-01
  -1.2000000e+00   1.6000000e+00   1.2312027e+00
  -1.2000000e+00   1.7000000e+00   1.4558104e+00
  -1.2000000e+00   1.8000000e+00   1.6387083e+00
  -1.2000000e+00   1.9000000e+00   1.7701501e+00
  -1.2000000e+00   2.0000000e+00   1.8399405e+00
  -1.2000000e+00   2.1000000e+00   1.8374356e+00
  -1.2000000e+00   2.2000000e+00   1.7515430e+00
  -1.2000000e+00   2.3000000e+00   1.5707215e+00
  -1.2000000e+00   2.4000000e+00   1.2829812e+00
  -1.2000000e+00   2.5000000e+00   8.7588358e-01
  -1.2000000e+00   2.6000000e+00   3.3654154e-01
  -1.2000000e+00   2.7000000e+00  -3.4838079e-01
  -1.2000000e+00   2.8000000e+00  -1.1926679e+00
  -1.2000000e+00   2.9000000e+00  -2.2105529e+00
  -1.2000000e+00   3.0000000e+00  -3.4167177e+00
  -1.1000000e+00  -1.0000000e+00   1.9686408e+00
  -1.1000000e+00  -9.0000000e-01   1.3928014e+00
  -1.1000000e+00  -8.0000000e-01   8.6551531e-01
  -1.1000000e+00  -7.0000000e-01   3.8890859e-01
  -1.1000000e+00  -6.0000000e-01  -3.5341357e-02
  -1.1000000e+00  -5.0000000e-01  -4.0600578e-01
  -1.1000000e+00  -4.0000000e-01  -7.2230462e-01
  -1.1000000e+00  -3.0000000e-01  -9.8390647e-01
  -1.1000000e+00  -2.0000000e-01  -1.1909286e+00
  -1.1000000e+00  -1.0000000e-01  -1.3439369e+00
  -1.1000000e+00   0.0000000e+00  -1.4439459e+00
  -1.1000000e+00   1.0000000e-01  -1.4924190e+00
  -1.1000000e+00   2.0000000e-01  -1.4912679e+00
  -1.1000000e+00   3.0000000e-01  -1.4428534e+00
  -1.1000000e+00   4.0000000e-01  -1.3499846e+00
  -1.1000000e+00   5.0000000e-01  -1.2159194e+00
  -1.1000000e+00   6.0000000e-01  -1.0443644e+00
  -1.1000000e+00   7.0000000e-01  -8.3947477e-01
  -1.1000000e+00   8.0000000e-01  -6.0585449e-01
  -1.1000000e+00   9.0000000e-01  -3.4855605e-01
  -1.1000000e+00   1.0000000e+00  -7.3080687e-02
  -1.1000000e+00   1.1000000e+00   2.1462173e-01
  -1.1000000e+00   1.2000000e+00   5.0815265e-01
  -1.1000000e+00   1.3000000e+00   8.0066486e-01
  -1.1000000e+00   1.4000000e+00   1.0848625e+00
  -1.1000000e+00   1.5000000e+00   1.3530011e+00
  -1.1000000e+00   1.6000000e+00   1.5968873e+00
  -1.1000000e+00   1.7000000e+00   1.8078794e+00
  -1.1000000e+00   1.8000000e+00   1.9768868e+00
  -1.1000000e+00   1.9000000e+00   2.0943703e+00
  -1.1000000e+00   2.0000000e+00   2.1503422e+00
  -1.1000000e+00   2.1000000e+00   2.1343658e+00
  -1.1000000e+00   2.2000000e+00   2.0355559e+00
  -1.1000000e+00   2.3000000e+00   1.8425789e+00
  -1.1000000e+00   2.4000000e+00   1.5436520e+00
  -1.1000000e+00   2.5000000e+00   1.1265443e+00
  -1.1000000e+00   2.6000000e+00   5.7857582e-01
  -1.1000000e+00   2.7000000e+00  -1.1338191e-01
  -1.1000000e+00   2.8000000e+00  -9.6290604e-01
  -1.1000000e+00   2.9000000e+00  -1.9840224e+00
  -1.1000000e+00   3.0000000e+00  -3.1912054e+00
  -1.0000000e+00  -1.0000000e+00   1.9171063e+00
  -1.0000000e+00  -9.0000000e-01   1.4068065e+00
  -1.0000000e+00  -8.0000000e-01   9.3948622e-01
  -1.0000000e+00  -7.0000000e-01   5.1747877e-01
  -1.0000000e+00  -6.0000000e-01   1.4266891e-01
  -1.0000000e+00  -5.0000000e-01  -1.8350729e-01
  -1.0000000e+00  -4.0000000e-01  -4.6006240e-01
  -1.0000000e+00  -3.0000000e-01  -6.8645769e-01
  -1.0000000e+00  -2.0000000e-01  -8.6260306e-01
  -1.0000000e+00  -1.0000000e-01  -9.8885711e-01
  -1.0000000e+00   0.0000000e+00  -1.0660271e+00
  -1.0000000e+00   1.0000000e-01  -1.0953689e+00
  -1.0000000e+00   2.0000000e-01  -1.0785870e+00
  -1.0000000e+00   3.0000000e-01  -1.0178348e+00
  -1.0000000e+00   4.0000000e-01  -9.1571414e-01
  -1.0000000e+00   5.0000000e-01  -7.7527554e-01
  -1.0000000e+00   6.0000000e-01  -6.0001824e-01
  -1.0000000e+00   7.0000000e-01  -3.9389014e-01
  -1.0000000e+00   8.0000000e-01  -1.6128778e-01
  -1.0000000e+00   9.0000000e-01   9.2943630e-02
  -1.0000000e+00   1.0000000e+00   3.6351020e-01
  -1.0000000e+00   1.1000000e+00   6.4466940e-01
  -1.0000000e+00   1.2000000e+00   9.3023002e-01
  -1.0000000e+00   1.3000000e+00   1.2135522e+00
  -1.0000000e+00   1.4000000e+00   1.4875474e+00
  -1.0000000e+00   1.5000000e+00   1.7446784e+00
  -1.0000000e+00   1.6000000e+00   1.9769594e+00
  -1.0000000e+00   1.7000000e+00   2.1759559e+00
  -1.0000000e+00   1.8000000e+00   2.3327846e+00
  -1.0000000e+00   1.9000000e+00   2.4381138e+00
  -1.0000000e+00   2.0000000e+00   2.4821628e+00
  -1.0000000e+00   2.1000000e+00   2.4547026e+00
  -1.0000000e+00   2.2000000e+00   2.3450553e+00
  -1.0000000e+00   2.3000000e+00   2.1420944e+00
  -1.0000000e+00   2.4000000e+00   1.8342447e+00
  -1.0000000e+00   2.5000000e+00   1.4094824e+00
  -1.0000000e+00   2.6000000e+00   8.5533504e-01
  -1.0000000e+00   2.7000000e+00   1.5888143e-01
  -1.0000000e+00   2.8000000e+00  -6.9324824e-01
  -1.0000000e+00   2.9000000e+00  -1.7148725e+00
  -1.0000000e+00   3.0000000e+00  -2.9202584e+00
  -9.0000000e-01  -1.0000000e+00   1.8646379e+00
  -9.0000000e-01  -9.0000000e-01   1.4189487e+00
  -9.0000000e-01  -8.0000000e-01   1.0107570e+00
  -9.0000000e-01  -7.0000000e-01   6.4260364e-01
  -9.0000000e-01  -6.0000000e-01   3.1658064e-01
  -9.0000000e-01  -5.0000000e-01   3.4331427e-02
  -9.0000000e-01  -4.0000000e-01  -2.0294926e-01
  -9.0000000e-01  -3.0000000e-01  -3.9451532e-01
  -9.0000000e-01  -2.0000000e-01  -5.4006935e-01
  -9.0000000e-01  -1.0000000e-01  -6.3976258e-01
  -9.0000000e-01   0.0000000e+00  -6.9419491e-01
  -9.0000000e-01   1.0000000e-01  -7.0441492e-01
  -9.0000000e-01   2.0000000e-01  -6.7191983e-01
  -9.0000000e-01   3.0000000e-01  -5.9865553e-01
  -9.0000000e-01   4.0000000e-01  -4.8701660e-01
  -9.0000000e-01   5.0000000e-01  -3.3984624e-01
  -9.0000000e-01   6.0000000e-01  -1.6043634e-01
  -9.0000000e-01   7.0000000e-01   4.7472546e-02
  -9.0000000e-01   8.0000000e-01   2.7969121e-01
  -9.0000000e-01   9.0000000e-01   5.3158178e-01
  -9.0000000e-01   1.0000000e+00   7.9805771e-01
  -9.0000000e-01   1.1000000e+00   1.0735838e+00
  -9.0000000e-01   1.2000000e+00   1.3521762e+00
  -9.0000000e-01   1.3000000e+00   1.6274024e+00
  -9.0000000e-01   1.4000000e+00   1.8923811e+00
  -9.0000000e-01   1.5000000e+00   2.1397826e+00
  -9.0000000e-01   1.6000000e+00   2.3618283e+00
  -9.0000000e-01   1.7000000e+00   2.5502910e+00
  -9.0000000e-01   1.8000000e+00   2.6964949e+00
  -9.0000000e-01   1.9000000e+00   2.7913154e+00
  -9.0000000e-01   2.0000000e+00   2.8251795e+00
  -9.0000000e-01   2.1000000e+00   2.7880652e+00
  -9.0000000e-01   2.2000000e+00   2.6695020e+00
  -9.0000000e-01   2.3000000e+00   2.4585709e+00
  -9.0000000e-01   2.4000000e+00   2.1439040e+00
  -9.0000000e-01   2.5000000e+00   1.7136847e+00
  -9.0000000e-01   2.6000000e+00   1.1556480e+00
  -9.0000000e-01   2.7000000e+00   4.5707998e-01
  -9.0000000e-01   2.8000000e+00  -3.9518178e-01
  -9.0000000e-01   2.9000000e+00  -1.4147484e+00
  -9.0000000e-01   3.0000000e+00  -2.6156798e+00
  -8.0000000e-01  -1.0000000e+00   1.8065142e+00
  -8.0000000e-01  -9.0000000e-01   1.4243484e+00
  -8.0000000e-01  -8.0000000e-01   1.0742902e+00
  -8.0000000e-01  -7.0000000e-01   7.5908774e-01
  -8.0000000e-01  -6.0000000e-01   4.8104034e-01
  -8.0000000e-01  -5.0000000e-01   2.4199880e-01
  -8.0000000e-01  -4.0000000e-01   4.3365209e-02
  -8.0000000e-01  -3.0000000e-01  -1.1390701e-01
  -8.0000000e-01  -2.0000000e-01  -2.2931311e-01
  -8.0000000e-01  -1.0000000e-01  -3.0279697e-01
  -8.0000000e-01   0.0000000e+00  -3.3475117e-01
  -8.0000000e-01   1.0000000e-01  -3.2601693e-01
  -8.0000000e-01   2.0000000e-01  -2.7788414e-01
  -8.0000000e-01   3.0000000e-01  -1.9209137e-01
  -8.0000000e-01   4.0000000e-01  -7.0825833e-02
  -8.0000000e-01   5.0000000e-01   8.3276594e-02
  -8.0000000e-01   6.0000000e-01   2.6713136e-01
  -8.0000000e-01   7.0000000e-01   4.7720526e-01
  -8.0000000e-01   8.0000000e-01   7.0951642e-01
  -8.0000000e-01   9.0000000e-01   9.5963431e-01
  -8.0000000e-01   1.0000000e+00   1.2226797e+00
  -8.0000000e-01   1.1000000e+00   1.4933248e+00
  -8.0000000e-01   1.2000000e+00   1.7657930e+00
  -8.0000000e-01   1.3000000e+00   2.0338592e+00
  -8.0000000e-01   1.4000000e+00   2.2908494e+00
  -8.0000000e-01   1.5000000e+00   2.5296412e+00
  -8.0000000e-01   1.6000000e+00   2.7426635e+00
  -8.0000000e-01   1.7000000e+00   2.9218963e+00
  -8.0000000e-01   1.8000000e+00   3.0588711e+00
  -8.0000000e-01   1.9000000e+00   3.1446708e+00
  -8.0000000e-01   2.0000000e+00   3.1699296e+00
  -8.0000000e-01   2.1000000e+00   3.1248329e+00
  -8.0000000e-01   2.2000000e+00   2.9991176e+00
  -8.0000000e-01   2.3000000e+00   2.7820719e+00
  -8.0000000e-01   2.4000000e+00   2.4625352e+00
  -8.0000000e-01   2.5000000e+00   2.0288985e+00
  -8.0000000e-01   2.6000000e+00   1.4691039e+00
  -8.0000000e-01   2.7000000e+00   7.7064499e-01
  -8.0000000e-01   2.8000000e+00  -7.9433460e-02
  -8.0000000e-01   2.9000000e+00  -1.0945352e+00
  -8.0000000e-01   3.0000000e+00  -2.2885127e+00
  -7.0000000e-01  -1.0000000e+00   1.7387744e+00
  -7.0000000e-01  -9.0000000e-01   1.4188869e+00
  -7.0000000e-01  -8.0000000e-01   1.1258089e+00
  -7.0000000e-01  -7.0000000e-01   8.6249603e-01
  -7.0000000e-01  -6.0000000e-01   6.3145494e-01
  -7.0000000e-01  -5.0000000e-01   4.3474374e-01
  -7.0000000e-01  -4.0000000e-01   2.7397186e-01
  -7.0000000e-01  -3.0000000e-01   1.5030007e-01
  -7.0000000e-01  -2.0000000e-01   6.4440456e-02
  -7.0000000e-01  -1.0000000e-01   1.6656467e-02
  -7.0000000e-01   0.0000000e+00   6.7628734e-03
  -7.0000000e-01   1.0000000e-01   3.4125785e-02
  -7.0000000e-01   2.0000000e-01   9.7662649e-02
  -7.0000000e-01   3.0000000e-01   1.9584225e-01
  -7.0000000e-01   4.0000000e-01   3.2668470e-01
  -7.0000000e-01   5.0000000e-01   4.8776147e-01
  -7.0000000e-01   6.0000000e-01   6.7619535e-01
  -7.0000000e-01   7.0000000e-01   8.8866045e-01
  -7.0000000e-01   8.0000000e-01   1.1213823e+00
  -7.0000000e-01   9.0000000e-01   1.3701376e+00
  -7.0000000e-01   1.0000000e+00   1.6302545e+00
  -7.0000000e-01   1.1000000e+00   1.8966126e+00
  -7.0000000e-01   1.2000000e+00   2.1636427e+00
  -7.0000000e-01   1.3000000e+00   2.4253268e+00
  -7.0000000e-01   1.4000000e+00   2.6751984e+00
  -7.0000000e-01   1.5000000e+00   2.9063425e+00
  -7.0000000e-01   1.6000000e+00   3.1113951e+00
  -7.0000000e-01   1.7000000e+00   3.2825438e+00
  -7.0000000e-01   1.8000000e+00   3.4115274e+00
  -7.0000000e-01   1.9000000e+00   3.4896360e+00
  -7.0000000e-01   2.0000000e+00   3.5077111e+00
  -7.0000000e-01   2.1000000e+00   3.4561457e+00
  -7.0000000e-01   2.2000000e+00   3.3248838e+00
  -7.0000000e-01   2.3000000e+00   3.1034211e+00
  -7.0000000e-01   2.4000000e+00   2.7808043e+00
  -7.0000000e-01   2.5000000e+00   2.3456316e+00
  -7.0000000e-01   2.6000000e+00   1.7860526e+00
  -7.0000000e-01   2.7000000e+00   1.0897681e+00
  -7.0000000e-01   2.8000000e+00   2.4403036e-01
  -7.0000000e-01   2.9000000e+00  -7.6435714e-01
  -7.0000000e-01   3.0000000e+00  -1.9490395e+00
  -6.0000000e-01  -1.0000000e+00   1.6582180e+00
  -6.0000000e-01  -9.0000000e-01   1.3992055e+00
  -6.0000000e-01  -8.0000000e-01   1.1617965e+00
  -6.0000000e-01  -7.0000000e-01   9.4915394e-01
  -6.0000000e-01  -6.0000000e-01   7.6399182e-01
  -6.0000000e-01  -5.0000000e-01   6.0857559e-01
  -6.0000000e-01  -4.0000000e-01   4.8472201e-01
  -6.0000000e-01  -3.0000000e-01   3.9379919e-01
  -6.0000000e-01  -2.0000000e-01   3.3672657e-01
  -6.0000000e-01  -1.0000000e-01   3.1397493e-01
  -6.0000000e-01   0.0000000e+00   3.2556637e-01
  -6.0000000e-01   1.0000000e-01   3.7107434e-01
  -6.0000000e-01   2.0000000e-01   4.4962364e-01
  -6.0000000e-01   3.0000000e-01   5.5989038e-01
  -6.0000000e-01   4.0000000e-01   7.0010202e-01
  -6.0000000e-01   5.0000000e-01   8.6803737e-01
  -6.0000000e-01   6.0000000e-01   1.0610265e+00
  -6.0000000e-01   7.0000000e-01   1.2759510e+00
  -6.0000000e-01   8.0000000e-01   1.5092436e+00
  -6.0000000e-01   9.0000000e-01   1.7568884e+00
  -6.0000000e-01   1.0000000e+00   2.0144210e+00
  -6.0000000e-01   1.1000000e+00   2.2769281e+00
  -6.0000000e-01   1.2000000e+00   2.5390479e+00
  -6.0000000e-01   1.3000000e+00   2.7949698e+00
  -6.0000000e-01   1.4000000e+00   3.0384348e+00
  -6.0000000e-01   1.5000000e+00   3.2627350e+00
  -6.0000000e-01   1.6000000e+00   3.4607138e+00
  -6.0000000e-01   1.7000000e+00   3.6247661e+00
  -6.0000000e-01   1.8000000e+00   3.7468381e+00
  -6.0000000e-01   1.9000000e+00   3.8184273e+00
  -6.0000000e-01   2.0000000e+00   3.8305825e+00
  -6.0000000e-01   2.1000000e+00   3.7739039e+00
  -6.0000000e-01   2.2000000e+00   3.6385431e+00
  -6.0000000e-01   2.3000000e+00   3.4142028e+00
  -6.0000000e-01   2.4000000e+00   3.0901373e+00
  -6.0000000e-01   2.5000000e+00   2.6551522e+00
  -6.0000000e-01   2.6000000e+00   2.0976041e+00
  -6.0000000e-01   2.7000000e+00   1.4054015e+00
  -6.0000000e-01   2.8000000e+00   5.6600377e-01
  -6.0000000e-01   2.9000000e+00  -4.3357819e-01
  -6.0000000e-01   3.0000000e+00  -1.6067821e+00
  -5.0000000e-01  -1.0000000e+00   1.5624050e+00
  -5.0000000e-01  -9.0000000e-01   1.3627062e+00
  -5.0000000e-01  -8.0000000e-01   1.1794969e+00
  -5.0000000e-01  -7.0000000e-01   1.0161473e+00
  -5.0000000e-01  -6.0000000e-01   8.7557883e-01
  -5.0000000e-01  -5.0000000e-01   7.6026415e-01
  -5.0000000e-01  -4.0000000e-01   6.7222742e-01
  -5.0000000e-01  -3.0000000e-01   6.1304409e-01
  -5.0000000e-01  -2.0000000e-01   5.8384093e-01
  -5.0000000e-01  -1.0000000e-01   5.8529606e-01
  -5.0000000e-01   0.0000000e+00   6.1763893e-01
  -5.0000000e-01   1.0000000e-01   6.8065032e-01
  -5.0000000e-01   2.0000000e-01   7.7366236e-01
  -5.0000000e-01   3.0000000e-01   8.9555852e-01
  -5.0000000e-01   4.0000000e-01   1.0447736e+00
  -5.0000000e-01   5.0000000e-01   1.2192937e+00
  -5.0000000e-01   6.0000000e-01   1.4166563e+00
  -5.0000000e-01   7.0000000e-01   1.6339503e+00
  -5.0000000e-01   8.0000000e-01   1.8678157e+00
  -5.0000000e-01   9.0000000e-01   2.1144441e+00
  -5.0000000e-01   1.0000000e+00   2.3695782e+00
  -5.0000000e-01   1.1000000e+00   2.6285123e+00
  -5.0000000e-01   1.2000000e+00   2.8860918e+00
  -5.0000000e-01   1.3000000e+00   3.1367135e+00
  -5.0000000e-01   1.4000000e+00   3.3743256e+00
  -5.0000000e-01   1.5000000e+00   3.5924277e+00
  -5.0000000e-01   1.6000000e+00   3.7840705e+00
  -5.0000000e-01   1.7000000e+00   3.9418562e+00
  -5.0000000e-01   1.8000000e+00   4.0579383e+00
  -5.0000000e-01   1.9000000e+00   4.1240217e+00
  -5.0000000e-01   2.0000000e+00   4.1313626e+00
  -5.0000000e-01   2.1000000e+00   4.0707684e+00
  -5.0000000e-01   2.2000000e+00   3.9325981e+00
  -5.0000000e-01   2.3000000e+00   3.7067618e+00
  -5.0000000e-01   2.4000000e+00   3.3827211e+00
  -5.0000000e-01   2.5000000e+00   2.9494889e+00
  -5.0000000e-01   2.6000000e+00   2.3956292e+00
  -5.0000000e-01   2.7000000e+00   1.7092577e+00
  -5.0000000e-01   2.8000000e+00   8.7804132e-01
  -5.0000000e-01   2.9000000e+00  -1.1080184e-01
  -5.0000000e-01   3.0000000e+00  -1.2705022e+00
  -4.0000000e-01  -1.0000000e+00   1.4496558e+00
  -4.0000000e-01  -9.0000000e-01   1.3075515e+00
  -4.0000000e-01  -8.0000000e-01   1.1769146e+00
  -4.0000000e-01  -7.0000000e-01   1.0613226e+00
  -4.0000000e-01  -6.0000000e-01   9.6390426e-01
  -4.0000000e-01  -5.0000000e-01   8.8733969e-01
  -4.0000000e-01  -4.0000000e-01   8.3386032e-01
  -4.0000000e-01  -3.0000000e-01   8.0524895e-01
  -4.0000000e-01  -2.0000000e-01   8.0283968e-01
  -4.0000000e-01  -1.0000000e-01   8.2751798e-01
  -4.0000000e-01   0.0000000e+00   8.7972062e-01
  -4.0000000e-01   1.0000000e-01   9.5943575e-01
  -4.0000000e-01   2.0000000e-01   1.0662028e+00
  -4.0000000e-01   3.0000000e-01   1.1991126e+00
  -4.0000000e-01   4.0000000e-01   1.3568073e+00
  -4.0000000e-01   5.0000000e-01   1.5374804e+00
  -4.0000000e-01   6.0000000e-01   1.7388766e+00
  -4.0000000e-01   7.0000000e-01   1.9582921e+00
  -4.0000000e-01   8.0000000e-01   2.1925744e+00
  -4.0000000e-01   9.0000000e-01   2.4381223e+00
  -4.0000000e-01   1.0000000e+00   2.6908860e+00
  -4.0000000e-01   1.1000000e+00   2.9463670e+00
  -4.0000000e-01   1.2000000e+00   3.1996180e+00
  -4.0000000e-01   1.3000000e+00   3.4452434e+00
  -4.0000000e-01   1.4000000e+00   3.6773984e+00
  -4.0000000e-01   1.5000000e+00   3.8897901e+00
  -4.0000000e-01   1.6000000e+00   4.0756766e+00
  -4.0000000e-01   1.7000000e+00   4.2278674e+00
  -4.0000000e-01   1.8000000e+00   4.3387233e+00
  -4.0000000e-01   1.9000000e+00   4.4001565e+00
  -4.0000000e-01   2.0000000e+00   4.4036306e+00
  -4.0000000e-01   2.1000000e+00   4.3401604e+00
  -4.0000000e-01   2.2000000e+00   4.2003122e+00
  -4.0000000e-01   2.3000000e+00   3.9742033e+00
  -4.0000000e-01   2.4000000e+00   3.6515028e+00
  -4.0000000e-01   2.5000000e+00   3.2214308e+00
  -4.0000000e-01   2.6000000e+00   2.6727589e+00
  -4.0000000e-01   2.7000000e+00   1.9938098e+00
  -4.0000000e-01   2.8000000e+00   1.1724580e+00
  -4.0000000e-01   2.9000000e+00   1.9612886e-01
  -4.0000000e-01   3.0000000e+00  -9.4820068e-01
  -3.0000000e-01  -1.0000000e+00   1.3190513e+00
  -3.0000000e-01  -9.0000000e-01   1.2326641e+00
  -3.0000000e-01  -8.0000000e-01   1.1528143e+00
  -3.0000000e-01  -7.0000000e-01   1.0832865e+00
  -3.0000000e-01  -6.0000000e-01   1.0274169e+00
  -3.0000000e-01  -5.0000000e-01   9.8809291e-01
  -3.0000000e-01  -4.0000000e-01   9.6775338e-01
  -3.0000000e-01  -3.0000000e-01   9.6838840e-01
  -3.0000000e-01  -2.0000000e-01   9.9153942e-01
  -3.0000000e-01  -1.0000000e-01   1.0382992e+00
  -3.0000000e-01   0.0000000e+00   1.1093120e+00
  -3.0000000e-01   1.0000000e-01   1.2047731e+00
  -3.0000000e-01   2.0000000e-01   1.3244294e+00
  -3.0000000e-01   3.0000000e-01   1.4675791e+00
  -3.0000000e-01   4.0000000e-01   1.6330716e+00
  -3.0000000e-01   5.0000000e-01   1.8193077e+00
  -3.0000000e-01   6.0000000e-01   2.0242395e+00
  -3.0000000e-01   7.0000000e-01   2.2453706e+00
  -3.0000000e-01   8.0000000e-01   2.4797558e+00
  -3.0000000e-01   9.0000000e-01   2.7240013e+00
  -3.0000000e-01   1.0000000e+00   2.9742645e+00
  -3.0000000e-01   1.1000000e+00   3.2262542e+00
  -3.0000000e-01   1.2000000e+00   3.4752307e+00
  -3.0000000e-01   1.3000000e+00   3.7160054e+00
  -3.0000000e-01   1.4000000e+00   3.9429412e+00
  -3.0000000e-01   1.5000000e+00   4.1499523e+00
  -3.0000000e-01   1.6000000e+00   4.3305041e+00
  -3.0000000e-01   1.7000000e+00   4.4776136e+00
  -3.0000000e-01   1.8000000e+00   4.5838489e+00
  -3.0000000e-01   1.9000000e+00   4.6413296e+00
  -3.0000000e-01   2.0000000e+00   4.6417264e+00
  -3.0000000e-01   2.1000000e+00   4.5762617e+00
  -3.0000000e-01   2.2000000e+00   4.4357089e+00
  -3.0000000e-01   2.3000000e+00   4.2103929e+00
  -3.0000000e-01   2.4000000e+00   3.8901900e+00
  -3.0000000e-01   2.5000000e+00   3.4645276e+00
  -3.0000000e-01   2.6000000e+00   2.9223846e+00
  -3.0000000e-01   2.7000000e+00   2.2522913e+00
  -3.0000000e-01   2.8000000e+00   1.4423293e+00
  -3.0000000e-01   2.9000000e+00   4.8013134e-01
  -3.0000000e-01   3.0000000e+00  -6.4711826e-01
  -2.0000000e-01  -1.0000000e+00   1.1704330e+00
  -2.0000000e-01  -9.0000000e-01   1.1377275e+00
  -2.0000000e-01  -8.0000000e-01   1.1067212e+00
  -2.0000000e-01  -7.0000000e-01   1.0814062e+00
  -2.0000000e-01  -6.0000000e-01   1.0653258e+00
  -2.0000000e-01  -5.0000000e-01   1.0615750e+00
  -2.0000000e-01  -4.0000000e-01   1.0727997e+00
  -2.0000000e-01  -3.0000000e-01   1.1011975e+00
  -2.0000000e-01  -2.0000000e-01   1.1485172e+00
  -2.0000000e-01  -1.0000000e-01   1.2160588e+00
  -2.0000000e-01   0.0000000e+00   1.3046740e+00
  -2.0000000e-01   1.0000000e-01   1.4147653e+00
  -2.0000000e-01   2.0000000e-01   1.5462871e+00
  -2.0000000e-01   3.0000000e-01   1.6987448e+00
  -2.0000000e-01   4.0000000e-01   1.8711952e+00
  -2.0000000e-01   5.0000000e-01   2.0622464e+00
  -2.0000000e-01   6.0000000e-01   2.2700579e+00
  -2.0000000e-01   7.0000000e-01   2.4923407e+00
  -2.0000000e-01   8.0000000e-01   2.7263567e+00
  -2.0000000e-01   9.0000000e-01   2.9689196e+00
  -2.0000000e-01   1.0000000e+00   3.2163942e+00
  -2.0000000e-01   1.1000000e+00   3.4646965e+00
  -2.0000000e-01   1.2000000e+00   3.7092942e+00
  -2.0000000e-01   1.3000000e+00   3.9452061e+00
  -2.0000000e-01   1.4000000e+00   4.1670024e+00
  -2.0000000e-01   1.5000000e+00   4.3688045e+00
  -2.0000000e-01   1.6000000e+00   4.5442854e+00
  -2.0000000e-01   1.7000000e+00   4.6866692e+00
  -2.0000000e-01   1.8000000e+00   4.7887315e+00
  -2.0000000e-01   1.9000000e+00   4.8427991e+00
  -2.0000000e-01   2.0000000e+00   4.8407502e+00
  -2.0000000e-01   2.1000000e+00   4.7740144e+00
  -2.0000000e-01   2.2000000e+00   4.6335725e+00
  -2.0000000e-01   2.3000000e+00   4.4099567e+00
  -2.0000000e-01   2.4000000e+00   4.0932506e+00
  -2.0000000e-01   2.5000000e+00   3.6730892e+00
  -2.0000000e-01   2.6000000e+00   3.1386585e+00
  -2.0000000e-01   2.7000000e+00   2.4786961e+00
  -2.0000000e-01   2.8000000e+00   1.6814911e+00
  -2.0000000e-01   2.9000000e+00   7.3488345e-01
  -2.0000000e-01   3.0000000e+00  -3.7373511e-01
  -1.0000000e-01  -1.0000000e+00   1.0044025e+00
  -1.0000000e-01  -9.0000000e-01   1.0231854e+00
  -1.0000000e-01  -8.0000000e-01   1.0389213e+00
  -1.0000000e-01  -7.0000000e-01   1.0558095e+00
  -1.0000000e-01  -6.0000000e-01   1.0776009e+00
  -1.0000000e-01  -5.0000000e-01   1.1075975e+00
  -1.0000000e-01  -4.0000000e-01   1.1486529e+00
  -1.0000000e-01  -3.0000000e-01   1.2031719e+00
  -1.0000000e-01  -2.0000000e-01   1.2731105e+00
  -1.0000000e-01  -1.0000000e-01   1.3599763e+00
  -1.0000000e-01   0.0000000e+00   1.4648280e+00
  -1.0000000e-01   1.0000000e-01   1.5882758e+00
  -1.0000000e-01   2.0000000e-01   1.7304812e+00
  -1.0000000e-01   3.0000000e-01   1.8911570e+00
  -1.0000000e-01   4.0000000e-01   2.0695674e+00
  -1.0000000e-01   5.0000000e-01   2.2645278e+00
  -1.0000000e-01   6.0000000e-01   2.4744051e+00
  -1.0000000e-01   7.0000000e-01   2.6971174e+00
  -1.0000000e-01   8.0000000e-01   2.9301342e+00
  -1.0000000e-01   9.0000000e-01   3.1704764e+00
  -1.0000000e-01   1.0000000e+00   3.4147161e+00
  -1.0000000e-01   1.1000000e+00   3.6589770e+00
  -1.0000000e-01   1.2000000e+00   3.8989337e+00
  -1.0000000e-01   1.3000000e+00   4.1298125e+00
  -1.0000000e-01   1.4000000e+00   4.3463909e+00
  -1.0000000e-01   1.5000000e+00   4.5429977e+00
  -1.0000000e-01   1.6000000e+00   4.7135132e+00
  -1.0000000e-01   1.7000000e+00   4.8513690e+00
  -1.0000000e-01   1.8000000e+00   4.9495477e+00
  -1.0000000e-01   1.9000000e+00   5.0005837e+00
  -1.0000000e-01   2.0000000e+00   4.9965626e+00
  -1.0000000e-01   2.1000000e+00   4.9291210e+00
  -1.0000000e-01   2.2000000e+00   4.7894474e+00
  -1.0000000e-01   2.3000000e+00   4.5682812e+00
  -1.0000000e-01   2.4000000e+00   4.2559134e+00
  -1.0000000e-01   2.5000000e+00   3.8421861e+00
  -1.0000000e-01   2.6000000e+00   3.3164929e+00
  -1.0000000e-01   2.7000000e+00   2.6677787e+00
  -1.0000000e-01   2.8000000e+00   1.8845397e+00
  -1.0000000e-01   2.9000000e+00   9.5482353e-01
  -1.0000000e-01   3.0000000e+00  -1.3377092e-01
   0.0000000e+00  -1.0000000e+00   8.2232216e-01
   0.0000000e+00  -9.0000000e-01   8.9024201e-01
   0.0000000e+00  -8.0000000e-01   9.5046051e-01
   0.0000000e+00  -7.0000000e-01   1.0073845e+00
   0.0000000e+00  -6.0000000e-01   1.0649720e+00
   0.0000000e+00  -5.0000000e-01   1.1267326e+00
   0.0000000e+00  -4.0000000e-01   1.1957270e+00
   0.0000000e+00  -3.0000000e-01   1.2745674e+00
   0.0000000e+00  -2.0000000e-01   1.3654173e+00
   0.0000000e+00  -1.0000000e-01   1.4699914e+00
   0.0000000e+00   0.0000000e+00   1.5895560e+00
   0.0000000e+00   1.0000000e-01   1.7249284e+00
   0.0000000e+00   2.0000000e-01   1.8764776e+00
   0.0000000e+00   3.0000000e-01   2.0441236e+00
   0.0000000e+00   4.0000000e-01   2.2273380e+00
   0.0000000e+00   5.0000000e-01   2.4251435e+00
   0.0000000e+00   6.0000000e-01   2.6361145e+00
   0.0000000e+00   7.0000000e-01   2.8583763e+00
   0.0000000e+00   8.0000000e-01   3.0896058e+00
   0.0000000e+00   9.0000000e-01   3.3270312e+00
   0.0000000e+00   1.0000000e+00   3.5674319e+00
   0.0000000e+00   1.1000000e+00   3.8071389e+00
   0.0000000e+00   1.2000000e+00   4.0420344e+00
   0.0000000e+00   1.3000000e+00   4.2675518e+00
   0.0000000e+00   1.4000000e+00   4.4786760e+00
   0.0000000e+00   1.5000000e+00   4.6699432e+00
   0.0000000e+00   1.6000000e+00   4.8354409e+00
   0.0000000e+00   1.7000000e+00   4.9688081e+00
   0.0000000e+00   1.8000000e+00   5.0632348e+00
   0.0000000e+00   1.9000000e+00   5.1114627e+00
   0.0000000e+00   2.0000000e+00   5.1057847e+00
   0.0000000e+00   2.1000000e+00   5.0380449e+00
   0.0000000e+00   2.2000000e+00   4.8996389e+00
   0.0000000e+00   2.3000000e+00   4.6815135e+00
   0.0000000e+00   2.4000000e+00   4.3741671e+00
   0.0000000e+00   2.5000000e+00   3.9676492e+00
   0.0000000e+00   2.6000000e+00   3.4515607e+00
   0.0000000e+00   2.7000000e+00   2.8150537e+00
   0.0000000e+00   2.8000000e+00   2.0468320e+00
   0.0000000e+00   2.9000000e+00   1.1351503e+00
   0.0000000e+00   3.0000000e+00   6.7815022e-02
   1.0000000e-01  -1.0000000e+00   6.2631472e-01
   1.0000000e-01  -9.0000000e-01   7.4086199e-01
   1.0000000e-01  -8.0000000e-01   8.4314563e-01
   1.0000000e-01  -7.0000000e-01   9.3777977e-01
   1.0000000e-01  -6.0000000e-01   1.0289299e+00
   1.0000000e-01  -5.0000000e-01   1.1203127e+00
   1.0000000e-01  -4.0000000e-01   1.2151965e+00
   1.0000000e-01  -3.0000000e-01   1.3164007e+00
   1.0000000e-01  -2.0000000e-01   1.4262960e+00
   1.0000000e-01  -1.0000000e-01   1.5468047e+00
   1.0000000e-01   0.0000000e+00   1.6794002e+00
   1.0000000e-01   1.0000000e-01   1.8251074e+00
   1.0000000e-01   2.0000000e-01   1.9845024e+00
   1.0000000e-01   3.0000000e-01   2.1577127e+00
   1.0000000e-01   4.0000000e-01   2.3444171e+00
   1.0000000e-01   5.0000000e-01   2.5438458e+00
   1.0000000e-01   6.0000000e-01   2.7547803e+00
   1.0000000e-01   7.0000000e-01   2.9755535e+00
   1.0000000e-01   8.0000000e-01   3.2040495e+00
   1.0000000e-01   9.0000000e-01   3.4377039e+00
   1.0000000e-01   1.0000000e+00   3.6735035e+00
   1.0000000e-01   1.1000000e+00   3.9079864e+00
   1.0000000e-01   1.2000000e+00   4.1372423e+00
   1.0000000e-01   1.3000000e+00   4.3569119e+00
   1.0000000e-01   1.4000000e+00   4.5621875e+00
   1.0000000e-01   1.5000000e+00   4.7478126e+00
   1.0000000e-01   1.6000000e+00   4.9080821e+00
   1.0000000e-01   1.7000000e+00   5.0368422e+00
   1.0000000e-01   1.8000000e+00   5.1274904e+00
   1.0000000e-01   1.9000000e+00   5.1729756e+00
   1.0000000e-01   2.0000000e+00   5.1657981e+00
   1.0000000e-01   2.1000000e+00   5.0980093e+00
   1.0000000e-01   2.2000000e+00   4.9612122e+00
   1.0000000e-01   2.3000000e+00   4.7465611e+00
   1.0000000e-01   2.4000000e+00   4.4447613e+00
   1.0000000e-01   2.5000000e+00   4.0460700e+00
   1.0000000e-01   2.6000000e+00   3.5402953e+00
   1.0000000e-01   2.7000000e+00   2.9167967e+00
   1.0000000e-01   2.8000000e+00   2.1644852e+00
   1.0000000e-01   2.9000000e+00   1.2718231e+00
   1.0000000e-01   3.0000000e+00   2.2682392e-01
   2.0000000e-01  -1.0000000e+00   4.1926333e-01
   2.0000000e-01  -9.0000000e-01   5.7777050e-01
   2.0000000e-01  -8.0000000e-01   7.1954371e-01
   2.0000000e-01  -7.0000000e-01   8.4940443e-01
   2.0000000e-01  -6.0000000e-01   9.7172545e-01
   2.0000000e-01  -5.0000000e-01   1.0904309e+00
   2.0000000e-01  -4.0000000e-01   1.2089963e+00
   2.0000000e-01  -3.0000000e-01   1.3304485e+00
   2.0000000e-01  -2.0000000e-01   1.4573655e+00
   2.0000000e-01  -1.0000000e-01   1.5918769e+00
   2.0000000e-01   0.0000000e+00   1.7356635e+00
   2.0000000e-01   1.0000000e-01   1.8899575e+00
   2.0000000e-01   2.0000000e-01   2.0555424e+00
   2.0000000e-01   3.0000000e-01   2.2327529e+00
   2.0000000e-01   4.0000000e-01   2.4214754e+00
   2.0000000e-01   5.0000000e-01   2.6211472e+00
   2.0000000e-01   6.0000000e-01   2.8307572e+00
   2.0000000e-01   7.0000000e-01   3.0488456e+00
   2.0000000e-01   8.0000000e-01   3.2735040e+00
   2.0000000e-01   9.0000000e-01   3.5023751e+00
   2.0000000e-01   1.0000000e+00   3.7326532e+00
   2.0000000e-01   1.1000000e+00   3.9610838e+00
   2.0000000e-01   1.2000000e+00   4.1839637e+00
   2.0000000e-01   1.3000000e+00   4.3971412e+00
   2.0000000e-01   1.4000000e+00   4.5960158e+00
   2.0000000e-01   1.5000000e+00   4.7755384e+00
   2.0000000e-01   1.6000000e+00   4.9302111e+00
   2.0000000e-01   1.7000000e+00   5.0540876e+00
   2.0000000e-01   1.8000000e+00   5.1407726e+00
   2.0000000e-01   1.9000000e+00   5.1834226e+00
   2.0000000e-01   2.0000000e+00   5.1747449e+00
   2.0000000e-01   2.1000000e+00   5.1069984e+00
   2.0000000e-01   2.2000000e+00   4.9719935e+00
   2.0000000e-01   2.3000000e+00   4.7610917e+00
   2.0000000e-01   2.4000000e+00   4.4652059e+00
   2.0000000e-01   2.5000000e+00   4.0748002e+00
   2.0000000e-01   2.6000000e+00   3.5798904e+00
   2.0000000e-01   2.7000000e+00   2.9700433e+00
   2.0000000e-01   2.8000000e+00   2.2343771e+00
   2.0000000e-01   2.9000000e+00   1.3615615e+00
   2.0000000e-01   3.0000000e+00   3.3981742e-01
   3.0000000e-01  -1.0000000e+00   2.0481160e-01
   3.0000000e-01  -9.0000000e-01   4.0445312e-01
   3.0000000e-01  -8.0000000e-01   5.8298230e-01
   3.0000000e-01  -7.0000000e-01   7.4542796e-01
   3.0000000e-01  -6.0000000e-01   8.9637022e-01
   3.0000000e-01  -5.0000000e-01   1.0399406e+00
   3.0000000e-01  -4.0000000e-01   1.1798218e+00
   3.0000000e-01  -3.0000000e-01   1.3192482e+00
   3.0000000e-01  -2.0000000e-01   1.4610051e+00
   3.0000000e-01  -1.0000000e-01   1.6074293e+00
   3.0000000e-01   0.0000000e+00   1.7604091e+00
   3.0000000e-01   1.0000000e-01   1.9213840e+00
   3.0000000e-01   2.0000000e-01   2.0913447e+00
   3.0000000e-01   3.0000000e-01   2.2708335e+00
   3.0000000e-01   4.0000000e-01   2.4599439e+00
   3.0000000e-01   5.0000000e-01   2.6583207e+00
   3.0000000e-01   6.0000000e-01   2.8651600e+00
   3.0000000e-01   7.0000000e-01   3.0792095e+00
   3.0000000e-01   8.0000000e-01   3.2987680e+00
   3.0000000e-01   9.0000000e-01   3.5216856e+00
   3.0000000e-01   1.0000000e+00   3.7453639e+00
   3.0000000e-01   1.1000000e+00   3.9667558e+00
   3.0000000e-01   1.2000000e+00   4.1823654e+00
   3.0000000e-01   1.3000000e+00   4.3882483e+00
   3.0000000e-01   1.4000000e+00   4.5800115e+00
   3.0000000e-01   1.5000000e+00   4.7528130e+00
   3.0000000e-01   1.6000000e+00   4.9013624e+00
   3.0000000e-01   1.7000000e+00   5.0199207e+00
   3.0000000e-01   1.8000000e+00   5.1023000e+00
   3.0000000e-01   1.9000000e+00   5.1418640e+00
   3.0000000e-01   2.0000000e+00   5.1315274e+00
   3.0000000e-01   2.1000000e+00   5.0637566e+00
   3.0000000e-01   2.2000000e+00   4.9305691e+00
   3.0000000e-01   2.3000000e+00   4.7235338e+00
   3.0000000e-01   2.4000000e+00   4.4337710e+00
   3.0000000e-01   2.5000000e+00   4.0519522e+00
   3.0000000e-01   2.6000000e+00   3.5683004e+00
   3.0000000e-01   2.7000000e+00   2.9725897e+00
   3.0000000e-01   2.8000000e+00   2.2541459e+00
   3.0000000e-01   2.9000000e+00   1.4018458e+00
   3.0000000e-01   3.0000000e+00   4.0411761e-01
   4.0000000e-01  -1.0000000e+00  -1.2636393e-02
   4.0000000e-01  -9.0000000e-01   2.2515588e-01
   4.0000000e-01  -8.0000000e-01   4.3754940e-01
   4.0000000e-01  -7.0000000e-01   6.2978031e-01
   4.0000000e-01  -6.0000000e-01   8.0663610e-01
   4.0000000e-01  -5.0000000e-01   9.7245559e-01
   4.0000000e-01  -4.0000000e-01   1.1311289e+00
   4.0000000e-01  -3.0000000e-01   1.2860976e+00
   4.0000000e-01  -2.0000000e-01   1.4403545e+00
   4.0000000e-01  -1.0000000e-01   1.5964437e+00
   4.0000000e-01   0.0000000e+00   1.7564607e+00
   4.0000000e-01   1.0000000e-01   1.9220525e+00
   4.0000000e-01   2.0000000e-01   2.0944171e+00
   4.0000000e-01   3.0000000e-01   2.2743040e+00
   4.0000000e-01   4.0000000e-01   2.4620142e+00
   4.0000000e-01   5.0000000e-01   2.6573998e+00
   4.0000000e-01   6.0000000e-01   2.8598643e+00
   4.0000000e-01   7.0000000e-01   3.0683626e+00
   4.0000000e-01   8.0000000e-01   3.2814009e+00
   4.0000000e-01   9.0000000e-01   3.4970367e+00
   4.0000000e-01   1.0000000e+00   3.7128789e+00
   4.0000000e-01   1.1000000e+00   3.9260877e+00
   4.0000000e-01   1.2000000e+00   4.1333746e+00
   4.0000000e-01   1.3000000e+00   4.3310025e+00
   4.0000000e-01   1.4000000e+00   4.5147857e+00
   4.0000000e-01   1.5000000e+00   4.6800896e+00
   4.0000000e-01   1.6000000e+00   4.8218312e+00
   4.0000000e-01   1.7000000e+00   4.9344787e+00
   4.0000000e-01   1.8000000e+00   5.0120516e+00
   4.0000000e-01   1.9000000e+00   5.0481209e+00
   4.0000000e-01   2.0000000e+00   5.0358088e+00
   4.0000000e-01   2.1000000e+00   4.9677888e+00
   4.0000000e-01   2.2000000e+00   4.8362859e+00
   4.0000000e-01   2.3000000e+00   4.6330763e+00
   4.0000000e-01   2.4000000e+00   4.3494876e+00
   4.0000000e-01   2.5000000e+00   3.9763987e+00
   4.0000000e-01   2.6000000e+00   3.5042398e+00
   4.0000000e-01   2.7000000e+00   2.9229927e+00
   4.0000000e-01   2.8000000e+00   2.2221901e+00
   4.0000000e-01   2.9000000e+00   1.3909163e+00
   4.0000000e-01   3.0000000e+00   4.1780705e-01
   5.0000000e-01  -1.0000000e+00  -2.2791611e-01
   5.0000000e-01  -9.0000000e-01   4.4885270e-02
   5.0000000e-01  -8.0000000e-01   2.8809345e-01
   5.0000000e-01  -7.0000000e-01   5.0715191e-01
   5.0000000e-01  -6.0000000e-01   7.0705548e-01
   5.0000000e-01  -5.0000000e-01   8.9235030e-01
   5.0000000e-01  -4.0000000e-01   1.0671339e+00
   5.0000000e-01  -3.0000000e-01   1.2350551e+00
   5.0000000e-01  -2.0000000e-01   1.3993140e+00
   5.0000000e-01  -1.0000000e-01   1.5626622e+00
   5.0000000e-01   0.0000000e+00   1.7274025e+00
   5.0000000e-01   1.0000000e-01   1.8953891e+00
   5.0000000e-01   2.0000000e-01   2.0680275e+00
   5.0000000e-01   3.0000000e-01   2.2462745e+00
   5.0000000e-01   4.0000000e-01   2.4306384e+00
   5.0000000e-01   5.0000000e-01   2.6211786e+00
   5.0000000e-01   6.0000000e-01   2.8175060e+00
   5.0000000e-01   7.0000000e-01   3.0187829e+00
   5.0000000e-01   8.0000000e-01   3.2237227e+00
   5.0000000e-01   9.0000000e-01   3.4305904e+00
   5.0000000e-01   1.0000000e+00   3.6372021e+00
   5.0000000e-01   1.1000000e+00   3.8409253e+00
   5.0000000e-01   1.2000000e+00   4.0386791e+00
   5.0000000e-01   1.3000000e+00   4.2269335e+00
   5.0000000e-01   1.4000000e+00   4.4017101e+00
   5.0000000e-01   1.5000000e+00   4.5585819e+00
   5.0000000e-01   1.6000000e+00   4.6926730e+00
   5.0000000e-01   1.7000000e+00   4.7986590e+00
   5.0000000e-01   1.8000000e+00   4.8707668e+00
   5.0000000e-01   1.9000000e+00   4.9027747e+00
   5.0000000e-01   2.0000000e+00   4.8880122e+00
   5.0000000e-01   2.1000000e+00   4.8193603e+00
   5.0000000e-01   2.2000000e+00   4.6892511e+00
   5.0000000e-01   2.3000000e+00   4.4896683e+00
   5.0000000e-01   2.4000000e+00   4.2121468e+00
   5.0000000e-01   2.5000000e+00   3.8477728e+00
   5.0000000e-01   2.6000000e+00   3.3871840e+00
   5.0000000e-01   2.7000000e+00   2.8205692e+00
   5.0000000e-01   2.8000000e+00   2.1376688e+00
   5.0000000e-01   2.9000000e+00   1.3277743e+00
   5.0000000e-01   3.0000000e+00   3.7972874e-01
   6.0000000e-01  -1.0000000e+00  -4.3510258e-01
   6.0000000e-01  -9.0000000e-01  -1.3059176e-01
   6.0000000e-01  -8.0000000e-01   1.4022336e-01
   6.0000000e-01  -7.0000000e-01   3.8299362e-01
   6.0000000e-01  -6.0000000e-01   6.0292117e-01
   6.0000000e-01  -5.0000000e-01   8.0475950e-01
   6.0000000e-01  -4.0000000e-01   9.9281346e-01
   6.0000000e-01  -3.0000000e-01   1.1709392e+00
   6.0000000e-01  -2.0000000e-01   1.3425443e+00
   6.0000000e-01  -1.0000000e-01   1.5105875e+00
   6.0000000e-01   0.0000000e+00   1.6775790e+00
   6.0000000e-01   1.0000000e-01   1.8455804e+00
   6.0000000e-01   2.0000000e-01   2.0162044e+00
   6.0000000e-01   3.0000000e-01   2.1906154e+00
   6.0000000e-01   4.0000000e-01   2.3695287e+00
   6.0000000e-01   5.0000000e-01   2.5532114e+00
   6.0000000e-01   6.0000000e-01   2.7414815e+00
   6.0000000e-01   7.0000000e-01   2.9337086e+00
   6.0000000e-01   8.0000000e-01   3.1288136e+00
   6.0000000e-01   9.0000000e-01   3.3252688e+00
   6.0000000e-01   1.0000000e+00   3.5210975e+00
   6.0000000e-01   1.1000000e+00   3.7138748e+00
   6.0000000e-01   1.2000000e+00   3.9007269e+00
   6.0000000e-01   1.3000000e+00   4.0783312e+00
   6.0000000e-01   1.4000000e+00   4.2429168e+00
   6.0000000e-01   1.5000000e+00   4.3902637e+00
   6.0000000e-01   1.6000000e+00   4.5157037e+00
   6.0000000e-01   1.7000000e+00   4.6141196e+00
   6.0000000e-01   1.8000000e+00   4.6799456e+00
   6.0000000e-01   1.9000000e+00   4.7071673e+00
   6.0000000e-01   2.0000000e+00   4.6893216e+00
   6.0000000e-01   2.1000000e+00   4.6194969e+00
   6.0000000e-01   2.2000000e+00   4.4903326e+00
   6.0000000e-01   2.3000000e+00   4.2940196e+00
   6.0000000e-01   2.4000000e+00   4.0223003e+00
   6.0000000e-01   2.5000000e+00   3.6664683e+00
   6.0000000e-01   2.6000000e+00   3.2173684e+00
   6.0000000e-01   2.7000000e+00   2.6653970e+00
   6.0000000e-01   2.8000000e+00   2.0005016e+00
   6.0000000e-01   2.9000000e+00   1.2121812e+00
   6.0000000e-01   3.0000000e+00   2.8948614e-01
   7.0000000e-01  -1.0000000e+00  -6.2751036e-01
   7.0000000e-01  -9.0000000e-01  -2.9474782e-01
   7.0000000e-01  -8.0000000e-01   3.0850324e-04
   7.0000000e-01  -7.0000000e-01   2.6351676e-01
   7.0000000e-01  -6.0000000e-01   5.0028646e-01
   7.0000000e-01  -5.0000000e-01   7.1557843e-01
   7.0000000e-01  -4.0000000e-01   9.1390485e-01
   7.0000000e-01  -3.0000000e-01   1.0993292e+00
   7.0000000e-01  -2.0000000e-01   1.2754664e+00
   7.0000000e-01  -1.0000000e-01   1.4454826e+00
   7.0000000e-01   0.0000000e+00   1.6120953e+00
   7.0000000e-01   1.0000000e-01   1.7775733e+00
   7.0000000e-01   2.0000000e-01   1.9437369e+00
   7.0000000e-01   3.0000000e-01   2.1119576e+00
   7.0000000e-01   4.0000000e-01   2.2831582e+00
   7.0000000e-01   5.0000000e-01   2.4578130e+00
   7.0000000e-01   6.0000000e-01   2.6359475e+00
   7.0000000e-01   7.0000000e-01   2.8171386e+00
   7.0000000e-01   8.0000000e-01   3.0005144e+00
   7.0000000e-01   9.0000000e-01   3.1847546e+00
   7.0000000e-01   1.0000000e+00   3.3680900e+00
   7.0000000e-01   1.1000000e+00   3.5483028e+00
   7.0000000e-01   1.2000000e+00   3.7227266e+00
   7.0000000e-01   1.3000000e+00   3.8882463e+00
   7.0000000e-01   1.4000000e+00   4.0412982e+00
   7.0000000e-01   1.5000000e+00   4.1778697e+00
   7.0000000e-01   1.6000000e+00   4.2934999e+00
   7.0000000e-01   1.7000000e+00   4.3832789e+00
   7.0000000e-01   1.8000000e+00   4.4418483e+00
   7.0000000e-01   1.9000000e+00   4.4634010e+00
   7.0000000e-01   2.0000000e+00   4.4416813e+00
   7.0000000e-01   2.1000000e+00   4.3699848e+00
   7.0000000e-01   2.2000000e+00   4.2411585e+00
   7.0000000e-01   2.3000000e+00   4.0476004e+00
   7.0000000e-01   2.4000000e+00   3.7812604e+00
   7.0000000e-01   2.5000000e+00   3.4336392e+00
   7.0000000e-01   2.6000000e+00   2.9957892e+00
   7.0000000e-01   2.7000000e+00   2.4583140e+00
   7.0000000e-01   2.8000000e+00   1.8113685e+00
   7.0000000e-01   2.9000000e+00   1.0446590e+00
   7.0000000e-01   3.0000000e+00   1.4744315e-01
   8.0000000e-01  -1.0000000e+00  -7.9769356e-01
   8.0000000e-01  -9.0000000e-01  -4.4029505e-01
   8.0000000e-01  -8.0000000e-01  -1.2452132e-01
   8.0000000e-01  -7.0000000e-01   1.5569311e-01
   8.0000000e-01  -6.0000000e-01   4.0596509e-01
   8.0000000e-01  -5.0000000e-01   6.3146279e-01
   8.0000000e-01  -4.0000000e-01   8.3690573e-01
   8.0000000e-01  -3.0000000e-01   1.0265648e+00
   8.0000000e-01  -2.0000000e-01   1.2042620e+00
   8.0000000e-01  -1.0000000e-01   1.3733711e+00
   8.0000000e-01   0.0000000e+00   1.5368169e+00
   8.0000000e-01   1.0000000e-01   1.6970754e+00
   8.0000000e-01   2.0000000e-01   1.8561744e+00
   8.0000000e-01   3.0000000e-01   2.0156926e+00
   8.0000000e-01   4.0000000e-01   2.1767603e+00
   8.0000000e-01   5.0000000e-01   2.3400589e+00
   8.0000000e-01   6.0000000e-01   2.5058214e+00
   8.0000000e-01   7.0000000e-01   2.6738320e+00
   8.0000000e-01   8.0000000e-01   2.8434263e+00
   8.0000000e-01   9.0000000e-01   3.0134910e+00
   8.0000000e-01   1.0000000e+00   3.1824645e+00
   8.0000000e-01   1.1000000e+00   3.3483364e+00
   8.0000000e-01   1.2000000e+00   3.5086474e+00
   8.0000000e-01   1.3000000e+00   3.6604899e+00
   8.0000000e-01   1.4000000e+00   3.8005074e+00
   8.0000000e-01   1.5000000e+00   3.9248948e+00
   8.0000000e-01   1.6000000e+00   4.0293984e+00
   8.0000000e-01   1.7000000e+00   4.1093157e+00
   8.0000000e-01   1.8000000e+00   4.1594957e+00
   8.0000000e-01   1.9000000e+00   4.1743386e+00
   8.0000000e-01   2.0000000e+00   4.1477960e+00
   8.0000000e-01   2.1000000e+00   4.0733709e+00
   8.0000000e-01   2.2000000e+00   3.9441175e+00
   8.0000000e-01   2.3000000e+00   3.7526413e+00
   8.0000000e-01   2.4000000e+00   3.4910995e+00
   8.0000000e-01   2.5000000e+00   3.1512001e+00
   8.0000000e-01   2.6000000e+00   2.7242029e+00
   8.0000000e-01   2.7000000e+00   2.2009187e+00
   8.0000000e-01   2.8000000e+00   1.5717099e+00
   8.0000000e-01   2.9000000e+00   8.2649004e-01
   8.0000000e-01   3.0000000e+00  -4.5275853e-02
   9.0000000e-01  -1.0000000e+00  -9.3744585e-01
   9.0000000e-01  -9.0000000e-01  -5.5918515e-01
   9.0000000e-01  -8.0000000e-01  -2.2637585e-01
   9.0000000e-01  -7.0000000e-01   6.7254890e-02
   9.0000000e-01  -6.0000000e-01   3.2753125e-01
   9.0000000e-01  -5.0000000e-01   5.5982873e-01
   9.0000000e-01  -4.0000000e-01   7.6907420e-01
   9.0000000e-01  -3.0000000e-01   9.5974585e-01
   9.0000000e-01  -2.0000000e-01   1.1358732e+00
   9.0000000e-01  -1.0000000e-01   1.3010371e+00
   9.0000000e-01   0.0000000e+00   1.4583697e+00
   9.0000000e-01   1.0000000e-01   1.6105547e+00
   9.0000000e-01   2.0000000e-01   1.7598268e+00
   9.0000000e-01   3.0000000e-01   1.9079722e+00
   9.0000000e-01   4.0000000e-01   2.0563286e+00
   9.0000000e-01   5.0000000e-01   2.2057847e+00
   9.0000000e-01   6.0000000e-01   2.3567809e+00
   9.0000000e-01   7.0000000e-01   2.5093086e+00
   9.0000000e-01   8.0000000e-01   2.6629108e+00
   9.0000000e-01   9.0000000e-01   2.8166817e+00
   9.0000000e-01   1.0000000e+00   2.9692668e+00
   9.0000000e-01   1.1000000e+00   3.1188630e+00
   9.0000000e-01   1.2000000e+00   3.2632187e+00
   9.0000000e-01   1.3000000e+00   3.3996333e+00
   9.0000000e-01   1.4000000e+00   3.5249577e+00
   9.0000000e-01   1.5000000e+00   3.6355943e+00
   9.0000000e-01   1.6000000e+00   3.7274965e+00
   9.0000000e-01   1.7000000e+00   3.7961694e+00
   9.0000000e-01   1.8000000e+00   3.8366691e+00
   9.0000000e-01   1.9000000e+00   3.8436033e+00
   9.0000000e-01   2.0000000e+00   3.8111309e+00
   9.0000000e-01   2.1000000e+00   3.7329622e+00
   9.0000000e-01   2.2000000e+00   3.6023587e+00
   9.0000000e-01   2.3000000e+00   3.4121335e+00
   9.0000000e-01   2.4000000e+00   3.1546507e+00
   9.0000000e-01   2.5000000e+00   2.8218260e+00
   9.0000000e-01   2.6000000e+00   2.4051263e+00
   9.0000000e-01   2.7000000e+00   1.8955700e+00
   9.0000000e-01   2.8000000e+00   1.2837266e+00
   9.0000000e-01   2.9000000e+00   5.5971719e-01
   9.0000000e-01   3.0000000e+00  -2.8678606e-01
   1.0000000e+00  -1.0000000e+00  -1.0378004e+00
   1.0000000e+00  -9.0000000e-01  -6.4260936e-01
   1.0000000e+00  -8.0000000e-01  -2.9660435e-01
   1.0000000e+00  -7.0000000e-01   6.6947857e-03
   1.0000000e+00  -6.0000000e-01   2.7331957e-01
   1.0000000e+00  -5.0000000e-01   5.0885286e-01
   1.0000000e+00  -4.0000000e-01   7.1842884e-01
   1.0000000e+00  -3.0000000e-01   9.0673304e-01
   1.0000000e+00  -2.0000000e-01   1.0780023e+00
   1.0000000e+00  -1.0000000e-01   1.2360249e+00
   1.0000000e+00   0.0000000e+00   1.3841403e+00
   1.0000000e+00   1.0000000e-01   1.5252393e+00
   1.0000000e+00   2.0000000e-01   1.6617643e+00
   1.0000000e+00   3.0000000e-01   1.7957087e+00
   1.0000000e+00   4.0000000e-01   1.9286175e+00
   1.0000000e+00   5.0000000e-01   2.0615868e+00
   1.0000000e+00   6.0000000e-01   2.1952642e+00
   1.0000000e+00   7.0000000e-01   2.3298486e+00
   1.0000000e+00   8.0000000e-01   2.4650902e+00
   1.0000000e+00   9.0000000e-01   2.6002906e+00
   1.0000000e+00   1.0000000e+00   2.7343028e+00
   1.0000000e+00   1.1000000e+00   2.8655308e+00
   1.0000000e+00   1.2000000e+00   2.9919304e+00
   1.0000000e+00   1.3000000e+00   3.1110084e+00
   1.0000000e+00   1.4000000e+00   3.2198231e+00
   1.0000000e+00   1.5000000e+00   3.3149840e+00
   1.0000000e+00   1.6000000e+00   3.3926521e+00
   1.0000000e+00   1.7000000e+00   3.4485397e+00
   1.0000000e+00   1.8000000e+00   3.4779103e+00
   1.0000000e+00   1.9000000e+00   3.4755789e+00
   1.0000000e+00   2.0000000e+00   3.4359117e+00
   1.0000000e+00   2.1000000e+00   3.3528263e+00
   1.0000000e+00   2.2000000e+00   3.2197918e+00
   1.0000000e+00   2.3000000e+00   3.0298283e+00
   1.0000000e+00   2.4000000e+00   2.7755075e+00
   1.0000000e+00   2.5000000e+00   2.4489523e+00
   1.0000000e+00   2.6000000e+00   2.0418371e+00
   1.0000000e+00   2.7000000e+00   1.5453873e+00
   1.0000000e+00   2.8000000e+00   9.5038015e-01
   1.0000000e+00   2.9000000e+00   2.4714376e-01
   1.0000000e+00   3.0000000e+00  -5.7444219e-01
   1.1000000e+00  -1.0000000e+00  -1.0890300e+00
   1.1000000e+00  -9.0000000e-01  -6.8099848e-01
   1.1000000e+00  -8.0000000e-01  -3.2579567e-01
   1.1000000e+00  -7.0000000e-01  -1.6734069e-02
   1.1000000e+00  -6.0000000e-01   2.5242517e-01
   1.1000000e+00  -5.0000000e-01   4.8747223e-01
   1.1000000e+00  -4.0000000e-01   6.9374866e-01
   1.1000000e+00  -3.0000000e-01   8.7614732e-01
   1.1000000e+00  -2.0000000e-01   1.0391124e+00
   1.1000000e+00  -1.0000000e-01   1.1866395e+00
   1.1000000e+00   0.0000000e+00   1.3222753e+00
   1.1000000e+00   1.0000000e-01   1.4491183e+00
   1.1000000e+00   2.0000000e-01   1.5698179e+00
   1.1000000e+00   3.0000000e-01   1.6865749e+00
   1.1000000e+00   4.0000000e-01   1.8011416e+00
   1.1000000e+00   5.0000000e-01   1.9148217e+00
   1.1000000e+00   6.0000000e-01   2.0284699e+00
   1.1000000e+00   7.0000000e-01   2.1424925e+00
   1.1000000e+00   8.0000000e-01   2.2568470e+00
   1.1000000e+00   9.0000000e-01   2.3710424e+00
   1.1000000e+00   1.0000000e+00   2.4841390e+00
   1.1000000e+00   1.1000000e+00   2.5947482e+00
   1.1000000e+00   1.2000000e+00   2.7010330e+00
   1.1000000e+00   1.3000000e+00   2.8007077e+00
   1.1000000e+00   1.4000000e+00   2.8910379e+00
   1.1000000e+00   1.5000000e+00   2.9688404e+00
   1.1000000e+00   1.6000000e+00   3.0304835e+00
   1.1000000e+00   1.7000000e+00   3.0718869e+00
   1.1000000e+00   1.8000000e+00   3.0885214e+00
   1.1000000e+00   1.9000000e+00   3.0754094e+00
   1.1000000e+00   2.0000000e+00   3.0271244e+00
   1.1000000e+00   2.1000000e+00   2.9377914e+00
   1.1000000e+00   2.2000000e+00   2.8010867e+00
   1.1000000e+00   2.3000000e+00   2.6102379e+00
   1.1000000e+00   2.4000000e+00   2.3580239e+00
   1.1000000e+00   2.5000000e+00   2.0367750e+00
   1.1000000e+00   2.6000000e+00   1.6383729e+00
   1.1000000e+00   2.7000000e+00   1.1542505e+00
   1.1000000e+00   2.8000000e+00   5.7539220e-01
   1.1000000e+00   2.9000000e+00  -1.0766649e-01
   1.1000000e+00   3.0000000e+00  -9.0483853e-01
   1.2000000e+00  -1.0000000e+00  -1.0806470e+00
   1.2000000e+00  -9.0000000e-01  -6.6402283e-01
   1.2000000e+00  -8.0000000e-01  -3.0377816e-01
   1.2000000e+00  -7.0000000e-01   6.9819129e-03
   1.2000000e+00  -6.0000000e-01   2.7470358e-01
   1.2000000e+00  -5.0000000e-01   5.0538436e-01
   1.2000000e+00  -4.0000000e-01   7.0457314e-01
   1.2000000e+00  -3.0000000e-01   8.7737011e-01
   1.2000000e+00  -2.0000000e-01   1.0284268e+00
   1.2000000e+00  -1.0000000e-01   1.1619461e+00
   1.2000000e+00   0.0000000e+00   1.2816823e+00
   1.2000000e+00   1.0000000e-01   1.3909408e+00
   1.2000000e+00   2.0000000e-01   1.4925786e+00
   1.2000000e+00   3.0000000e-01   1.5890039e+00
   1.2000000e+00   4.0000000e-01   1.6821763e+00
   1.2000000e+00   5.0000000e-01   1.7736066e+00
   1.2000000e+00   6.0000000e-01   1.8643571e+00
   1.2000000e+00   7.0000000e-01   1.9550413e+00
   1.2000000e+00   8.0000000e-01   2.0458242e+00
   1.2000000e+00   9.0000000e-01   2.1364220e+00
   1.2000000e+00   1.0000000e+00   2.2261023e+00
   1.2000000e+00   1.1000000e+00   2.3136840e+00
   1.2000000e+00   1.2000000e+00   2.3975374e+00
   1.2000000e+00   1.3000000e+00   2.4755840e+00
   1.2000000e+00   1.4000000e+00   2.5452968e+00
   1.2000000e+00   1.5000000e+00   2.6037001e+00
   1.2000000e+00   1.6000000e+00   2.6473693e+00
   1.2000000e+00   1.7000000e+00   2.6724316e+00
   1.2000000e+00   1.8000000e+00   2.6745651e+00
   1.2000000e+00   1.9000000e+00   2.6489995e+00
   1.2000000e+00   2.0000000e+00   2.5905157e+00
   1.2000000e+00   2.1000000e+00   2.4934459e+00
   1.2000000e+00   2.2000000e+00   2.3516739e+00
   1.2000000e+00   2.3000000e+00   2.1586346e+00
   1.2000000e+00   2.4000000e+00   1.9073142e+00
   1.2000000e+00   2.5000000e+00   1.5902505e+00
   1.2000000e+00   2.6000000e+00   1.1995322e+00
   1.2000000e+00   2.7000000e+00   7.2679989e-01
   1.2000000e+00   2.8000000e+00   1.6324504e-01
   1.2000000e+00   2.9000000e+00  -5.0038932e-01
   1.2000000e+00   3.0000000e+00  -1.2738089e+00
   1.3000000e+00  -1.0000000e+00  -1.0014031e+00
   1.3000000e+00  -9.0000000e-01  -5.8059231e-01
   1.3000000e+00  -8.0000000e-01  -2.1961976e-01
   1.3000000e+00  -7.0000000e-01   8.8616773e-02
   1.3000000e+00  -6.0000000e-01   3.5077081e-01
   1.3000000e+00  -5.0000000e-01   5.7304721e-01
   1.3000000e+00  -4.0000000e-01   7.6120220e-01
   1.3000000e+00  -3.0000000e-01   9.2054332e-01
   1.3000000e+00  -2.0000000e-01   1.0559294e+00
   1.3000000e+00  -1.0000000e-01   1.1717708e+00
   1.3000000e+00   0.0000000e+00   1.2720289e+00
   1.3000000e+00   1.0000000e-01   1.3602167e+00
   1.3000000e+00   2.0000000e-01   1.4393984e+00
   1.3000000e+00   3.0000000e-01   1.5121895e+00
   1.3000000e+00   4.0000000e-01   1.5807570e+00
   1.3000000e+00   5.0000000e-01   1.6468191e+00
   1.3000000e+00   6.0000000e-01   1.7116453e+00
   1.3000000e+00   7.0000000e-01   1.7760566e+00
   1.3000000e+00   8.0000000e-01   1.8404253e+00
   1.3000000e+00   9.0000000e-01   1.9046748e+00
   1.3000000e+00   1.0000000e+00   1.9682802e+00
   1.3000000e+00   1.1000000e+00   2.0302677e+00
   1.3000000e+00   1.2000000e+00   2.0892148e+00
   1.3000000e+00   1.3000000e+00   2.1432506e+00
   1.3000000e+00   1.4000000e+00   2.1900552e+00
   1.3000000e+00   1.5000000e+00   2.2268603e+00
   1.3000000e+00   1.6000000e+00   2.2504488e+00
   1.3000000e+00   1.7000000e+00   2.2571549e+00
   1.3000000e+00   1.8000000e+00   2.2428644e+00
   1.3000000e+00   1.9000000e+00   2.2030142e+00
   1.3000000e+00   2.0000000e+00   2.1325924e+00
   1.3000000e+00   2.1000000e+00   2.0261389e+00
   1.3000000e+00   2.2000000e+00   1.8777444e+00
   1.3000000e+00   2.3000000e+00   1.6810514e+00
   1.3000000e+00   2.4000000e+00   1.4292534e+00
   1.3000000e+00   2.5000000e+00   1.1150955e+00
   1.3000000e+00   2.6000000e+00   7.3087381e-01
   1.3000000e+00   2.7000000e+00   2.6843613e-01
   1.3000000e+00   2.8000000e+00  -2.8081861e-01
   1.3000000e+00   2.9000000e+00  -9.2594009e-01
   1.3000000e+00   3.0000000e+00  -1.6764267e+00
   1.4000000e+00  -1.0000000e+00  -8.3928979e-01
   1.4000000e+00  -9.0000000e-01  -4.1885634e-01
   1.4000000e+00  -8.0000000e-01  -6.1627921e-02
   1.4000000e+00  -7.0000000e-01   2.3970501e-01
   1.4000000e+00  -6.0000000e-01   4.9200331e-01
   1.4000000e+00  -5.0000000e-01   7.0167920e-01
   1.4000000e+00  -4.0000000e-01   8.7469623e-01
   1.4000000e+00  -3.0000000e-01   1.0165693e+00
   1.4000000e+00  -2.0000000e-01   1.1323645e+00
   1.4000000e+00  -1.0000000e-01   1.2266996e+00
   1.4000000e+00   0.0000000e+00   1.3037434e+00
   1.4000000e+00   1.0000000e-01   1.3672160e+00
   1.4000000e+00   2.0000000e-01   1.4203892e+00
   1.4000000e+00   3.0000000e-01   1.4660857e+00
   1.4000000e+00   4.0000000e-01   1.5066798e+00
   1.4000000e+00   5.0000000e-01   1.5440972e+00
   1.4000000e+00   6.0000000e-01   1.5798146e+00
   1.4000000e+00   7.0000000e-01   1.6148604e+00
   1.4000000e+00   8.0000000e-01   1.6498142e+00
   1.4000000e+00   9.0000000e-01   1.6848068e+00
   1.4000000e+00   1.0000000e+00   1.7195205e+00
   1.4000000e+00   1.1000000e+00   1.7531890e+00
   1.4000000e+00   1.2000000e+00   1.7845971e+00
   1.4000000e+00   1.3000000e+00   1.8120811e+00
   1.4000000e+00   1.4000000e+00   1.8335286e+00
   1.4000000e+00   1.5000000e+00   1.8463787e+00
   1.4000000e+00   1.6000000e+00   1.8476214e+00
   1.4000000e+00   1.7000000e+00   1.8337985e+00
   1.4000000e+00   1.8000000e+00   1.8010030e+00
   1.4000000e+00   1.9000000e+00   1.7448790e+00
   1.4000000e+00   2.0000000e+00   1.6606222e+00
   1.4000000e+00   2.1000000e+00   1.5429797e+00
   1.4000000e+00   2.2000000e+00   1.3862496e+00
   1.4000000e+00   2.3000000e+00   1.1842816e+00
   1.4000000e+00   2.4000000e+00   9.3047676e-01
   1.4000000e+00   2.5000000e+00   6.1778729e-01
   1.4000000e+00   2.6000000e+00   2.3871686e-01
   1.4000000e+00   2.7000000e+00  -2.1467954e-01
   1.4000000e+00   2.8000000e+00  -7.5079560e-01
   1.4000000e+00   2.9000000e+00  -1.3784737e+00
   1.4000000e+00   3.0000000e+00  -2.1070047e+00
   1.5000000e+00  -1.0000000e+00  -5.8153800e-01
   1.5000000e+00  -9.0000000e-01  -1.6620390e-01
   1.5000000e+00  -8.0000000e-01   1.8265033e-01
   1.5000000e+00  -7.0000000e-01   4.7254156e-01
   1.5000000e+00  -6.0000000e-01   7.1053800e-01
   1.5000000e+00  -5.0000000e-01   9.0325920e-01
   1.5000000e+00  -4.0000000e-01   1.0568760e+00
   1.5000000e+00  -3.0000000e-01   1.1771108e+00
   1.5000000e+00  -2.0000000e-01   1.2692369e+00
   1.5000000e+00  -1.0000000e-01   1.3380794e+00
   1.5000000e+00   0.0000000e+00   1.3880144e+00
   1.5000000e+00   1.0000000e-01   1.4229695e+00
   1.5000000e+00   2.0000000e-01   1.4464237e+00
   1.5000000e+00   3.0000000e-01   1.4614071e+00
   1.5000000e+00   4.0000000e-01   1.4705014e+00
   1.5000000e+00   5.0000000e-01   1.4758394e+00
   1.5000000e+00   6.0000000e-01   1.4791054e+00
   1.5000000e+00   7.0000000e-01   1.4815351e+00
   1.5000000e+00   8.0000000e-01   1.4839152e+00
   1.5000000e+00   9.0000000e-01   1.4865842e+00
   1.5000000e+00   1.0000000e+00   1.4894315e+00
   1.5000000e+00   1.1000000e+00   1.4918981e+00
   1.5000000e+00   1.2000000e+00   1.4929764e+00
   1.5000000e+00   1.3000000e+00   1.4912098e+00
   1.5000000e+00   1.4000000e+00   1.4846934e+00
   1.5000000e+00   1.5000000e+00   1.4710733e+00
   1.5000000e+00   1.6000000e+00   1.4475474e+00
   1.5000000e+00   1.7000000e+00   1.4108644e+00
   1.5000000e+00   1.8000000e+00   1.3573247e+00
   1.5000000e+00   1.9000000e+00   1.2827799e+00
   1.5000000e+00   2.0000000e+00   1.1826329e+00
   1.5000000e+00   2.1000000e+00   1.0518382e+00
   1.5000000e+00   2.2000000e+00   8.8490123e-01
   1.5000000e+00   2.3000000e+00   6.7587907e-01
   1.5000000e+00   2.4000000e+00   4.1838001e-01
   1.5000000e+00   2.5000000e+00   1.0556368e-01
   1.5000000e+00   2.6000000e+00  -2.6985891e-01
   1.5000000e+00   2.7000000e+00  -7.1562547e-01
   1.5000000e+00   2.8000000e+00  -1.2399223e+00
   1.5000000e+00   2.9000000e+00  -1.8513845e+00
   1.5000000e+00   3.0000000e+00  -2.5590956e+00
   1.6000000e+00  -1.0000000e+00  -2.1461820e-01
   1.6000000e+00  -9.0000000e-01   1.9073650e-01
   1.6000000e+00  -8.0000000e-01   5.2642844e-01
   1.6000000e+00  -7.0000000e-01   8.0018183e-01
   1.6000000e+00  -6.0000000e-01   1.0192722e+00
   1.6000000e+00  -5.0000000e-01   1.1905265e+00
   1.6000000e+00  -4.0000000e-01   1.3203230e+00
   1.6000000e+00  -3.0000000e-01   1.4145911e+00
   1.6000000e+00  -2.0000000e-01   1.4788117e+00
   1.6000000e+00  -1.0000000e-01   1.5180172e+00
   1.6000000e+00   0.0000000e+00   1.5367911e+00
   1.6000000e+00   1.0000000e-01   1.5392682e+00
   1.6000000e+00   2.0000000e-01   1.5291349e+00
   1.6000000e+00   3.0000000e-01   1.5096287e+00
   1.6000000e+00   4.0000000e-01   1.4835386e+00
   1.6000000e+00   5.0000000e-01   1.4532047e+00
   1.6000000e+00   6.0000000e-01   1.4205187e+00
   1.6000000e+00   7.0000000e-01   1.3869235e+00
   1.6000000e+00   8.0000000e-01   1.3534133e+00
   1.6000000e+00   9.0000000e-01   1.3205338e+00
   1.6000000e+00   1.0000000e+00   1.2883819e+00
   1.6000000e+00   1.1000000e+00   1.2566059e+00
   1.6000000e+00   1.2000000e+00   1.2244054e+00
   1.6000000e+00   1.3000000e+00   1.1905313e+00
   1.6000000e+00   1.4000000e+00   1.1532859e+00
   1.6000000e+00   1.5000000e+00   1.1105229e+00
   1.6000000e+00   1.6000000e+00   1.0596471e+00
   1.6000000e+00   1.7000000e+00   9.9761496e-01
   1.6000000e+00   1.8000000e+00   9.2093400e-01
   1.6000000e+00   1.9000000e+00   8.2566322e-01
   1.6000000e+00   2.0000000e+00   7.0741292e-01
   1.6000000e+00   2.1000000e+00   5.6134474e-01
   1.6000000e+00   2.2000000e+00   3.8217166e-01
   1.6000000e+00   2.3000000e+00   1.6415799e-01
   1.6000000e+00   2.4000000e+00  -9.8880618e-02
   1.6000000e+00   2.5000000e+00  -4.1357718e-01
   1.6000000e+00   2.6000000e+00  -7.8701338e-01
   1.6000000e+00   2.7000000e+00  -1.2267195e+00
   1.6000000e+00   2.8000000e+00  -1.7406747e+00
   1.6000000e+00   2.9000000e+00  -2.3373065e+00
   1.6000000e+00   3.0000000e+00  -3.0254912e+00
   1.7000000e+00  -1.0000000e+00   2.7575957e-01
   1.7000000e+00  -9.0000000e-01   6.6609677e-01
   1.7000000e+00  -8.0000000e-01   9.8368029e-01
   1.7000000e+00  -7.0000000e-01   1.2364417e+00
   1.7000000e+00  -6.0000000e-01   1.4318638e+00
   1.7000000e+00  -5.0000000e-01   1.5769810e+00
   1.7000000e+00  -4.0000000e-01   1.6783787e+00
   1.7000000e+00  -3.0000000e-01   1.7421938e+00
   1.7000000e+00  -2.0000000e-01   1.7741147e+00
   1.7000000e+00  -1.0000000e-01   1.7793808e+00
   1.7000000e+00   0.0000000e+00   1.7627831e+00
   1.7000000e+00   1.0000000e-01   1.7286638e+00
   1.7000000e+00   2.0000000e-01   1.6809164e+00
   1.7000000e+00   3.0000000e-01   1.6229861e+00
   1.7000000e+00   4.0000000e-01   1.5578688e+00
   1.7000000e+00   5.0000000e-01   1.4881124e+00
   1.7000000e+00   6.0000000e-01   1.4158157e+00
   1.7000000e+00   7.0000000e-01   1.3426289e+00
   1.7000000e+00   8.0000000e-01   1.2697537e+00
   1.7000000e+00   9.0000000e-01   1.1979430e+00
   1.7000000e+00   1.0000000e+00   1.1275010e+00
   1.7000000e+00   1.1000000e+00   1.0582835e+00
   1.7000000e+00   1.2000000e+00   9.8969730e-01
   1.7000000e+00   1.3000000e+00   9.2070073e-01
   1.7000000e+00   1.4000000e+00   8.4980341e-01
   1.7000000e+00   1.5000000e+00   7.7506631e-01
   1.7000000e+00   1.6000000e+00   6.9410170e-01
   1.7000000e+00   1.7000000e+00   6.0407324e-01
   1.7000000e+00   1.8000000e+00   5.0169587e-01
   1.7000000e+00   1.9000000e+00   3.8323592e-01
   1.7000000e+00   2.0000000e+00   2.4451102e-01
   1.7000000e+00   2.1000000e+00   8.0890151e-02
   1.7000000e+00   2.2000000e+00  -1.1270637e-01
   1.7000000e+00   2.3000000e+00  -3.4180690e-01
   1.7000000e+00   2.4000000e+00  -6.1238844e-01
   1.7000000e+00   2.5000000e+00  -9.3087667e-01
   1.7000000e+00   2.6000000e+00  -1.3041459e+00
   1.7000000e+00   2.7000000e+00  -1.7395192e+00
   1.7000000e+00   2.8000000e+00  -2.2447682e+00
   1.7000000e+00   2.9000000e+00  -2.8281132e+00
   1.7000000e+00   3.0000000e+00  -3.4982232e+00
   1.8000000e+00  -1.0000000e+00   9.0464575e-01
   1.8000000e+00  -9.0000000e-01   1.2747693e+00
   1.8000000e+00  -8.0000000e-01   1.5691402e+00
   1.8000000e+00  -7.0000000e-01   1.7958974e+00
   1.8000000e+00  -6.0000000e-01   1.9627311e+00
   1.8000000e+00  -5.0000000e-01   2.0768828e+00
   1.8000000e+00  -4.0000000e-01   2.1451454e+00
   1.8000000e+00  -3.0000000e-01   2.1738633e+00
   1.8000000e+00  -2.0000000e-01   2.1689319e+00
   1.8000000e+00  -1.0000000e-01   2.1357981e+00
   1.8000000e+00   0.0000000e+00   2.0794603e+00
   1.8000000e+00   1.0000000e-01   2.0044681e+00
   1.8000000e+00   2.0000000e-01   1.9149222e+00
   1.8000000e+00   3.0000000e-01   1.8144750e+00
   1.8000000e+00   4.0000000e-01   1.7063301e+00
   1.8000000e+00   5.0000000e-01   1.5932424e+00
   1.8000000e+00   6.0000000e-01   1.4775182e+00
   1.8000000e+00   7.0000000e-01   1.3610151e+00
   1.8000000e+00   8.0000000e-01   1.2451421e+00
   1.8000000e+00   9.0000000e-01   1.1308593e+00
   1.8000000e+00   1.0000000e+00   1.0186784e+00
   1.8000000e+00   1.1000000e+00   9.0866245e-01
   1.8000000e+00   1.2000000e+00   8.0042563e-01
   1.8000000e+00   1.3000000e+00   6.9313360e-01
   1.8000000e+00   1.4000000e+00   5.8550331e-01
   1.8000000e+00   1.5000000e+00   4.7580307e-01
   1.8000000e+00   1.6000000e+00   3.6185251e-01
   1.8000000e+00   1.7000000e+00   2.4102260e-01
   1.8000000e+00   1.8000000e+00   1.1023564e-01
   1.8000000e+00   1.9000000e+00  -3.4034711e-02
   1.8000000e+00   2.0000000e+00  -1.9576348e-01
   1.8000000e+00   2.1000000e+00  -3.7937435e-01
   1.8000000e+00   2.2000000e+00  -5.8973966e-01
   1.8000000e+00   2.3000000e+00  -8.3218043e-01
   1.8000000e+00   2.4000000e+00  -1.1124663e+00
   1.8000000e+00   2.5000000e+00  -1.4368157e+00
   1.8000000e+00   2.6000000e+00  -1.8118955e+00
   1.8000000e+00   2.7000000e+00  -2.2448215e+00
   1.8000000e+00   2.8000000e+00  -2.7431579e+00
   1.8000000e+00   2.9000000e+00  -3.3149177e+00
   1.8000000e+00   3.0000000e+00  -3.9685626e+00
   1.9000000e+00  -1.0000000e+00   1.6878512e+00
   1.9000000e+00  -9.0000000e-01   2.0324070e+00
   1.9000000e+00  -8.0000000e-01   2.2983031e+00
   1.9000000e+00  -7.0000000e-01   2.4938858e+00
   1.9000000e+00  -6.0000000e-01   2.6270527e+00
   1.9000000e+00  -5.0000000e-01   2.7052526e+00
   1.9000000e+00  -4.0000000e-01   2.7354858e+00
   1.9000000e+00  -3.0000000e-01   2.7243040e+00
   1.9000000e+00  -2.0000000e-01   2.6778099e+00
   1.9000000e+00  -1.0000000e-01   2.6016578e+00
   1.9000000e+00   0.0000000e+00   2.5010534e+00
   1.9000000e+00   1.0000000e-01   2.3807536e+00
   1.9000000e+00   2.0000000e-01   2.2450666e+00
   1.9000000e+00   3.0000000e-01   2.0978520e+00
   1.9000000e+00   4.0000000e-01   1.9425207e+00
   1.9000000e+00   5.0000000e-01   1.7820351e+00
   1.9000000e+00   6.0000000e-01   1.6189087e+00
   1.9000000e+00   7.0000000e-01   1.4552064e+00
   1.9000000e+00   8.0000000e-01   1.2925447e+00
   1.9000000e+00   9.0000000e-01   1.1320909e+00
   1.9000000e+00   1.0000000e+00   9.7456426e-01
   1.9000000e+00   1.1000000e+00   8.2023488e-01
   1.9000000e+00   1.2000000e+00   6.6892444e-01
   1.9000000e+00   1.3000000e+00   5.2000591e-01
   1.9000000e+00   1.4000000e+00   3.7240359e-01
   1.9000000e+00   1.5000000e+00   2.2459310e-01
   1.9000000e+00   1.6000000e+00   7.4601431e-02
   1.9000000e+00   1.7000000e+00  -7.9993115e-02
   1.9000000e+00   1.8000000e+00  -2.4206089e-01
   1.9000000e+00   1.9000000e+00  -4.1492091e-01
   1.9000000e+00   2.0000000e+00  -6.0234086e-01
   1.9000000e+00   2.1000000e+00  -8.0853707e-01
   1.9000000e+00   2.2000000e+00  -1.0381746e+00
   1.9000000e+00   2.3000000e+00  -1.2963670e+00
   1.9000000e+00   2.4000000e+00  -1.5886767e+00
   1.9000000e+00   2.5000000e+00  -1.9211147e+00
   1.9000000e+00   2.6000000e+00  -2.3001406e+00
   1.9000000e+00   2.7000000e+00  -2.7326628e+00
   1.9000000e+00   2.8000000e+00  -3.2260383e+00
   1.9000000e+00   2.9000000e+00  -3.7880726e+00
   1.9000000e+00   3.0000000e+00  -4.4270201e+00
   2.0000000e+00  -1.0000000e+00   2.6419472e+00
   2.0000000e+00  -9.0000000e-01   2.9554230e+00
   2.0000000e+00  -8.0000000e-01   3.1874241e+00
   2.0000000e+00  -7.0000000e-01   3.3465040e+00
   2.0000000e+00  -6.0000000e-01   3.4407678e+00
   2.0000000e+00  -5.0000000e-01   3.4778716e+00
   2.0000000e+00  -4.0000000e-01   3.4650230e+00
   2.0000000e+00  -3.0000000e-01   3.4089810e+00
   2.0000000e+00  -2.0000000e-01   3.3160557e+00
   2.0000000e+00  -1.0000000e-01   3.1921089e+00
   2.0000000e+00   0.0000000e+00   3.0425533e+00
   2.0000000e+00   1.0000000e-01   2.8723533e+00
   2.0000000e+00   2.0000000e-01   2.6860245e+00
   2.0000000e+00   3.0000000e-01   2.4876338e+00
   2.0000000e+00   4.0000000e-01   2.2807994e+00
   2.0000000e+00   5.0000000e-01   2.0686911e+00
   2.0000000e+00   6.0000000e-01   1.8540297e+00
   2.0000000e+00   7.0000000e-01   1.6390875e+00
   2.0000000e+00   8.0000000e-01   1.4256881e+00
   2.0000000e+00   9.0000000e-01   1.2152066e+00
   2.0000000e+00   1.0000000e+00   1.0085691e+00
   2.0000000e+00   1.1000000e+00   8.0625331e-01
   2.0000000e+00   1.2000000e+00   6.0828823e-01
   2.0000000e+00   1.3000000e+00   4.1425413e-01
   2.0000000e+00   1.4000000e+00   2.2328265e-01
   2.0000000e+00   1.5000000e+00   3.4056774e-02
   2.0000000e+00   1.6000000e+00  -1.5518919e-01
   2.0000000e+00   1.7000000e+00  -3.4666960e-01
   2.0000000e+00   1.8000000e+00  -5.4304746e-01
   2.0000000e+00   1.9000000e+00  -7.4743445e-01
   2.0000000e+00   2.0000000e+00  -9.6339092e-01
   2.0000000e+00   2.1000000e+00  -1.1949259e+00
   2.0000000e+00   2.2000000e+00  -1.4464970e+00
   2.0000000e+00   2.3000000e+00  -1.7230105e+00
   2.0000000e+00   2.4000000e+00  -2.0298216e+00
   2.0000000e+00   2.5000000e+00  -2.3727337e+00
   2.0000000e+00   2.6000000e+00  -2.7579993e+00
   2.0000000e+00   2.7000000e+00  -3.1923194e+00
   2.0000000e+00   2.8000000e+00  -3.6828435e+00
   2.0000000e+00   2.9000000e+00  -4.2371700e+00
   2.0000000e+00   3.0000000e+00  -4.8633459e+00
