-0.56208	0	6.9129
0.51282	0	10.839
-0.26932	0	10.895
0.9651	0	10.955
0.44532	0	10.97
0.50671	0	10.985
0.30304	0	11
0.26327	0	11.016
0.76941	0	11.03
-0.45458	0	11.043
0.53299	0	11.07
-0.044536	0	11.077
-0.45019	0	11.095
-0.28147	0	11.118
-0.66699	0	11.136
-0.026965	0	11.154
0.79531	0	11.15
0.81842	0	11.137
-0.87887	0	11.145
0.009046	0	11.153
0.032584	0	11.158
-0.36193	0	11.166
0.97328	0	11.155
-0.46771	0	11.146
-0.81853	0	11.165
0.89553	0	11.177
0.001414	-1	11.059
-0.44584	-1	10.895
0.82763	-1	10.615
0.059495	-1	9.8317
-0.071108	-1	6.0061
0.88196	-1	5.6247
-0.89983	-1	5.4052
0.54041	-1	5.2497
0.65563	-1	5.1168
-0.74927	-1	5.0216
0.37691	-1	4.9428
0.73649	-1	4.8528
0.47245	-1	4.774
0.45082	-1	4.7034
0.99892	-1	4.6344
-0.53361	-1	4.5666
0	-1	4.5132
0	-1	4.4608
0	-1	4.4107
0	-1	4.3628
0	-1	4.3169
0	-1	4.273
0	-1	4.2309
0	-1	4.1905
0	-1	4.1525
0	1	4.6164
0	1	5.0181
0	1	5.5389
0	1	10.24
0	1	10.865
0	1	11.091
0	1	11.226
0	1	11.32
0	1	11.389
0	1	11.444
0	1	11.487
0	1	11.523
0	1	11.553
0	1	11.578
0	1	11.599
0	1	11.618
0	1	11.634
0	1	11.647
0	1	11.659
0.98399	1	11.67
0.97922	1	11.672
-0.77276	1	11.681
-0.72303	1	11.697
-0.66924	1	11.711
0.938	1	11.707
-0.075151	-1	11.632
0.78866	-1	11.567
0.88366	-1	11.481
0.95167	-1	11.38
-0.75099	-1	11.287
-0.28005	-1	11.171
-0.5079	-1	11.046
0.96338	-1	10.85
0.82733	-1	10.495
0.60466	-1	6.7484
-0.9677	-1	5.7286
0.93529	-1	5.4586
0.99991	-1	5.2251
0.92556	-1	5.0601
0.72257	-1	4.933
0.41916	-1	4.83
0.057487	-1	4.7442
-0.31217	-1	4.6715
-0.63845	-1	4.6087
-0.87599	-1	4.5537
-0.99178	-1	4.5041
-0.96973	-1	4.4579
-0.8129	-1	4.413
-0.54309	-1	4.3679
-0.1978	-1	4.3226
0.17498	0	4.5293
0.52344	0	4.7084
0.79915	0	4.8637
0.9638	0	5.0065
0.99448	0	5.1455
0.88695	0	5.2896
-0.24654	0	5.4547
0.10072	0	5.6627
0.43576	0	5.9764
0.71797	0	6.6572
0.91313	0	9.8738
0.99756	0	10.221
0.96103	0	10.394
0.80797	0	10.511
0.55695	0	10.606
0.23839	0	10.692
-0.10908	0	10.774
-0.44332	0	10.851
-0.7238	0	10.922
-0.91652	0	10.987
-0.99811	0	11.043
-0.95867	0	11.09
-0.80299	0	11.128
-0.54994	0	11.154
-0.23021	0	11.169
0.11743	-1	11.036
0.45084	-1	10.841
0.72958	-1	10.505
0.91985	-1	6.743
-0.98699	-1	5.759
-0.99467	-1	5.4555
-0.98949	-1	5.2868
-0.99681	-1	5.1566
0.99535	-1	5.0187
-0.99801	-1	4.8949
-0.9718	-1	4.8214
-0.9159	-1	4.7541
-0.83202	-1	4.6908
-0.72273	-1	4.6306
-0.59136	-1	4.5728
-0.44192	-1	4.517
-0.27899	-1	4.4628
-0.10753	-1	4.4099
0.067208	-1	4.3583
0.2399	-1	4.308
0.40526	-1	4.2591
0.55824	-1	4.2116
0.69416	-1	4.1658
0.80889	-1	4.122
0.8989	-1	4.0809
0.96146	1	4.5738
0.99465	1	4.971
0.99745	1	5.4348
0.96978	1	9.62
0.91249	1	10.739
0.82733	1	11.001
0.71689	1	11.15
0.58456	1	11.252
0.43437	1	11.329
0.27091	1	11.39
0.09917	1	11.441
-0.075594	1	11.485
-0.24805	1	11.523
-0.41293	1	11.557
-0.56519	1	11.588
-0.70019	1	11.617
-0.8138	1	11.643
-0.90255	1	11.666
-0.96374	1	11.688
-0.99548	1	11.707
-0.99681	1	11.724
-0.9677	1	11.739
-0.90902	1	11.752
-0.82258	1	11.762
-0.71101	1	11.77
-0.57772	1	11.776
-0.42678	1	11.779
-0.2628	1	11.781
-0.090801	1	11.78
0.083975	1	11.777
0.25619	1	11.773
0.42057	1	11.767
0.57211	1	11.76
0.70617	1	11.752
0.81866	1	11.743
0.90614	1	11.734
0.96595	1	11.726
0.99624	1	11.717
0.99611	1	11.709
0.96554	1	11.702
0.90548	1	11.697
0.81777	1	11.692
0.70507	1	11.69
0.57083	1	11.689
0.41916	1	11.69
0.25468	1	11.693
0.082426	1	11.697
-0.092349	1	11.703
-0.2643	1	11.711
-0.42818	1	11.72
-0.57898	-1	11.664
-0.7121	-1	11.603
-0.82346	-1	11.54
-0.90967	-1	11.474
-0.96809	-1	11.403
-0.99693	-1	11.326
-0.99533	-1	11.24
-0.96332	-1	11.142
-0.90188	-1	11.023
-0.8129	-1	10.871
-0.69908	-1	10.65
-0.56391	-1	10.219
-0.41151	-1	6.2129
-0.24654	-1	5.6341
-0.074044	-1	5.3719
0.10072	-1	5.1929
0.2724	-1	5.0527
0.43576	-1	4.9353
0.58582	-1	4.8327
0.71797	-1	4.7407
0.8282	-1	4.6567
0.91313	-1	4.5792
0.97016	-1	4.5071
0.99756	-1	4.4397
0.99448	-1	4.3786
0.96103	0	4.5607
0.89822	0	4.7259
0.80797	0	4.8754
0.69304	0	5.0192
0.55695	0	5.166
0.40383	0	5.3263
0.23839	0	5.5177
0.065657	0	5.7817
-0.10908	0	6.312
-0.28048	0	9.9571
-0.44332	0	10.411
-0.59261	0	10.622
-0.7238	0	10.761
-0.83288	0	10.863
-0.91652	0	10.943
-0.97216	0	11.007
-0.99811	0	11.06
-0.99357	0	11.105
-0.95867	0	11.141
-0.89449	0	11.171
-0.80299	0	11.195
-0.68696	0	11.214
-0.54994	0	11.228
-0.39613	0	11.237
-0.23021	0	11.241
-0.057266	-1	11.126
0.11743	-1	10.973
0.28854	-1	10.753
0.45084	-1	10.336
0.59936	-1	6.1884
0.72958	-1	5.5665
0.83751	-1	5.2976
0.91985	-1	5.1164
0.9741	-1	4.9759
0.99859	-1	4.8594
0.99258	-1	4.7589
0.95625	-1	4.67
0.8907	-1	4.5905
0.79795	-1	4.5185
0.68083	-1	4.4526
0.5429	-1	4.3924
0.3884	-1	4.3375
0.22202	-1	4.2864
0.04887	-1	4.2402
-0.12578	-1	4.1981
-0.29658	-1	4.1596
-0.45833	-1	4.1243
-0.60607	-1	4.0919
-0.7353	-1	4.062
-0.84207	-1	4.0341
-0.92312	1	4.5721
-0.97597	1	5.0156
-0.999	1	5.6328
-0.99152	1	10.506
-0.95375	1	10.972
-0.88685	1	11.175
-0.79286	1	11.301
-0.67464	1	11.388
-0.53582	1	11.453
-0.38063	1	11.502
-0.21382	1	11.54
-0.040471	1	11.569
0.13411	1	11.592
0.3046	1	11.608
0.46578	1	11.621
0.61274	1	11.629
0.74097	1	11.635
0.84657	1	11.639
0.92632	1	11.641
0.97776	1	11.641
0.99934	1	11.642
0.99039	1	11.642
0.95119	1	11.642
0.88293	1	11.643
0.7877	1	11.645
0.66841	0	11.61
0.52871	0	11.577
0.37285	0	11.547
0.2056	0	11.52
0.03207	0	11.497
-0.14244	0	11.477
-0.3126	0	11.462
-0.4732	0	11.449
-0.61936	0	11.441
-0.74659	0	11.435
-0.85102	0	11.432
-0.92945	0	11.43
-0.97949	0	11.43
-0.99961	0	11.43
-0.9892	0	11.43
-0.94856	0	11.43
-0.87896	0	11.429
-0.7825	0	11.427
-0.66214	0	11.423
-0.52155	0	11.417
-0.36503	0	11.409
-0.19736	0	11.398
-0.023666	0	11.386
0.15076	0	11.371
0.32057	0	11.354
0.48059	0	11.335
0.62594	0	11.314
0.75216	0	11.293
0.85541	0	11.27
0.93252	0	11.246
0.98115	0	11.223
0.99981	0	11.201
0.98793	0	11.18
0.94587	0	11.161
0.87491	0	11.144
0.77724	0	11.131
0.65581	0	11.122
0.51436	0	11.117
0.35719	0	11.116
0.18911	0	11.119
0.01526	0	11.127
-0.15906	0	11.137
-0.32852	0	11.151
-0.48795	0	11.167
-0.63247	0	11.185
-0.75767	0	11.204
-0.85973	0	11.223
-0.93552	0	11.242
-0.98274	0	11.259
-0.99994	0	11.275
-0.98659	-1	11.186
-0.94311	-1	11.077
-0.87081	-1	10.941
-0.77192	-1	10.756
-0.64944	-1	10.451
-0.50713	-1	8.987
-0.34933	-1	5.8036
-0.18085	-1	5.4689
-0.006853	-1	5.2636
0.16736	-1	5.1102
0.33645	-1	4.9846
0.49527	-1	4.8766
-0.86388	-1	4.7806
-0.92945	-1	4.7134
-0.97415	-1	4.6545
0.98068	-1	4.5839
0.94863	-1	4.5108
0.90179	-1	4.4439
0.84087	-1	4.3823
-0.64354	-1	4.3281
-0.56391	-1	4.2867
-0.47865	-1	4.246
-0.3886	-1	4.2064
-0.29467	-1	4.168
-0.1978	-1	4.1311
-0.09895	1	4.6232
0.000888	1	5.0452
0.10072	1	5.6177
0.19954	1	10.375
0.29637	1	10.887
0.39024	1	11.094
0.4802	1	11.219
0.56538	1	11.304
0.6449	1	11.367
0.71797	1	11.415
0.78388	1	11.452
0.84195	1	11.482
0.89161	1	11.506
0.93236	1	11.525
0.9638	1	11.541
0.9856	1	11.555
0.99756	1	11.566
0.99955	1	11.576
0.99155	1	11.584
0.97365	1	11.592
0.94601	1	11.599
0.90893	1	11.605
0.86276	1	11.611
0.80797	1	11.617
0.74511	1	11.622
0.67481	-1	11.544
0.59776	-1	11.456
0.51474	-1	11.359
0.42658	-1	11.248
0.33415	-1	11.118
0.23839	-1	10.955
0.14024	-1	10.728
0.040693	-1	10.313
-0.059261	-1	6.274
-0.15862	-1	5.6371
-0.2564	-1	5.3765
-0.35161	-1	5.2059
-0.44332	-1	5.0769
-0.53059	-1	4.972
-0.61256	-1	4.883
-0.68841	-1	4.805
-0.75738	-1	4.7352
-0.81879	-1	4.672
-0.87201	-1	4.6139
-0.91652	-1	4.5601
-0.95187	-1	4.5098
-0.97772	-1	4.4624
-0.99379	-1	4.4176
-0.99993	-1	4.3754
-0.99609	-1	4.3358
-0.98229	0	4.5527
-0.95867	0	4.7497
-0.92548	0	4.9337
-0.88304	0	5.1206
-0.83177	0	5.3279
-0.7722	0	5.5883
-0.70491	0	6.0144
-0.63058	0	9.7003
-0.54994	0	10.372
-0.46382	0	10.602
-0.37305	0	10.736
-0.27856	0	10.825
-0.18129	0	10.89
-0.082204	0	10.938
0.017702	0	10.974
0.11743	0	11.001
0.21599	0	11.021
0.31238	0	11.036
0.40566	0	11.046
0.49489	0	11.052
0.57916	0	11.055
0.65766	0	11.055
0.72958	0	11.054
0.79421	0	11.05
0.8509	0	11.045
0.8991	0	11.04
0.93831	0	11.033
0.96814	0	11.026
0.9883	0	11.019
0.99859	0	11.012
0.34995	0	11.006
0.27878	0	11.011
-0.7888	0	11.034
-0.81853	0	11.077
-0.84622	0	11.114
-0.87179	0	11.146
-0.89519	0	11.174
-0.91634	0	11.199
-0.93521	0	11.222
-0.95174	0	11.242
-0.96589	0	11.259
-0.97762	0	11.275
-0.98692	0	11.29
-0.99374	0	11.303
-0.99808	0	11.315
-0.99993	0	11.326
-0.99928	0	11.335
-0.99613	0	11.344
-0.99049	0	11.351
-0.98237	0	11.357
-0.9718	-1	11.278
-0.9588	-1	11.185
-0.9434	-1	11.076
-0.92565	-1	10.941
-0.90558	-1	10.76
-0.88325	-1	10.475
-0.85871	-1	9.6107
-0.83202	-1	5.9091
-0.80326	-1	5.5495
-0.77248	-1	5.3427
-0.73978	-1	5.1932
-0.70523	-1	5.0739
-0.66891	-1	4.9732
-0.63092	-1	4.8853
-0.59136	-1	4.8064
-0.55031	-1	4.7345
-0.5079	-1	4.668
-0.46421	-1	4.6058
-0.41936	-1	4.5473
-0.37346	-1	4.4919
-0.32664	-1	4.4391
-0.27899	-1	4.3887
-0.23065	-1	4.3406
-0.18173	-1	4.2943
-0.13235	-1	4.25
-0.082647	1	4.7043
-0.032735	1	5.1322
0.017258	1	5.8183
0.067208	1	10.552
0.11699	1	10.949
0.16648	1	11.135
0.21555	1	11.251
0.26409	1	11.334
0.31196	1	11.395
0.35906	1	11.443
0.40526	1	11.481
0.45044	1	11.511
0.4945	1	11.536
0.53732	1	11.557
0.5788	1	11.574
0.61883	1	11.588
0.65732	1	11.599
0.69416	1	11.609
0.72927	1	11.617
0.76256	1	11.623
0.79394	1	11.628
0.82333	1	11.632
0.85067	1	11.636
0.87588	1	11.638
0.8989	1	11.64
0.91968	0	11.603
0.93815	0	11.565
0.95428	0	11.529
0.96803	0	11.493
0.97936	0	11.458
0.98824	0	11.424
0.99465	0	11.392
0.99857	0	11.36
0.99999	0	11.33
0.99892	0	11.302
0.99535	0	11.275
0.98929	0	11.25
0.98076	0	11.226
0.96978	0	11.204
0.95638	0	11.184
0.94058	0	11.165
0.92243	0	11.148
0.90198	0	11.132
0.87927	0	11.119
0.85437	0	11.107
0.82733	0	11.096
0.79822	0	11.088
0.76712	0	11.081
0.7341	0	11.075
0.69924	0	11.069
0.66264	-1	10.883
0.62438	-1	10.582
0.58456	-1	9.5812
0.54328	-1	5.7632
0.50064	-1	5.414
0.45675	-1	5.2089
0.41171	-1	5.0599
0.36565	-1	4.9398
0.31868	-1	4.8394
0.27091	-1	4.7521
0.22246	-1	4.6746
0.17345	-1	4.6041
0.12401	-1	4.5396
0.074266	-1	4.4798
0.024331	-1	4.4242
-0.025663	-1	4.372
-0.075594	-1	4.3231
-0.12534	-1	4.2771
-0.17476	-1	4.2339
-0.22376	-1	4.1932
-0.27219	-1	4.155
-0.31994	-1	4.119
-0.36689	-1	4.0853
-0.41293	-1	4.0537
-0.45793	-1	4.0253
-0.50179	1	4.5603
-0.54439	1	4.9933
-0.58564	1	5.559
-0.62542	1	10.384
-0.66363	1	10.925
-0.70019	1	11.142
-0.735	1	11.276
-0.76797	1	11.37
-0.79902	1	11.441
-0.82808	1	11.498
-0.85506	1	11.544
-0.87991	1	11.583
-0.90255	1	11.615
-0.92295	1	11.644
-0.94103	1	11.668
-0.95676	1	11.689
-0.97011	1	11.708
-0.98102	1	11.725
-0.98949	1	11.74
-0.99548	1	11.753
-0.99898	1	11.764
-0.99999	1	11.775
-0.9985	1	11.784
-0.99451	1	11.792
-0.98803	1	11.8
-0.97909	0	11.78
-0.9677	0	11.76
-0.95389	0	11.741
-0.93769	0	11.723
-0.91915	0	11.705
-0.89832	0	11.687
-0.87524	0	11.67
-0.84997	0	11.654
-0.82258	0	11.637
-0.79313	0	11.622
-0.7617	0	11.606
-0.72836	0	11.591
-0.69321	0	11.576
-0.65632	0	11.562
-0.61779	0	11.548
-0.57772	0	11.534
-0.5362	0	11.52
-0.49334	0	11.506
-0.44925	0	11.493
-0.40404	0	11.48
-0.35781	0	11.466
-0.3107	0	11.453
-0.2628	0	11.44
-0.21425	0	11.427
-0.16517	0	11.414
-0.11567	0	11.401
-0.065879	0	11.388
-0.015926	0	11.375
0.034067	0	11.362
0.083975	0	11.349
0.13367	0	11.336
0.18304	0	11.323
-0.11677	0	11.309
-0.14156	0	11.297
-0.16626	0	11.294
0	0	11.287
0	0	11.281
0	0	11.276
0	0	11.271
0	0	11.266
0	0	11.262
0	0	11.258
0	0	11.254
0	0	11.25
0	0	11.247
0	0	11.244
0	0	11.241
0	0	11.239
0	0	11.236
0	0	11.233
0	-1	11.114
0	-1	10.959
0	-1	10.742
0	-1	10.353
0	-1	6.3625
0	-1	5.6475
0	-1	5.3736
0	-1	5.1948
0	-1	5.0589
0	-1	4.9474
0	-1	4.8519
0	-1	4.7674
0	-1	4.6912
0	-1	4.6215
0	-1	4.557
0	-1	4.4969
0	-1	4.4404
0	-1	4.3872
0	-1	4.3369
0	-1	4.2893
0	-1	4.2441
-0.88757	-1	4.2014
-0.89881	-1	4.1624
-0.90948	-1	4.131
-0.91959	-1	4.1011
0.68712	1	4.5966
0.64995	1	5.002
0.61116	1	5.5033
0.61274	1	10.092
0.67023	1	10.808
0.72395	1	11.042
0.77361	1	11.178
0.81891	1	11.27
0.85962	1	11.337
0.89548	1	11.388
0.92632	1	11.428
-0.40323	1	11.474
-0.30985	1	11.517
-0.21338	1	11.552
-0.11478	1	11.579
-0.015038	1	11.602
0.08486	1	11.619
0.18391	1	11.633
0.28112	1	11.644
0.37552	1	11.653
0.46617	1	11.659
0.55217	1	11.664
0.63264	1	11.667
0.7068	1	11.668
0.77389	1	11.669
0.83325	1	11.669
0.88429	1	11.668
0.92648	1	11.666
0.95943	1	11.664
0.98278	1	11.662
0.99632	1	11.66
0.9999	1	11.658
0.99349	1	11.656
0.97715	1	11.655
0.95105	1	11.654
0.91545	1	11.654
0.8707	1	11.654
0.81726	1	11.654
0.75564	1	11.656
0.68648	1	11.658
0.61045	1	11.66
0.52833	1	11.664
0.44093	1	11.668
0.34912	1	11.672
0.25382	1	11.678
0.15599	1	11.683
0.056601	1	11.69
-0.043355	1	11.697
-0.14288	1	11.704
-0.24097	1	11.71
-0.33666	0	11.686
-0.42899	0	11.662
-0.51702	0	11.641
-0.59989	0	11.622
-0.67677	0	11.605
-0.74689	0	11.59
-0.80954	0	11.576
-0.8641	0	11.564
-0.91004	0	11.554
-0.94687	0	11.544
-0.97425	0	11.536
-0.99189	0	11.528
-0.99962	0	11.522
-0.99737	0	11.515
-0.98515	0	11.509
-0.96308	0	11.503
-0.93139	0	11.497
-0.8904	0	11.491
-0.84051	0	11.485
-0.78222	0	11.478
-0.71612	0	11.47
-0.64286	0	11.462
-0.56318	0	11.454
-0.47787	0	11.444
-0.38778	0	11.433
-0.29382	-1	11.35
-0.19693	-1	11.252
-0.098066	-1	11.134
0.0017765	-1	10.986
0.1016	-1	10.78
0.20041	-1	10.418
0.29722	-1	6.4988
0.39105	-1	5.6499
0.48098	-1	5.3572
0.56611	-1	5.1682
0.64558	-1	5.0243
0.71859	-1	4.9059
0.78443	-1	4.8038
0.84243	-1	4.7131
0.89201	-1	4.631
0.93268	-1	4.5555
0.96403	-1	4.4856
0.98575	-1	4.4203
0.99762	-1	4.3592
0.99952	-1	4.3019
0.99143	-1	4.2482
0.97344	-1	4.1979
0.94572	-1	4.1509
0.90856	-1	4.1069
0.86231	-1	4.0666
0.37961	0	4.3271
0.2613	0	4.5388
0.13892	0	4.7177
0.014372	0	4.8823
-0.1104	0	5.045
-0.23345	0	5.218
-0.35286	0	5.4184
-0.46676	0	5.686
-0.57338	0	6.1886
-0.67105	0	9.9649
-0.75825	0	10.448
-0.83362	0	10.662
-0.9248	0	10.798
-0.85757	0	10.894
-0.77107	0	10.965
-0.66726	0	11.019
-0.54846	0	11.059
-0.41734	0	11.09
-0.27686	0	11.113
-0.13015	0	11.129
0.019478	0	11.139
0.16867	0	11.145
0.31407	0	11.146
0.45242	0	11.144
0.58061	0	11.136
0.69576	-1	10.974
0.79529	-1	10.729
0.87695	-1	10.214
0.62229	-1	5.9896
0.4765	-1	5.5098
0.31615	-1	5.2752
0.14614	-1	5.1153
-0.028327	-1	4.9927
-0.20193	-1	4.893
-0.36937	-1	4.8086
-0.52552	-1	4.7353
-0.66562	-1	4.6701
-0.78539	-1	4.6111
-0.88117	-1	4.5572
-0.95003	-1	4.5071
-0.98987	-1	4.4602
-0.99947	-1	4.4158
-0.97854	-1	4.3733
-0.92772	-1	4.3324
-0.84856	-1	4.2927
-0.74348	-1	4.254
-0.61569	-1	4.216
-0.46909	-1	4.1787
-0.30816	-1	4.142
-0.13782	-1	4.1063
0.036729	-1	4.0713
0.21016	-1	4.0374
0.37717	-1	4.0046
0.53266	-1	3.9733
0.67188	-1	3.9435
0.79057	-1	3.9155
0.88511	-1	3.8894
0.95262	-1	3.8651
-0.2913	-1	3.8432
-0.47555	-1	3.8278
-0.64084	-1	3.8135
-0.78058	-1	3.8006
-0.8892	-1	3.7889
-0.96237	-1	3.7781
-0.99717	-1	3.7683
-0.99222	-1	3.7591
-0.94772	-1	3.7506
-0.86543	-1	3.7425
-0.74864	-1	3.7349
-0.602	-1	3.7276
-0.43136	-1	3.7207
-0.24353	-1	3.7141
-0.045987	-1	3.7078
0.15339	-1	3.7019
0.34665	-1	3.6963
0.52609	0	4.0696
0.68456	0	4.3438
0.81573	0	4.5477
0.91439	0	4.7156
0.97659	0	4.8641
0.99986	0	5.0032
0.98327	0	5.14
0.92747	0	5.2819
0.8347	0	5.4384
0.70866	0	5.6271
0.55436	0	5.892
0.37796	0	6.4529
0.1865	0	9.9194
-0.012404	0	10.348
-0.21081	0	10.559
-0.40081	0	10.699
-0.57484	0	10.805
-0.72594	0	10.89
-0.84811	0	10.961
-0.93646	0	11.02
-0.98748	0	11.071
-0.99913	0	11.114
-0.97095	0	11.149
-0.90407	0	11.179
-0.80113	0	11.202
-0.66626	0	11.22
-0.50483	0	11.232
-0.32328	0	11.24
-0.12883	0	11.242
0.070752	0	11.24
0.26751	0	11.234
0.45361	0	11.224
0.62162	0	11.211
0.76485	0	11.196
0.87759	0	11.179
0.95534	0	11.161
0.99501	0	11.143
0.995	0	11.125
0.95533	0	11.11
0.87758	0	11.097
0.76483	0	11.088
-0.35408	0	11.083
-0.1365	0	11.083
0.087956	0	11.088
0.30798	0	11.094
0.51248	0	11.094
0.69114	0	11.09
0.83497	0	11.083
0.9367	0	11.074
0.9912	0	11.064
0.99575	0	11.053
0.95009	0	11.044
0.85654	0	11.037
0.71981	0	11.034
0.54679	0	11.036
0.3462	0	11.043
0.12817	0	11.055
-0.096328	0	11.071
-0.31597	0	11.092
-0.51968	0	11.116
-0.6972	0	11.141
-0.83956	0	11.167
-0.93961	0	11.193
-0.99228	0	11.217
-0.99494	0	11.239
-0.94743	0	11.258
-0.85217	0	11.273
0.98327	0	11.284
0.99986	0	11.277
-0.70241	0	11.268
-0.81561	0	11.279
-0.90389	0	11.29
-0.96456	0	11.302
-0.99577	0	11.314
-0.99656	0	11.324
-0.96691	0	11.333
-0.90772	0	11.34
-0.8208	0	11.346
-0.70882	0	11.349
-0.57517	0	11.349
-0.42396	0	11.347
-0.2598	0	11.343
-0.087705	0	11.336
0.087072	0	11.326
0.25919	0	11.313
0.42339	0	11.298
0.57465	0	11.281
0.70837	0	11.263
0.82044	0	11.243
0.90745	0	11.222
0.96675	0	11.2
0.99651	0	11.18
0.99583	0	11.16
0.96473	0	11.141
0.90416	0	11.126
0.81597	0	11.113
0.70286	0	11.104
0.56828	0	11.099
0.41634	0	11.1
0.25167	0	11.103
0.079327	-1	10.946
-0.095444	-1	10.724
-0.2673	-1	10.334
-0.43099	-1	6.4218
-0.58151	-1	5.6957
-0.71428	-1	5.4282
-0.82522	-1	5.2562
-0.91095	-1	5.1285
-0.96886	-1	5.0253
-0.99717	-1	4.9378
-0.99502	-1	4.8603
-0.96248	-1	4.7902
-0.90054	-1	4.7251
-0.81108	-1	4.6639
-0.69686	-1	4.6055
-0.56134	-1	4.5493
-0.40868	-1	4.4948
-0.24353	-1	4.4417
-0.070944	-1	4.3898
0.10381	-1	4.3391
0.27539	-1	4.2896
0.43856	-1	4.2415
0.58833	-1	4.1948
0.72013	-1	4.1498
0.82994	-1	4.1068
0.91439	-1	4.066
0.97091	-1	4.0276
0.99777	-1	3.9919
0.99415	-1	3.9588
0.96017	-1	3.9285
0.89685	-1	3.901
0.80614	-1	3.8761
0.6908	-1	3.8538
0.55436	-1	3.8338
0.40099	-1	3.8161
0.23537	-1	3.8003
0.062555	-1	3.7864
-0.11217	-1	3.7739
-0.28346	-1	3.7629
-0.4461	-1	3.7531
-0.59511	-1	3.7443
-0.72594	-1	3.7365
-0.8346	-1	3.7294
-0.91776	-1	3.7229
-0.97289	-1	3.717
-0.9983	-1	3.7115
-0.99321	-1	3.7065
-0.95778	-1	3.7017
-0.8931	-1	3.6973
-0.71488	-1	3.6931
-0.60235	0.0010179	4.0621
-0.4763	0.0045364	4.352
-0.33956	0.010568	4.5715
-0.19519	0.019112	4.7581
-0.046431	0.030167	4.9309
0.10337	0.04373	5.1028
0.25084	0.059793	5.2869
0.39269	0.078346	5.5034
0.52571	0.099374	5.8027
0.64693	0.12285	6.4758
0.75362	0.14875	10.081
0.84338	0.17701	10.454
0.91421	0.2076	10.641
0.9645	0.24042	10.766
0.99313	0.27538	10.86
0.99946	0.31237	10.936
0.98335	0.35125	11.001
0.94515	0.39185	11.059
0.88572	0.43396	11.111
0.8064	0.47735	11.16
0.70897	0.52176	11.205
0.59562	0.56687	11.249
0.4689	0.61232	11.291
0.33164	0.65773	11.332
0.18693	0.70266	11.371
0.038031	0.74662	11.409
-0.11173	0.78908	11.446
-0.25897	0.82948	11.481
-0.40041	0.8672	11.515
-0.53285	0.9016	11.547
-0.65332	0.93198	11.577
-0.75912	0.95766	11.606
-0.84787	0.97791	11.633
-0.91758	0.99199	11.658
-0.96669	0.99919	11.68
-0.99408	0.99881	11.7
-0.99915	0.99018	11.718
-0.98178	0.97269	11.733
-0.94237	0.9458	11.746
-0.88178	0.90906	11.755
-0.8014	0.86214	11.761
-0.70302	0.80485	11.765
-0.58885	0.73717	11.764
-0.46145	0.65923	11.761
-0.3237	0.57139	11.754
-0.17867	0.47424	11.743
-0.029628	0.36858	11.728
0.12008	0.25549	11.708
0.26709	0.13628	11.684
0.4081	0.012554	11.655
0.53994	-0.11387	11.62
0.65966	-0.2409	11.578
0.76457	-0.36627	11.529
0.8523	-0.48748	11.471
0.92089	-0.60194	11.402
0.96881	-0.70694	11.32
0.99496	-0.79977	11.218
0.99877	-0.87776	11.088
0.98015	-0.93839	10.91
0.93952	-0.97935	10.628
0.87779	-0.99866	9.8135
0.79634	-0.99475	5.7873
0.69701	-0.96655	5.4252
0.58203	-0.91361	5.2314
0.45398	-0.83615	5.1101
0.31573	-0.73512	5.0378
0.17039	-0.6123	5.0077
0.021223	-0.47025	5.0181
0.99425	-0.31235	5.0694
0.97314	-0.14275	5.1457
0.93684	0.033684	5.2706
0.88593	0.21153	5.4775
0.82118	0.3849	5.8951
0.74363	0.54767	10.076
0.65447	0.69366	10.678
0.5551	0.81693	10.933
0.44707	0.91198	11.097
0.33206	0.97408	11.216
0.21187	0.99951	11.306
0.088368	0.98585	11.376
-0.036508	0.93216	11.43
-0.16081	0.83917	11.472
-0.28261	0.7094	11.502
-0.4	0.54723	11.521
-0.51114	0.35875	11.531
-0.61431	0.1517	11.531
-0.7079	-0.06481	11.521
-0.79043	-0.28069	11.502
-0.86064	-0.48528	11.471
-0.91741	-0.66789	11.429
-0.95986	-0.81837	11.375
-0.98734	-0.92773	11.306
-0.99941	-0.98873	11.222
-0.99589	-0.99644	11.121
-0.97682	-0.9487	11.002
-0.94251	-0.84647	10.87
-0.8935	-0.69401	10.742
-0.83054	-0.49883	10.654
-0.75462	-0.27149	10.65
-0.66693	-0.025118	10.733
-0.56883	0.22526	10.863
-0.46185	0.4636	11
-0.34766	0.67386	11.125
-0.22805	0.84109	11.231
-0.10488	0.9526	11.319
0.019922	0.99902	11.389
0.14442	0.9752	11.442
0.26666	0.88086	11.48
0.38474	0.721	11.502
0.49681	0.50578	11.509
0.60114	0.25014	11.502
0.69608	-0.027153	11.478
0.78016	-0.30472	11.437
0.85207	-0.56022	11.376
0.91068	-0.77212	11.291
0.95508	-0.92161	11.174
0.98457	-0.99438	11.013
0.99871	-0.98219	10.778
0.99725	-0.88394	10.375
0.98024	-0.70621	6.7449
0.94793	-0.46314	5.9597
0.90083	-0.17551	5.9181
0.83967	0.13083	6.3187
0.7654	0.42715	10.188
0.6792	0.68456	10.686
0.58239	0.8768	10.945
0.4765	0.98313	11.115
0.36317	0.99073	11.233
0.24418	0.89652	11.316
0.12137	0.70799	11.37
-0.0033306	0.44297	11.399
-0.12798	0.12831	11.407
-0.25063	-0.20268	11.392
-0.36937	-0.51359	11.356
-0.48235	-0.76892	11.297
-0.58779	-0.93822	11.213
-0.68407	-0.99994	11.102
-0.76967	-0.94448	10.969
-0.84327	-0.77592	10.831
-0.9037	-0.51227	10.737
-0.95003	-0.18391	10.748
-0.98154	0.16959	10.861
-0.99773	0.50407	11.013
-0.99835	0.77626	11.159
-0.98339	0.9495	11.281
-0.95308	0.99893	11.378
-0.90791	0.91544	11.448
-0.84856	0.70763	11.495
-0.77598	0.40151	11.519
-0.69128	0.037678	11.521
-0.5958	-0.33378	11.501
-0.49102	-0.66	11.459
-0.37858	-0.89294	11.394
-0.26023	-0.99669	11.306
-0.13782	-0.95336	11.199
-0.013262	-0.76665	11.088
0.11151	-0.46225	10.998
0.23453	-0.084834	10.967
0.3539	0.30807	11.009
0.46774	0.6547	11.098
0.57429	0.89875	11.197
0.67188	0.99884	11.284
0.75898	0.93593	11.348
0.83423	0.71751	11.387
0.89647	0.37744	11.399
0.94472	-0.02866	11.382
0.97823	-0.43215	11.333
0.99647	-0.76278	11.248
0.99916	-0.96106	11.12
-0.6897	-0.98939	10.933
-0.75854	-0.83971	10.736
-0.81981	-0.53624	10.608
-0.87288	-0.1323	10.636
-0.91723	0.29849	10.807
-0.95242	0.67534	11.003
-0.97809	0.92546	11.17
-0.99399	0.9985	11.297
-0.99995	0.87727	11.385
-0.99593	0.58248	11.441
-0.98195	0.17006	11.466
-0.95817	-0.27876	11.46
-0.9248	-0.67311	11.427
-0.8822	-0.93089	11.367
-0.83079	-0.99622	11.286
-0.77107	-0.85231	11.197
-0.70365	-0.52645	11.125
-0.6292	-0.085836	11.108
-0.54846	0.3756	11.154
-0.46224	0.75689	11.238
-0.3714	0.97223	11.327
-0.27686	0.97079	11.401
-0.17954	0.7496	11.449
-0.080434	0.35593	11.469
0.019478	-0.12185	11.457
0.1192	-0.57347	11.414
0.21772	-0.89204	11.338
0.31407	-0.9997	11.231
0.40728	-0.86744	11.103
0.49643	-0.52388	10.987
0.58061	-0.050232	10.941
0.65899	0.43803	10.995
0.73079	0.81895	11.104
0.79529	0.99475	11.212
0.85184	0.91765	11.292
0.89987	0.60392	11.335
0.93892	0.1318	11.339
0.96859	-0.377	11.299
0.98857	-0.78816	11.21
0.99868	-0.99032	11.067
0.99881	-0.92602	10.862
0.98897	-0.60912	10.618
0.96924	-0.12333	10.49
0.93982	0.39877	10.636
0.90102	0.81138	10.872
0.85321	0.99635	11.062
0.79688	0.89786	11.186
0.73259	0.54048	11.252
0.66097	0.024615	11.263
0.58275	-0.50059	11.221
0.49871	-0.87992	11.121
0.40969	-0.99827	10.96
0.31657	-0.81662	10.746
0.22029	-0.38627	10.577
0.12181	0.16414	10.641
0.022112	0.66602	10.862
-0.077808	0.9623	11.068
-0.17695	0.95722	11.213
-0.27432	0.64858	11.3
-0.36896	0.1313	11.334
-0.4599	-0.43033	11.319
-0.54625	-0.85415	11.257
-0.62715	-0.9994	11.157
-0.70178	-0.81459	11.044
-0.76939	-0.35734	10.977
-0.82932	0.22183	11.018
-0.88096	0.72794	11.138
-0.9238	0.98701	11.267
-0.95741	0.90674	11.366
-0.98145	0.51098	11.424
-0.99569	-0.065311	11.44
-0.99997	-0.62063	11.416
-0.99427	-0.95693	11.356
-0.97863	-0.9509	11.275
-0.95322	-0.60071	11.203
-0.91828	-0.030142	11.186
-0.87416	0.55354	11.238
-0.82131	0.93415	11.326
-0.76026	0.96719	11.408
-0.6916	0.63625	11.462
-0.61604	0.062778	11.477
-0.53432	-0.53669	11.452
-0.44727	-0.93144	11.39
-0.35574	-0.9659	11.301
-0.26066	-0.62258	11.215
-0.16298	-0.032654	11.178
-0.063663	0.57224	11.214
0.036286	0.95012	11.292
0.13587	0.94612	11.366
0.2341	0.5577	11.408
0.32999	-0.060295	11.406
0.42258	-0.65546	11.357
0.51095	-0.98026	11.261
0.59422	-0.89586	11.13
0.67155	-0.43348	11.015
0.74216	0.21447	10.996
0.80537	0.77276	11.082
0.86052	0.99984	11.194
0.90708	0.79368	11.274
0.94457	0.2399	11.301
0.97263	-0.42124	11.266
0.99097	-0.89765	11.166
0.99941	-0.97464	10.999
0.99786	-0.61349	10.806
0.98634	0.02665	10.73
0.96496	0.6566	10.859
0.93395	0.98685	11.041
0.8936	0.86163	11.17
0.84432	0.3347	11.226
0.78661	-0.35078	11.207
0.72104	-0.87266	11.111
0.096077	-0.98114	10.938
-0.028771	-0.62022	10.747
-0.15317	0.040716	10.73
-0.27518	0.68382	10.911
-0.39289	0.9947	11.109
-0.50448	0.8172	11.244
-0.98755	0.23453	11.31
-0.99997	-0.46672	11.31
-0.98993	-0.93576	11.251
-0.95766	-0.93343	11.157
-0.90388	-0.45644	11.085
-0.8298	0.25551	11.106
-0.73708	0.83781	11.21
-0.62782	0.98725	11.32
-0.50445	0.62179	11.389
-0.36975	-0.071329	11.403
-0.22675	-0.72863	11.361
-0.078663	-0.99998	11.271
0.071195	-0.73649	11.162
0.21945	-0.075314	11.106
0.36279	0.62848	11.149
0.49797	0.99108	11.243
0.62197	0.81019	11.318
0.732	0.18095	11.342
0.82559	-0.55061	11.302
0.90065	-0.97586	11.196
0.95547	-0.85257	11.046
0.98884	-0.24576	10.926
1	0.50277	10.953
0.9887	0.96473	11.082
0.9552	0.87092	11.194
0.90025	0.271	11.242
0.82508	-0.4888	11.211
0.73138	-0.96312	11.098
0.62125	-0.86894	10.925
0.49717	-0.25743	10.795
0.36193	0.5097	10.87
0.21856	0.97175	11.051
0.070279	0.8462	11.192
-0.079579	0.20462	11.255
-0.22765	-0.56396	11.237
-0.37061	-0.98661	11.147
-0.50524	-0.79824	11.026
-0.62853	-0.11135	10.977
-0.7377	0.64707	11.072
-0.83031	0.99879	11.217
-0.90427	0.71715	11.323
0.48329	-0.023133	11.34
0.37037	-0.75029	11.286
0.25167	-0.99443	11.179
0.91403	-0.59305	11.054
0.94996	0.19677	11.013
0.9764	0.85908	11.093
0.99308	0.95516	11.198
0.99984	0.41665	11.254
0.99661	-0.40154	11.233
0.98343	-0.95168	11.126
0.96041	-0.85984	10.953
0.9278	-0.18342	10.823
0.88593	0.61984	10.896
0.83519	0.99891	11.064
0.77612	0.68856	11.179
0.70929	-0.10087	11.203
0.63537	-0.82154	11.131
0.5551	-0.96668	10.975
0.46929	-0.4294	10.819
0.37879	0.41393	10.853
0.2845	0.96353	11.033
0.18737	0.82267	11.178
0.088368	0.087839	11.235
-0.011516	-0.71225	11.198
-0.11128	-0.99449	11.084
-0.20994	-0.54807	10.962
-0.3065	0.30329	10.974
-0.4	0.93162	11.116
-0.4895	0.86719	11.248
-0.57411	0.15319	11.309
-0.65298	-0.67756	11.29
-0.72533	-0.99723	11.208
-0.79043	-0.55895	11.126
-0.84764	0.30759	11.136
-0.89637	0.93943	11.241
-0.93615	0.84674	11.344
-0.96657	0.096348	11.391
0.9629	-0.7307	11.37
0.93997	-0.98611	11.264
0.91176	-0.46447	11.162
-0.65565	0.42625	11.158
-0.61709	0.97915	11.26
-0.57699	0.74927	11.348
-0.53545	-0.083857	11.377
-0.49257	-0.85074	11.335
0.23043	-0.92772	11.235
0.20603	-0.24722	11.154
0.18151	0.63743	11.179
0.15687	0.99796	11.27
0.13213	0.53199	11.333
0.10731	-0.37793	11.33
0.082426	-0.97316	11.252
0.057487	-0.75093	11.14
0.032514	0.10637	11.096
0.007519	0.87486	11.176
-0.01748	0.89808	11.28
-0.042468	0.15121	11.327
-0.06743	-0.72725	11.292
-0.092349	-0.97758	11.193
-0.11721	-0.37791	11.101
-0.142	0.55312	11.127
-0.1667	0.99996	11.237
-0.19129	0.56519	11.319
-0.21577	-0.37141	11.325
-0.24011	-0.97874	11.253
-0.2643	-0.71117	11.151
-0.28833	0.19627	11.124
-0.31217	0.92792	11.213
-0.33582	0.81865	11.312
-0.35927	-0.0372	11.348
-0.38248	-0.86036	11.304
-0.40546	-0.89316	11.209
-0.42818	-0.10035	11.151
-0.45064	0.78692	11.21
-0.47281	0.94147	11.312
-0.49469	0.21396	11.366
-0.51626	-0.71612	11.343
-0.53751	-0.97043	11.259
-0.55842	-0.30326	11.19
-0.57898	0.65432	11.224
-0.59918	0.98619	11.32
-0.61901	0.36905	11.383
-0.63845	-0.60594	11.372
-0.65749	-0.99378	11.299
-0.67612	-0.41253	11.228
-0.69432	0.57388	11.249
-0.7121	0.99685	11.338
-0.72942	0.43484	11.401
-0.7463	-0.55981	11.396
-0.7627	-0.99756	11.329
-0.77863	-0.43665	11.261
-0.79407	0.56438	11.278
-0.80902	0.99656	11.361
-0.82346	0.41802	11.421
-0.83738	-0.58739	11.415
-0.85079	-0.99297	11.349
-0.86366	-0.37837	11.287
-0.87599	0.6277	11.309
-0.88777	0.98439	11.388
-0.899	0.31664	11.441
-0.90967	-0.68309	11.427
-0.91976	-0.96693	11.36
-0.92929	-0.2316	11.308
1	0.74995	11.333
1	0.9354	11.379
1	0.12233	11.391
1	-0.82297	11.331
1	-0.88347	11.213
1	0.011071	11.13
1	0.89475	11.176
1	0.80426	11.258
1	-0.16662	11.27
1	-0.95561	11.18
1	-0.69111	11.03
1	0.33946	10.985
1	0.99367	11.099
1	0.53878	11.194
1	-0.5209	11.178
1	-0.99535	11.042
1	-0.3451	10.886
1	0.69763	10.933
1	0.94661	11.091
1	0.11284	11.16
1	-0.85153	11.088
1	-0.83504	10.907
1	0.14825	10.814
1	0.96037	10.968
1	0.65278	11.111
1	-0.41987	11.117
1	-0.99995	10.976
1	-0.40013	10.787
1	0.6746	10.845
1	0.9479	11.038
1	0.089341	11.118
1	-0.87728	11.039
1	-0.78907	10.839
1	0.25259	10.762
1	0.98903	10.952
1	0.52217	11.094
1	-0.58331	11.079
1	-0.97441	10.908
1	-0.1661	10.737
1	0.84835	10.867
1	0.81137	11.055
1	-0.23602	11.096
1	-0.98947	10.97
1	-0.50231	10.762
1	0.61787	10.801
1	0.95823	11.01
1	0.083331	11.099
1	-0.89853	11.015
1	-0.73308	10.807
1	0.37281	10.763
1	0.99983	10.968
1	0.33565	11.093
1	-0.7644	11.045
1	-0.87067	10.85
1	0.16017	10.742
1	0.98201	10.93
1	0.5127	11.081
1	-0.63394	11.061
1	-0.94164	10.879
1	0.0025258	10.737
1	0.94416	10.904
1	0.62219	11.071
1	-0.53626	11.07
1	-0.97245	10.901
1	-0.092845	10.741
1	0.91362	10.89
1	0.67569	11.065
1	-0.4866	11.074
1	-0.982	10.911
1	-0.12532	10.748
1	-0.3576	10.783
1	0.76133	10.734
1	0.92774	10.742
1	-0.19529	10.797
1	-0.053442	10.831
1	-0.67074	10.803
1	-0.95478	10.816
-1	0.35103	10.883
-1	-0.61957	10.934
-1	0.78534	11.019
-1	0.70127	11.067
-1	-0.33428	11.146
-1	0.67071	11.215
-1	-0.45815	11.218
-1	-0.45438	11.218
-1	-0.34816	11.202
-1	-0.52523	11.226
-1	-0.65113	11.25
-1	-0.94613	11.28
-1	-0.53522	11.306
-1	0.55609	11.301
-1	-0.18996	11.276
-1	0.25623	11.282
-1	-0.70879	11.299
-1	0.67327	11.304
-1	0.54124	11.323
-1	0.97738	11.346
-1	0.4362	11.366
-1	-0.57685	11.373
-1	-0.37507	11.368
-1	-0.76713	11.361
-1	-0.090316	11.372
-1	0.9449	11.395
-1	0.13348	11.405
-1	0.37027	11.388
-1	-0.47774	11.383
-1	-0.75297	11.371
-1	-0.74005	11.385
-1	0.92359	11.398
-1	0.062378	11.42
-1	0.054206	11.418
-1	0.53064	11.417
-1	0.16111	11.419
-1	-0.20475	11.434
-1	0.51763	11.444
-1	0.81182	11.435
-1	0.99275	11.425
-1	0.26796	11.414
-1	-0.48767	11.4
-1	-0.99745	11.381
-1	0.081857	11.4
-1	0.29054	11.417
-1	0.28089	11.424
-1	-0.82317	11.434
-1	0.62041	11.453
-1	0.53088	11.459
-1	0.050874	11.442
-1	-0.14443	11.444
-1	-0.2209	11.445
-1	0.93016	11.431
-1	0.15012	11.438
-1	-0.8791	11.437
-1	-0.30837	11.443
-1	-0.83568	11.447
-1	0.80994	11.454
-1	-0.91144	11.444
-1	0.25893	11.433
-1	0.22413	11.445
-1	-0.86881	11.451
-1	-0.0059373	11.448
-1	0.0054977	11.428
-1	0.77425	11.448
-1	-0.78752	11.442
-1	0.013981	11.435
-1	0.20595	11.435
-1	0.22501	11.427
-1	0.38495	11.442
-1	-0.75691	11.439
-1	-0.22422	11.427
-1	0.95736	11.413
-1	0.24818	11.419
-1	0.58632	11.421
-1	0.33967	11.428
-1	0.36609	11.429
-1	-0.99396	11.449
-1	-0.23525	11.438
-1	-0.0080761	11.447
-1	0.44874	11.436
-1	-0.55847	11.443
-1	0.99552	11.467
-1	0.3846	11.455
-1	0.51004	11.463
-1	-0.57932	11.452
-1	-0.14998	11.444
-1	0.97698	11.433
-1	-0.84155	11.402
-1	-0.32751	11.423
-1	0.08269	11.419
-1	0.34655	11.431
-1	0.80278	11.434
-1	-0.47588	11.455
-1	0.84178	11.458
-1	0.25165	11.44
-1	0.47525	11.445
-1	-0.28151	11.444
-1	0.16311	11.462
-1	0.35193	11.463
-1	-0.235	11.47
-1	0.83197	11.442
-1	-0.8945	11.436
-1	-0.24404	11.425
-1	-0.88124	11.425
-1	0.94043	11.443
-1	-0.90278	11.438
-1	0.15044	11.46
-1	0.33733	11.448
-1	-0.073938	11.433
-1	0.036404	11.429
1	0.1788	11.44
-1	0.31041	11.432
-1	-0.11831	11.439
-1	-0.8841	11.442
-1	-0.98373	11.428
-1	-0.3327	11.433
-1	0.78391	11.43
-1	-0.15032	11.436
-1	-0.23872	11.417
-1	-0.52043	11.412
-1	0.40927	11.392
-1	-0.29798	11.389
-1	-0.029961	11.404
-1	-0.95981	11.409
-1	-0.27639	11.429
1	-0.67892	11.414
1	-0.39605	11.369
1	0.54758	11.331
1	0.69488	11.309
1	0.41624	11.283
1	0.025482	11.27
1	-0.65932	11.264
1	-0.53788	11.251
1	-0.63714	11.205
1	-0.62428	11.174
1	0.50557	11.151
1	-0.35591	11.112
1	-0.033218	11.093
1	0.14133	11.078
1	-0.5781	10.996
1	-0.1154	10.941
1	-0.64314	10.91
1	0.096572	10.889
1	-0.13218	10.865
1	0.54329	10.898
1	-0.53161	10.833
1	0.74203	10.788
1	-0.40775	10.803
1	-0.097447	10.805
1	0.49001	10.856
1	-0.01378	10.804
1	0.29285	10.802
1	-0.18477	10.75
1	0.25656	10.76
1	-0.91822	10.65
1	0.40432	10.76
1	-0.36262	10.723
1	0.6727	10.709
1	-0.62721	10.755
1	-0.78941	10.823
1	-0.69633	10.727
1	-0.96235	10.723
1	0.55464	10.701
1	0.99141	10.765
1	0.47667	10.853
1	-0.37828	10.838
1	0.46033	10.857
-1	0.15654	10.965
-1	0.82887	11.059
-1	-0.089258	11.083
-1	0.34699	11.12
-1	-0.9081	11.167
-1	0.81756	11.206
-1	0.85069	11.222
-1	0.70466	11.242
-1	0.60965	11.247
-1	0.63465	11.254
-1	0.3642	11.273
-1	-0.8761	11.273
-1	0.48534	11.304
-1	-0.54038	11.318
-1	0.18377	11.317
-1	-0.5165	11.313
-1	0.6616	11.31
-1	-0.97108	11.331
-1	-0.80985	11.346
-1	0.33866	11.366
-1	0.50961	11.373
-1	0.93001	11.4
-1	-0.60243	11.399
-1	-0.095377	11.403
-1	-0.19933	11.391
-1	-0.34702	11.391
-1	0.94939	11.4
-1	-0.1958	11.42
-1	0.56955	11.418
-1	0.26378	11.445
-1	-0.14345	11.435
-1	0.25566	11.426
-1	0.30489	11.423
-1	-0.48856	11.434
-1	-0.97632	11.428
-1	-0.20956	11.409
-1	-0.61521	11.415
-1	-0.14809	11.42
-1	0.33162	11.422
-1	0.56051	11.432
-1	0.42389	11.447
-1	0.44995	11.444
1	0.74028	11.434
1	-0.40037	11.407
1	0.20562	11.4
1	-0.50958	11.387
1	0.27241	11.349
1	0.5099	11.32
1	0.86822	11.309
1	0.68164	11.265
1	0.93173	11.277
1	0.57551	11.264
1	0.0063658	11.277
1	-0.70486	11.259
1	0.8159	11.251
1	-0.42507	11.228
1	0.73839	11.195
1	-0.24053	11.194
1	-0.63487	11.105
1	0.0514	11.085
1	-0.08439	11.113
1	-0.5675	11.076
1	-0.21502	11.057
1	-0.10101	11.028
1	0.75269	11.022
1	-0.47642	10.992
1	0.10361	10.935
1	-0.87028	10.933
1	0.52846	10.92
1	-0.18339	10.856
1	0.71634	10.917
1	0.12565	10.928
1	-0.26158	10.908
1	-0.98954	10.923
1	-0.43433	10.959
1	0.91777	10.965
1	-0.72501	11.002
1	-0.59097	11.032
1	0.60636	11.011
1	-0.42901	10.998
1	-0.27036	10.961
1	-0.96172	10.923
1	-0.51022	10.861
1	-0.092023	10.821
-1	-0.91834	10.866
-1	-0.86919	10.985
-1	-0.02508	11.032
-1	0.081296	11.128
-1	0.37205	11.146
-1	-0.74173	11.172
-1	-0.3467	11.188
-1	0.47834	11.199
-1	0.57086	11.234
-1	0.42986	11.266
-1	-0.87939	11.258
-1	0.75299	11.257
-1	-0.35929	11.281
-1	0.55423	11.329
-1	-0.32823	11.333
-1	0.93344	11.374
-1	-0.60568	11.377
-1	-0.67419	11.385
-1	-0.67385	11.376
-1	-0.91366	11.396
-1	-0.40909	11.391
-1	0.032582	11.407
-1	0.072696	11.383
-1	-0.12778	11.35
-1	0.35152	11.364
-1	-0.88066	11.364
-1	0.19343	11.38
-1	-0.99528	11.386
-1	0.26217	11.41
-1	0.20742	11.419
-1	-0.71133	11.399
-1	0.78152	11.415
-1	0.75935	11.439
-1	0.38955	11.448
-1	0.52475	11.456
-1	-0.98601	11.443
-1	0.56614	11.445
-1	-0.16713	11.437
-1	-0.9263	11.43
-1	0.27575	11.428
-1	0.46705	11.429
-1	-0.4518	11.424
1	0.69249	11.412
1	0.78991	11.394
1	-0.38236	11.363
1	-0.077772	11.34
1	-0.22386	11.31
1	0.12559	11.315
1	-0.26329	11.278
1	-0.57849	11.271
1	0.61919	11.214
1	-0.62579	11.208
1	0.60202	11.207
1	0.22266	11.183
1	0.025303	11.19
1	-0.14968	11.15
1	0.20369	11.151
1	0.24816	11.143
1	0.077505	11.126
1	0.4608	11.11
1	0.4248	11.105
1	-0.17364	11.097
1	-0.77867	11.101
1	0.14162	11.088
1	0.88485	11.036
1	-0.78366	11.03
1	-0.73864	10.995
1	0.86689	10.974
1	-0.8215	10.928
1	-0.74642	10.898
1	0.59071	10.94
1	0.70233	10.96
1	-0.2566	10.978
1	-0.43155	10.961
1	0.18181	10.992
1	0.78687	10.925
1	-0.18192	10.943
1	-0.25646	10.908
1	-0.25731	10.939
1	-0.031556	10.996
1	-0.47946	10.997
1	-0.53357	11.014
1	0.77797	11.06
1	-0.19109	11.002
-1	-0.80596	11.063
-1	0.053343	11.104
-1	0.4886	11.123
-1	-0.81979	11.128
-1	-0.50248	11.141
-1	-0.14202	11.17
-1	0.90043	11.17
-1	0.69918	11.197
-1	-0.97566	11.233
-1	-0.54885	11.243
-1	-0.77814	11.227
-1	0.041071	11.238
-1	0.046405	11.244
-1	0.82757	11.278
-1	-0.59022	11.257
-1	-0.76431	11.269
-1	-0.78201	11.275
-1	-0.25249	11.299
-1	-0.62508	11.309
-1	0.62744	11.318
-1	-0.2214	11.306
-1	-0.074811	11.34
-1	0.89778	11.366
-1	0.23602	11.352
-1	-0.60184	11.377
-1	-0.18171	11.393
-1	0.98106	11.408
-1	-0.95748	11.429
-1	0.22671	11.424
-1	0.96466	11.429
-1	0.20586	11.424
-1	-0.22445	11.406
-1	-0.044489	11.405
-1	-0.70328	11.384
-1	-0.99718	11.369
-1	0.64374	11.375
-1	-0.45649	11.37
-1	0.44275	11.388
-1	-0.36458	11.379
-1	-0.99512	11.362
-1	0.3597	11.374
1	-0.26628	11.382
1	0.55719	11.347
1	0.9858	11.343
1	-0.86508	11.311
1	0.23575	11.286
1	0.90615	11.242
1	-0.65214	11.192
1	0.075791	11.202
1	-0.43292	11.146
1	-0.089274	11.112
1	-0.85168	11.085
1	-0.85268	11.046
1	-0.99844	10.998
1	-0.44342	10.984
1	-0.98538	10.927
1	-0.0062393	10.96
1	-0.41084	10.959
1	-0.5768	10.898
1	0.53101	10.887
1	0.35454	10.876
1	-0.92515	10.899
1	-0.94718	10.909
1	0.89982	10.891
1	0.52343	10.941
1	-0.36775	10.928
1	0.40917	10.943
1	0.122	10.979
1	0.68205	11.01
1	-0.31579	10.957
1	0.023432	10.965
1	-0.93341	10.978
1	0.85983	10.932
1	-0.37921	10.937
1	0.46828	10.977
1	0.98724	11.021
1	-0.61386	10.962
1	-0.019069	11.01
1	0.18411	10.976
1	-0.98894	10.945
1	0.96352	10.949
1	0.079617	10.93
1	-0.26945	10.907
-1	0.70157	10.962
-1	-0.89675	11.036
-1	0.54171	11.125
-1	-0.2258	11.171
-1	-0.17881	11.192
-1	-0.27611	11.206
-1	-0.030424	11.22
-1	-0.72045	11.231
-1	0.17132	11.218
-1	-0.10579	11.204
-1	0.040993	11.213
-1	-0.49025	11.233
-1	0.71265	11.266
-1	-0.79109	11.275
-1	0.053738	11.275
-1	-0.86692	11.286
-1	-0.61491	11.295
-1	-0.45926	11.281
-1	0.40376	11.287
-1	0.023464	11.293
-1	0.9172	11.304
-1	0.97949	11.338
-1	0.80752	11.353
-1	-0.20328	11.363
-1	0.46657	11.349
-1	0.14168	11.347
-1	0.87959	11.354
-1	-0.59603	11.368
-1	-0.84903	11.374
-1	-0.34617	11.39
-1	0.16223	11.398
-1	-0.87556	11.406
-1	0.45578	11.412
-1	-0.80897	11.413
-1	0.70105	11.426
-1	-0.096892	11.445
-1	-0.26996	11.443
-1	-0.41429	11.452
-1	-0.87595	11.44
-1	0.14016	11.443
-1	0.55751	11.449
-1	-0.15715	11.446
1	-0.7212	11.447
1	0.45211	11.419
1	-0.62161	11.377
1	-0.72679	11.351
1	0.52185	11.337
1	0.35385	11.307
1	-0.56307	11.275
1	0.50091	11.25
1	-0.9246	11.206
1	-0.59677	11.179
1	0.34029	11.125
1	-0.76543	11.106
1	0.57848	11.096
1	-0.78682	11.06
1	0.086284	11.054
1	0.6894	11.064
1	-0.23971	11.106
1	-0.13469	11.099
1	0.11279	11.085
1	-0.90992	11.023
1	0.039238	11.02
1	-0.2185	10.992
1	-0.45959	10.956
1	-0.90353	10.934
1	0.78702	10.936
1	-0.75812	10.895
1	-0.32661	10.944
1	0.076854	10.948
1	0.53614	10.979
1	0.66399	11.018
1	0.75854	11.003
1	0.38354	11.004
