   2.8551340e-01  -6.5932284e-01   7.2193369e-01   6.4451370e+00
  -6.6329147e-01  -3.1570890e-01   1.2743172e-01   9.5698833e+00
  -5.7965142e-01  -8.0739596e-02  -4.8112224e-02   9.5698833e+00
  -1.9942606e-01   3.9025782e-01  -3.7137330e-01   9.5698833e+00
  -9.9762836e-01  -2.2401184e-01  -9.0283151e-01   9.5698833e+00
   1.7496109e-01   7.3650945e-01   5.4724625e-01   4.0950656e+00
  -6.7637464e-01  -2.9801428e-01  -9.2834354e-01   9.5698833e+00
   2.6464689e-02   4.6429966e-01  -2.2341707e-02   7.7855775e+00
   6.6311085e-02  -9.8048044e-01  -4.2456903e-02   6.4564747e+00
   5.4403011e-01  -7.1866530e-02   1.4957183e-02   6.4088710e+00
  -2.1312906e-01   8.6381670e-01   4.0355552e-02   4.0950741e+00
  -7.8213644e-01   4.9958588e-01  -3.9876305e-01   9.5698833e+00
   3.9868123e-01   5.7325533e-01  -8.2118873e-02   9.5680918e+00
  -4.6333026e-02   1.6427138e-01  -1.0937786e-01   9.5698833e+00
   8.8251458e-01   9.8599255e-01   3.4907247e-01   9.5680610e+00
  -6.9451184e-01   7.2121203e-01  -3.7849351e-01   9.5698833e+00
  -9.6257957e-01  -9.2840507e-01  -6.2148332e-01   9.5698833e+00
   6.0324116e-01  -4.1969229e-01  -6.5606006e-01   6.5090404e+00
  -7.9138236e-01  -9.0964416e-01  -9.8813879e-01   9.5698833e+00
  -5.3782780e-03   2.6204080e-01   9.2964937e-01  -3.1424855e-01
  -9.2714112e-01   3.1734398e-01  -7.5261047e-01   9.5698833e+00
  -5.8746278e-03   8.2986824e-02  -3.7188096e-01   9.5698833e+00
   7.0865312e-01  -9.5565604e-01  -5.2917991e-01   6.4865447e+00
  -8.2986816e-01  -4.8126070e-01  -3.0441718e-01   9.5698833e+00
  -2.8493936e-01  -5.7276021e-01  -5.4330231e-01   9.5698833e+00
  -1.5082672e-01  -3.8559590e-01   6.3639114e-01   6.4568964e+00
  -9.8543363e-01   2.9697498e-03  -2.3071847e-01   9.5698833e+00
   2.7146449e-01   4.0772687e-01   5.6688819e-01   6.4439729e+00
  -3.3041137e-01   6.2716507e-01  -2.5456795e-01   4.0950741e+00
  -4.3577381e-01   5.5831296e-01  -1.6281045e-01   6.5655224e+00
  -4.0012760e-01  -6.5077825e-01   4.1751771e-01   6.4569232e+00
  -5.6448466e-01   3.4482496e-01   9.7982995e-01   8.1697133e-02
  -1.4663214e-01   8.0287146e-01   3.6447728e-01   4.0950737e+00
  -7.9567476e-01  -2.2406264e-02   7.1583259e-01   9.5698833e+00
   6.3893389e-02   9.9945879e-01  -4.3089172e-02   4.0950742e+00
   9.8533387e-02   2.7740598e-01  -9.0531836e-01   9.5698833e+00
   3.2431422e-02   6.1012958e-01   1.3225808e-01   4.0950657e+00
   7.4281129e-02  -7.4717306e-01  -5.3395596e-01   6.4564745e+00
   1.5221340e-01   8.7830728e-01   5.6235048e-01   4.0950656e+00
   1.0934142e-01  -2.3253784e-01  -7.1254091e-01   9.5698833e+00
   9.2712645e-01   3.0517773e-01   1.1021292e-01   6.4088668e+00
   5.2483763e-01  -5.8016416e-01  -1.9454740e-01   6.4578450e+00
   3.0540773e-01  -7.5769275e-01   4.0596516e-03   6.4564747e+00
  -2.7556452e-01  -5.0053031e-01   7.5427343e-01   6.4569233e+00
  -4.7859615e-01  -7.3090941e-01   7.2340429e-01   6.4569233e+00
   9.1990800e-01  -6.9707728e-01   4.3808869e-02   6.5090402e+00
   4.8078909e-01  -3.3882596e-02   4.7765901e-01   6.4088128e+00
  -6.8333979e-01  -6.6932721e-02   2.4416314e-01   9.5698833e+00
  -5.2688234e-01   4.7301024e-01   1.9486861e-01   6.5655224e+00
   4.3752890e-02   1.7447602e-01   2.6767112e-01   8.1167361e-02
  -6.8092236e-01  -3.3737227e-01  -2.6868347e-01   9.5698833e+00
   7.1034483e-01  -1.4462843e-01   2.0424345e-01   6.4088668e+00
   4.3778172e-01  -9.1651715e-01  -2.3880537e-01   6.4564747e+00
   1.9860581e-01  -4.3071953e-01  -6.4135855e-01   6.4572644e+00
  -2.4567629e-01  -3.9619907e-01  -3.5509837e-01   9.5698833e+00
   5.5276022e-02  -8.6336951e-01  -5.2348679e-01   6.4564746e+00
  -4.2476060e-01  -5.2976237e-02   9.9913619e-01  -3.1424855e-01
   7.3914078e-01  -4.0300589e-01   5.0492878e-01   6.4054203e+00
   2.5700636e-02  -5.5787268e-02   4.5404185e-01  -3.1424855e-01
  -7.5682771e-01  -6.5846144e-01  -6.3154176e-01   9.5698833e+00
  -7.2681977e-01   5.5953461e-01   7.4886101e-01   6.5655224e+00
   5.4702652e-01   9.9594175e-01   4.5059002e-01   4.4607429e+00
   9.2488660e-01   2.5287326e-01  -2.0149586e-01   6.4088668e+00
   3.2120993e-01  -7.6075477e-01  -3.4674870e-01   6.4564747e+00
  -1.6441151e-01  -3.4334034e-01  -2.9065243e-01   9.5698833e+00
  -5.2136382e-01   6.6572546e-01  -6.5612342e-01   9.5698833e+00
   6.9723599e-01   9.2388774e-01   4.9622914e-01   9.5680833e+00
  -4.2959536e-01  -7.1688952e-01   5.4351562e-01   6.4569233e+00
   3.4081868e-01  -3.6776701e-01  -4.2185245e-02   6.4565454e+00
   6.8700553e-01  -7.6913003e-01   6.6002019e-01   8.0278009e-02
   1.6821961e-01   3.8550616e-02   1.3266402e-01  -3.1380932e-01
  -8.6594741e-01  -2.0885357e-01   8.5615627e-01   9.5698833e+00
   1.1276170e-02   3.1385148e-01  -2.1798746e-01   9.5698578e+00
   2.3174661e-02   3.0691457e-01  -2.7091224e-01   9.5698831e+00
  -7.0407170e-01   2.1921917e-01  -7.9042312e-01   9.5698833e+00
   4.9305680e-01  -3.7282965e-01  -7.6081601e-01   6.5090406e+00
   8.5068535e-01  -2.0912087e-01  -4.8525327e-01   6.5090351e+00
  -6.9518914e-01  -4.5245011e-01  -3.6546727e-01   9.5698833e+00
  -2.8589064e-01  -7.9477704e-01  -1.2556728e-01   6.4561910e+00
  -4.2843609e-01  -8.5349431e-01  -5.2083479e-01   9.5698833e+00
   1.0914895e-01   3.4314166e-01   7.1175379e-01  -3.1425046e-01
  -1.8539251e-01   3.6597198e-01  -3.9742260e-01   9.5698833e+00
   8.3687731e-01   8.0879500e-01  -5.7843129e-01   9.5680918e+00
  -1.7749461e-01  -5.5211046e-01   7.6384723e-01   6.4569233e+00
  -3.3414897e-01  -2.8870327e-01  -1.2034995e-01   9.5698833e+00
   4.2430824e-01  -6.6043469e-01   1.6345814e-01   6.4564747e+00
  -3.3781521e-01   7.5813115e-01   8.7101696e-01   8.1097516e-02
   8.3142955e-02  -3.6899008e-01  -6.6479789e-01   9.5698833e+00
  -5.4640119e-01  -1.3109376e-01   8.4640218e-01  -3.1003468e-01
   3.7869844e-01   1.9053224e-01  -6.5829109e-01   9.5698833e+00
  -7.9478591e-01  -7.1710448e-01   8.7472187e-01   6.4566758e+00
  -2.7552446e-01   7.1660791e-01  -5.1994859e-01   9.5698833e+00
  -9.3306967e-01   3.8923850e-01  -9.7884601e-03   9.5698833e+00
   8.8397111e-01  -2.0021550e-01   7.0009153e-01   6.4088668e+00
  -1.1930925e-01   6.2603979e-01  -3.6874034e-01   9.5698832e+00
  -6.3706742e-01   6.2234063e-01  -8.9170755e-01   9.5698833e+00
   7.3410695e-01   7.4061986e-02   2.3096647e-01   6.4088668e+00
   1.6329202e-01  -8.4017902e-01   1.4827077e-01   6.4564747e+00
  -8.9505331e-01   8.4690910e-01  -6.3717178e-01   9.5698833e+00
   7.7420100e-01   4.4107493e-01  -6.5420086e-01   9.5680918e+00
  -8.8028773e-01  -6.5173845e-01   7.5373561e-01   6.4467064e+00
   8.1728445e-01  -9.7181830e-01   3.0062611e-01   6.4564747e+00
   5.9809247e-02  -7.7498647e-01   3.8298423e-02   6.4564747e+00
  -1.6340081e-01   4.0649605e-01   3.7815081e-01   8.1094976e-02
  -2.0794523e-01   8.2544099e-01   3.1142363e-01   4.0950741e+00
   8.3991006e-01  -6.5430565e-01   4.3575110e-01  -3.1390493e-01
   5.9099816e-01  -1.1970527e-01   5.6683138e-01   6.4088344e+00
   5.9496336e-01  -4.1467845e-01   3.2722183e-01  -1.7163700e-01
  -4.9144193e-01  -7.5498465e-01  -8.2007805e-01   9.5698833e+00
   4.2795881e-01  -7.1443944e-01  -2.4508546e-01   6.4564747e+00
  -2.4443468e-01  -1.5578065e-02   3.4714281e-01   6.4460286e+00
   2.4928906e-01  -9.8405190e-01  -5.3689411e-01   6.4564747e+00
  -3.3002662e-01  -4.5331566e-02  -7.1815058e-01   9.5698833e+00
   3.3442035e-02  -1.1648547e-01   7.0667648e-01  -3.1424855e-01
   7.0711120e-01   6.6557065e-01   4.5862677e-01   6.4091880e+00
   7.7023501e-02   9.9863875e-02  -3.4258506e-01   9.5698833e+00
   8.3299348e-01   2.6896068e-01  -8.3951507e-01   9.5697722e+00
   7.4780061e-01   6.7562751e-01   4.8998217e-01   6.4088752e+00
  -8.6333819e-02  -5.0933442e-01   4.2415772e-01   6.4569233e+00
  -1.4979321e-01  -4.4832821e-01  -1.2210070e-01   6.4564676e+00
  -1.2259985e-01   6.3512672e-01  -5.8148159e-01   9.5698833e+00
  -4.8279235e-01  -6.6142556e-01   7.6995771e-01   6.4569233e+00
  -9.7381491e-01   9.3976172e-01   8.8145062e-01   6.5655224e+00
   8.5692945e-01  -4.7410754e-01  -5.0507787e-01   6.5090404e+00
   4.8360734e-01  -7.9147398e-01   2.0510887e-01   6.4564747e+00
   6.4022502e-03  -8.5269222e-02   2.7189757e-01  -3.1422288e-01
  -9.4886360e-01  -4.3422555e-01  -8.9909154e-01   9.5698833e+00
   5.1646426e-01  -1.6772704e-01   1.7299662e-01   6.4088686e+00
  -3.8376308e-01  -9.6982496e-01   1.8166262e-01   6.4569229e+00
  -8.7427534e-01  -9.1677671e-03  -2.3437662e-01   9.5698833e+00
  -6.8068051e-01   8.2974439e-01   8.0022865e-01   6.5655224e+00
   8.3796009e-01  -9.9506551e-01   3.6393567e-01   6.4564747e+00
  -2.2065569e-01   6.9592152e-01   6.8389641e-01   8.1097311e-02
  -6.1797508e-01   5.2584056e-01   7.4140629e-01   6.5655224e+00
   4.9167059e-01   2.3265550e-01   2.3628578e-02   6.4127137e+00
  -9.4066524e-02  -9.8710289e-01  -8.1691689e-01   1.1566963e+01
   8.3232932e-01  -9.3849192e-01   5.2659706e-01   6.4564724e+00
  -5.9741914e-01  -4.9806072e-01   1.3752242e-01   9.5698833e+00
   7.2247738e-01   7.1641871e-01   3.5217123e-02   9.5680917e+00
   5.5110861e-01  -1.3640542e-01   9.0786083e-01  -3.1424966e-01
  -8.5636849e-01   5.4307833e-01   4.7490161e-01   6.5655224e+00
  -5.4315445e-01  -2.6686842e-01  -1.7037806e-01   9.5698833e+00
  -9.4468878e-01   4.1668311e-01   8.4182025e-01   6.5655224e+00
   9.7082826e-01  -5.3318976e-01   2.3897458e-01   6.4089143e+00
   3.7416470e-01  -4.3777286e-01   1.0934749e-01   6.4564747e+00
  -6.9103567e-01   5.1733321e-01  -8.6042616e-01   9.5698833e+00
   3.8614096e-01  -7.9759229e-01   6.5292395e-01   6.4565011e+00
   3.5637121e-01  -2.0707085e-01  -8.6724289e-01   9.5698833e+00
   9.4508337e-01  -4.4805393e-01  -1.4088581e-01   6.5050723e+00
   6.0664574e-01   3.3628561e-01   6.7669405e-01   6.4388755e+00
  -8.5359665e-01  -1.2244198e-02  -3.1811025e-01   9.5698833e+00
   9.5817135e-01  -6.9784863e-01  -6.1919411e-01   6.5090404e+00
   1.5380159e-01  -5.4834216e-01   7.0601447e-01   6.4024634e-02
  -5.1451426e-02  -1.6217794e-01  -8.7144967e-01   9.5698833e+00
  -5.8635823e-01   5.7292942e-01  -2.9023045e-01   9.5698833e+00
   6.8527494e-01  -1.9989189e-02   8.2901249e-02   6.4088668e+00
   2.1024505e-01   7.5278400e-01  -5.8193017e-01   9.5698832e+00
  -3.3670428e-01  -4.9994796e-01   9.8850192e-01   6.4541408e+00
   4.0494157e-01  -5.6054196e-01  -4.2735410e-01   6.4573004e+00
   2.5466589e-01   6.1281258e-02   7.4996335e-01  -3.1424855e-01
  -5.1656406e-01  -8.5584498e-01  -2.6096538e-01   6.4468956e+00
   1.9614993e-01  -1.6667816e-01  -2.1989114e-01   6.4613826e+00
   8.0127039e-01   6.2869365e-01  -5.5632649e-01   9.5680918e+00
   4.6286312e-01   8.6506648e-01  -4.7252776e-01   9.5680928e+00
   2.6785031e-01   9.0682940e-01   7.1751683e-01   4.0950656e+00
  -5.9082294e-01   6.1190379e-02  -9.6264085e-01   9.5698833e+00
  -8.0762046e-01  -9.9111583e-01   4.3605396e-01   6.4467100e+00
   1.4962695e-01  -3.0500708e-01  -6.4836115e-01   9.5698833e+00
  -3.7090808e-01  -6.5147816e-01  -2.6307392e-01   9.5698831e+00
   7.6997567e-01   5.2420110e-03   6.7907149e-01   6.4088668e+00
  -3.7258191e-02   3.1694591e-01   6.7758635e-01   8.1028907e-02
  -3.2346271e-01  -9.8689906e-01   9.8711527e-01   6.4569233e+00
  -2.1231437e-01   2.6233903e-01   3.1157144e-01   8.1162143e-02
   3.0751484e-01  -4.3036249e-01  -4.0448096e-01   6.4572687e+00
  -4.7711272e-01  -9.1073138e-01  -9.2285787e-01   9.5698833e+00
   9.2529243e-01  -4.9113250e-01   1.2244353e-01   6.4241908e+00
   5.8133267e-01   3.3679600e-02   3.6222533e-01   6.4088668e+00
  -8.0006639e-01  -6.7731135e-02   6.8936068e-01   9.5698833e+00
   1.1360707e-01   6.2928922e-01   9.3128946e-01   4.0950653e+00
  -1.6881977e-01  -1.9932343e-01   8.7537697e-01  -3.1424855e-01
  -4.6817088e-01  -4.1173814e-01   2.2406803e-01   9.5698833e+00
  -7.8271660e-02   3.5171040e-01   8.3535088e-01   8.0738302e-02
  -5.9720069e-01  -8.5830300e-01   4.9071931e-01   6.4568893e+00
   3.9493056e-01   6.9492084e-01  -1.0268455e-01   9.5680918e+00
  -9.5297053e-01  -3.4930141e-01  -7.9803832e-01   9.5698833e+00
  -6.5165637e-01  -9.6875403e-01  -2.3592371e-01   6.4467576e+00
   2.7270882e-01  -2.3929853e-01  -6.7513643e-01   9.5698833e+00
   3.0523934e-01   4.3279362e-01  -2.9540575e-01   9.5680919e+00
   4.7445938e-01   1.9540412e-01   3.1228420e-01   6.4088668e+00
   3.4271502e-01  -6.9059145e-01  -1.8884243e-01   6.4564747e+00
  -9.1434861e-01   7.0375003e-01   5.5755642e-01   6.5655224e+00
   9.8791986e-01   5.4539767e-01  -7.8439637e-01   9.5680918e+00
  -4.0205224e-01   1.3141909e-01   9.0320066e-01   8.1059980e-02
   6.1334315e-01   7.0058852e-01  -5.8388168e-01   9.5680918e+00
  -6.3537006e-01   6.3856698e-01   9.5059752e-01   6.5655224e+00
  -5.5913965e-02   5.5609517e-01   8.7620461e-03   4.0950742e+00
   2.3643056e-02  -5.4932515e-01   1.4256480e-02   6.4564747e+00
   8.5686587e-01   2.9083158e-01   7.0663264e-01   6.4088668e+00
   1.0709338e-01  -8.7773290e-01  -9.1557997e-01   6.4562614e+00
   3.9770950e-02   8.0089505e-01  -4.5612469e-01   9.5698832e+00
  -2.2548221e-01  -4.1758212e-01   3.3445978e-01   6.4569233e+00
  -6.1572819e-01   4.3009448e-02   9.1300703e-01   8.2867231e-02
  -1.2855623e-01   1.9226485e-01   9.5499882e-01  -3.1424854e-01
  -5.0340047e-01  -6.6251418e-01   2.4152654e-01   6.4500925e+00
  -1.0135827e-01   6.4834940e-01   5.3278527e-01   4.0950646e+00
   8.5159511e-01  -2.4688134e-01  -3.8830915e-01   6.5089339e+00
  -2.9402238e-01  -2.7381075e-01  -1.9497788e-01   9.5698833e+00
   9.8912501e-01  -3.7755940e-02   6.9061442e-02   6.4088668e+00
   5.5772003e-01  -9.1440000e-01   8.6685775e-01   8.0282379e-02
   7.6127124e-01  -1.0383740e-01  -5.9270820e-01   6.5090400e+00
   1.9837128e-01  -4.9767743e-01   2.3715227e-01   6.4564747e+00
  -7.9796056e-01  -4.6450975e-01   4.2695622e-01   9.5698833e+00
   8.5310274e-01  -1.2146696e-01  -9.0554696e-01   6.5090409e+00
  -4.2930970e-01   4.5335421e-01   1.8080088e-01   6.5655224e+00
  -3.9250765e-01  -1.8550295e-01   2.1702796e-01   9.5698833e+00
  -1.2241015e-01  -5.5847884e-01  -6.3587923e-01   9.5698833e+00
   7.8432362e-01  -2.6337940e-01  -2.6624787e-02   6.4109479e+00
   1.5697581e-01   9.5440807e-01  -4.9469492e-01   9.5698832e+00
  -3.9173079e-01   6.9062962e-01  -8.5342081e-01   9.5698833e+00
  -9.4681357e-01  -3.6641376e-01   1.8301736e-01   9.5698833e+00
   7.2186539e-01   8.0803995e-01   6.5723433e-01   6.4115747e+00
   8.6643457e-01   9.5811273e-01  -4.0911938e-01   9.5680918e+00
   1.5607216e-01   1.1761445e-01  -5.3477906e-01   9.5698833e+00
  -3.1209599e-01  -9.5726411e-01  -8.9553106e-01   9.5698833e+00
  -5.1702763e-01   2.7054043e-01  -7.9224748e-01   9.5698833e+00
  -6.7297352e-01   6.4911152e-01   5.0596549e-01   6.5655224e+00
   3.0228102e-01   9.1056770e-01   4.5016725e-01   4.0950656e+00
  -5.7210187e-01  -9.5623928e-01  -1.3833206e-01   6.4467194e+00
  -2.4557201e-01   2.9262099e-01  -7.5893619e-01   9.5698833e+00
   4.2063213e-01  -7.7607404e-02  -1.9950724e-01   6.5022203e+00
   1.4286091e-01   2.3396292e-01  -1.4014684e-02   9.5680919e+00
   2.2219346e-01  -8.3120199e-01  -1.3580759e-02   6.4564747e+00
  -2.5859507e-01  -5.4703695e-01  -3.5396755e-01   9.5698833e+00
  -8.1954325e-01  -3.5719482e-01  -6.6230888e-01   9.5698833e+00
   8.7200232e-01   5.3514112e-01   9.0207006e-01   6.4172245e+00
   6.7530461e-01  -3.2106175e-01   6.5665029e-02   6.4458069e+00
   8.4578496e-01  -4.4967394e-02   4.7874013e-01   6.4088668e+00
  -3.1075014e-01   7.5092844e-01   1.9597080e-02   4.0950741e+00
  -3.0810055e-01   2.6669883e-01   7.4747690e-01   8.1090138e-02
  -3.9882995e-01  -8.6982435e-01   1.8509798e-01   6.4569200e+00
   3.8864639e-01   1.6381130e-01   1.6780923e-01   6.4088945e+00
   5.1645058e-01  -9.1906799e-02   9.7943675e-01  -3.1424862e-01
  -7.7495289e-01   9.8169913e-01  -5.9528589e-01   9.5681789e+00
   5.7515052e-01  -7.2488483e-01  -3.1512366e-02   6.4564753e+00
  -4.5708960e-01   3.7465910e-01  -9.0152715e-01   9.5698833e+00
   3.6875922e-02   6.5609742e-01  -2.1863146e-01   9.5698832e+00
  -4.2792709e-01  -2.4340640e-01  -3.4891935e-01   9.5698833e+00
  -7.2794947e-01   2.2320704e-01   2.9794825e-01   9.5698833e+00
   2.4495584e-01  -9.7731734e-01  -2.3829583e-01   6.4564747e+00
  -6.2913177e-02  -4.0733356e-01   3.7467216e-01   6.4569233e+00
   6.4986733e-02   5.1237511e-01  -3.6276886e-01   9.5698832e+00
  -1.1109869e-01   3.4438312e-01  -7.8243935e-01   9.5698833e+00
   6.1606565e-01   9.8220593e-01   7.6108499e-01   4.0950654e+00
   3.2022570e-01  -9.2367573e-03   8.7494806e-01  -3.1424855e-01
   9.9256709e-01   9.8366245e-01   6.7234419e-01   6.4088677e+00
  -1.4897454e-01  -6.3045609e-01   8.6728261e-01   6.4569232e+00
  -3.7630112e-01   6.2678668e-01   9.6494722e-01   8.1090807e-02
  -6.3544544e-01  -5.6032550e-01  -3.8818226e-01   9.5698833e+00
   3.8551985e-01   4.8514189e-01   6.9693327e-01   6.4462154e+00
  -4.0316688e-01  -9.8703912e-01   2.2795215e-01   6.4569230e+00
  -1.1155862e-01  -5.0012994e-01  -3.3669208e-03   6.4564759e+00
  -2.0512814e-01  -1.4576539e-01   7.5967626e-01  -3.1424855e-01
   7.7922842e-01   6.2510620e-01   6.0939486e-01   6.4088668e+00
  -2.7439309e-01   6.7626086e-01   6.1137719e-01   8.1248288e-02
  -6.2973778e-01  -7.2495301e-01  -8.4536318e-01   9.5698833e+00
   8.4215254e-01  -3.8314569e-01   2.6338826e-01   6.4088669e+00
  -9.8598581e-01   9.4885245e-01  -8.1450932e-01   9.5698833e+00
   1.0048962e-02   3.8187046e-01  -6.5335414e-01   9.5698833e+00
   7.1906440e-01   5.8396413e-01  -4.2363311e-01   9.5680918e+00
  -4.7243720e-01   1.5549830e-01   1.2791991e-01   9.5698833e+00
  -2.3424479e-02   5.8369925e-01  -5.1035229e-01   9.5698832e+00
   9.9979183e-02   2.5957817e-01   6.3411872e-01  -3.1424821e-01
  -7.3709811e-01   8.3720211e-01  -8.6019836e-01   9.5698409e+00
  -4.7598891e-01   3.4462436e-01   8.0950350e-01   8.1672686e-02
  -3.2424138e-01   7.4413616e-01   4.6387874e-01   6.5655224e+00
   2.2785261e-01   8.4549806e-01  -6.0006413e-01   9.5698832e+00
   6.3303353e-01  -6.2288287e-01   3.3647509e-01   6.4563593e+00
  -1.3374350e-01   7.9745356e-01   7.2006994e-02   4.0950741e+00
  -9.6372605e-01   3.5000623e-01  -7.0606426e-01   9.5698833e+00
  -6.2877037e-01   3.7397093e-01  -1.4381499e-01   9.5698833e+00
   3.5469612e-01   3.0889061e-01   8.6438145e-01   6.4462132e+00
   3.8241154e-01   1.3068639e-01  -6.2257726e-01   9.5698833e+00
  -7.0196166e-01   7.4639117e-01  -5.8456534e-01   9.5698833e+00
   8.6277595e-02   3.5040063e-01   1.6635102e-01   4.0950659e+00
  -8.2201233e-01   2.2028574e-01  -4.4377166e-01   9.5698833e+00
  -8.7952761e-03   6.7953369e-01   5.5872427e-01   4.0950656e+00
  -2.3810471e-01   8.8205805e-01  -5.3235338e-01   9.5698832e+00
   3.9802064e-01  -6.8121893e-01  -7.2906471e-01   6.4693106e+00
   4.7256760e-01  -9.2241529e-01   5.4140793e-01   6.4564747e+00
  -2.8321626e-01  -5.5517995e-03  -9.9628520e-01   9.5698833e+00
   9.5370686e-01   2.5399606e-01   7.8354272e-01   6.4088668e+00
  -5.9953288e-01   9.8845114e-01  -8.1738339e-01   9.5698833e+00
  -5.5233793e-01  -3.6528842e-01  -9.8033521e-01   9.5698833e+00
   5.9509032e-01  -5.3101286e-02   5.8619845e-01   6.4088666e+00
  -2.7285482e-01   6.6372801e-01  -6.9708790e-02   4.0950741e+00
  -6.6734669e-01  -1.8226425e-01   4.9767059e-05   9.5698833e+00
  -3.9160712e-02  -3.9322774e-02  -9.4226656e-01   9.5698833e+00
  -5.1080169e-02  -1.8058994e-01   5.7348255e-01  -3.1424855e-01
  -6.8622887e-01   7.7174574e-01  -1.0343544e-01   6.5655224e+00
  -3.6250625e-01   7.9187933e-01   4.3521249e-01   6.5655224e+00
  -9.0497958e-01  -5.7271033e-01  -8.1466171e-01   9.5698833e+00
  -4.7459962e-01   4.3552139e-02   9.2629383e-01   8.0703903e-02
   3.1359821e-01   4.0420862e-01  -5.1447437e-01   9.5681335e+00
  -1.6718355e-01   6.4924646e-01   9.9077553e-02   4.0950741e+00
  -4.6297460e-01  -6.9509019e-01  -7.4139172e-01   9.5698833e+00
   1.8984219e-02   1.0221021e-02  -9.8555710e-01   9.5698833e+00
  -4.5616914e-01   5.0032336e-02   8.8426357e-01   8.0952513e-02
   5.6703778e-01  -1.2474737e-01   3.9656381e-02   6.4088877e+00
  -6.9715468e-01   2.1746270e-01  -6.5359301e-01   9.5698833e+00
  -1.2458658e-01   7.2687467e-02  -7.8078538e-02   9.5698833e+00
   2.3491243e-01  -9.0272418e-01  -2.4288820e-01   6.4564747e+00
   5.1713548e-01   1.5408923e-01   1.4242047e-01   6.4088668e+00
  -9.1497218e-02  -8.5837035e-01  -7.9128074e-01   1.1305118e+01
  -1.4137577e-02   1.0504421e-01  -3.2272210e-01   9.5698833e+00
  -1.2288826e-01   9.5027053e-02  -6.0725464e-01   9.5698833e+00
  -3.8308269e-02   7.6404967e-01  -5.2454506e-01   9.5698832e+00
  -1.4909778e-01  -9.1092909e-01  -4.6676290e-01   6.4559422e+00
  -4.5134633e-01   4.8296616e-02  -5.3886089e-02   9.5698833e+00
  -2.7355652e-01  -7.8859896e-01   9.5763646e-01   6.4569233e+00
   1.5130220e-01   9.1916455e-01  -9.8952663e-01   9.5698832e+00
   3.7190752e-01   6.9837133e-01   5.0104148e-01   4.0950656e+00
   7.2402815e-01   3.4880145e-01   8.1210407e-01   6.4428315e+00
  -3.2922963e-01  -3.2357182e-01  -8.5413928e-01   9.5698833e+00
  -8.2969735e-01  -8.6648900e-01   3.2078157e-01   6.4467197e+00
   5.6468503e-01  -2.5273886e-02  -1.7721967e-01   6.4136627e+00
   7.6062595e-02  -5.4779858e-01  -9.8764065e-01   9.5698833e+00
   1.4028014e-01   8.8351923e-01   2.1242551e-01   4.0950656e+00
   2.6693646e-01   3.2640510e-01  -5.6520619e-01   9.5698833e+00
  -5.1658460e-01  -2.2907553e-01  -6.2730330e-01   9.5698833e+00
   1.5398500e-01  -5.4904708e-01  -9.3653941e-01   9.5698833e+00
   5.2143904e-01  -1.7858675e-01   2.1548240e-01   6.4088652e+00
   5.7229890e-02   8.0339758e-01   3.8752738e-01   4.0950656e+00
  -9.1475202e-01  -4.4812912e-02  -4.0358298e-01   9.5698833e+00
  -4.7343159e-01  -5.4895821e-01  -1.9111464e-01   9.5698833e+00
  -3.4267237e-01  -4.8797411e-01  -9.7733046e-01   9.5698833e+00
   2.1148147e-01   3.3322561e-01   2.8336415e-02   9.5680918e+00
  -7.7519628e-01   6.8442461e-01   2.9005752e-01   6.5655224e+00
  -3.1621614e-01   5.7150447e-01   6.5565868e-01   8.1183014e-02
   2.8335032e-01   7.7187626e-02  -1.5989842e-01   9.5697831e+00
  -6.8795285e-01   8.1114778e-01   9.7311183e-02   6.5655224e+00
  -5.3322510e-01  -4.2427262e-01  -4.5317232e-01   9.5698833e+00
   7.4467594e-01   2.2372358e-01   3.0907923e-01   6.4088668e+00
  -2.5060106e-01  -1.9746465e-01  -8.4424978e-01   9.5698833e+00
  -5.3619739e-01   9.0307961e-02   3.8008394e-01   9.5698833e+00
   6.5166811e-01  -5.8657479e-02  -3.4402518e-01   6.4471267e+00
   7.2425982e-01  -8.9901788e-01  -3.7473435e-02   6.4564770e+00
  -8.9401243e-01  -6.3808902e-02   3.1956772e-01   9.5698833e+00
  -1.1244207e-02  -4.8251089e-01   1.4135224e-02   6.4564747e+00
   4.1987914e-01   9.3665460e-01  -4.7088252e-01   9.5681151e+00
   1.3756163e-01   4.9567822e-01   5.8395606e-02   9.5673707e+00
   6.9658912e-01  -8.6706689e-01   2.6426484e-01   6.4564747e+00
  -7.6200419e-01  -1.3944815e-01   4.3589060e-01   9.5698833e+00
   6.0007871e-01   4.2003852e-01  -6.2594995e-01   9.5680918e+00
  -2.4803116e-01   1.3972874e-01  -8.2266306e-01   9.5698833e+00
   9.7852488e-01  -6.7197396e-01   6.1004799e-01   6.3905314e+00
   7.5150507e-01   5.4940660e-01  -4.2598708e-01   9.5680918e+00
   7.2132127e-01  -8.8457074e-01   1.7299782e-01   6.4564747e+00
   9.6476045e-01  -9.8945043e-01  -8.6224693e-01   6.5090404e+00
  -8.1871531e-01   7.7969966e-01   7.9795426e-02   6.5655224e+00
  -1.4441940e-01  -8.4138942e-01   7.9602964e-01   6.4569233e+00
   4.0861283e-02  -2.9650868e-01  -1.7727171e-01   6.4565004e+00
   1.7185485e-01   5.6466735e-01  -2.0359704e-01   9.5681455e+00
  -4.3810165e-01  -8.4594728e-01   5.2572363e-01   6.4569233e+00
  -4.6444363e-01  -3.5189070e-02   6.2239752e-01   8.1413633e-02
   5.2995120e-01  -2.6553479e-01   6.8547005e-02   4.4366132e+00
   6.4883121e-01   5.2844534e-01   5.7310661e-01   6.4088765e+00
   6.8870057e-01   6.7915326e-01   9.9823357e-01   6.4462152e+00
  -7.7320154e-01   7.1946484e-02   9.5342290e-01   6.5655224e+00
   4.3642063e-01  -9.0557271e-01  -3.3189244e-02   6.4564747e+00
   5.8039463e-01  -4.9201378e-01  -7.5928113e-01   6.5090404e+00
  -9.9145329e-02  -7.3339237e-01  -1.6639188e-01   6.4564746e+00
  -7.7720720e-01   2.7432704e-01   2.7099704e-01   9.5698833e+00
   5.8133704e-01   1.2998959e-01   8.5927106e-02   6.4088668e+00
   9.1749019e-01  -2.1497827e-01  -1.4891965e-02   6.4088669e+00
   5.5243635e-01  -4.4919531e-01  -9.5348015e-02   6.5089472e+00
  -7.9917227e-01  -2.2907584e-02   2.1757847e-01   9.5698833e+00
  -8.6505231e-01   1.5751828e-01  -2.2720745e-01   9.5698833e+00
  -4.9457932e-01  -1.9545692e-01  -9.6351394e-01   9.5698833e+00
  -9.9611313e-01  -2.3686086e-01  -8.2648580e-02   9.5698833e+00
   2.0873850e-01  -8.0483680e-01  -6.3855240e-01   6.4564747e+00
   2.9757019e-01   9.4050226e-02   4.1898672e-01   6.4457748e+00
   1.0532879e-01  -3.7062221e-01  -4.0052492e-01   6.4565108e+00
  -5.2191612e-01  -7.5697467e-01  -9.5615919e-01   9.5698833e+00
  -6.1246690e-01   9.4075202e-01  -7.5081587e-01   9.5698477e+00
   6.0516271e-01   6.5623431e-01   9.1581776e-03   9.5680918e+00
  -6.5839379e-01   6.1377934e-01   8.9285337e-01   6.5655224e+00
   7.3927636e-01  -9.0815709e-01   5.1896906e-01   6.4564745e+00
   1.3539766e-01  -5.1922293e-02   2.0980335e-01   8.0278008e-02
  -5.7044852e-01   3.1858378e-01   3.9335457e-01   6.5655224e+00
   6.7580024e-01   3.2539421e-01   9.1461825e-01   6.4462152e+00
   8.4723700e-01   6.5413066e-01   8.8668994e-01   6.4442864e+00
  -4.2412194e-01   1.9968554e-01  -4.3164550e-01   9.5698833e+00
  -6.7214211e-03   1.0284763e-01  -5.6748797e-01   9.5698833e+00
  -1.4245204e-01  -2.4319638e-01  -7.9420876e-02   9.5698833e+00
   5.1941076e-02  -8.5063354e-01  -5.5933166e-01   6.4564744e+00
   9.5608614e-01  -8.7601563e-01   4.3645865e-01   6.4562636e+00
   7.9309447e-01   4.9170598e-01  -2.5061489e-01   9.5668773e+00
   9.1966112e-01   5.5397607e-01  -2.5425620e-01   4.1750593e+00
  -5.4615441e-01  -5.8090135e-01  -6.9113138e-01   9.5698833e+00
  -7.5241016e-01  -9.2241103e-01  -6.7571646e-01   9.5698833e+00
   3.3912823e-01   2.7069639e-01  -2.2403640e-01   9.5680918e+00
   6.6376686e-01   1.6595600e-01  -5.5006446e-01   9.5532928e+00
  -5.8303667e-01   8.9956421e-01   6.7310478e-01   6.5655224e+00
   3.4586689e-01   6.4474487e-01   6.8808894e-01   4.0950523e+00
   6.8147222e-01   2.6575276e-01   6.5336862e-01   6.4088697e+00
   9.2043707e-01   9.6745241e-01   5.2314351e-01   6.4392931e+00
   5.5227692e-01  -1.0098499e-01   6.0918640e-01   6.4072252e+00
  -7.5308591e-01   8.9724356e-01   7.5848583e-01   6.5655224e+00
   1.6108015e-01  -4.3995442e-02  -7.4265163e-01   9.5698833e+00
  -3.2996481e-01  -7.6925967e-02   7.9240835e-01  -3.1424853e-01
   7.3104117e-01  -8.9941612e-01  -2.1413226e-01   6.4572580e+00
   6.8198601e-01  -8.4230460e-01  -5.4872204e-01   6.5089990e+00
  -3.7999116e-01   5.1518857e-01  -1.4234088e-02   6.5655224e+00
   6.3994004e-01   2.9475248e-01   3.5483211e-02   6.4088738e+00
   1.1918344e-01   1.7278721e-01  -5.0194087e-01   9.5698833e+00
   3.8027404e-01   9.1392938e-01   3.3744891e-01   4.0950689e+00
   2.3477597e-01  -6.1861634e-01  -8.9098171e-01   6.4572641e+00
   8.1182352e-01  -9.7668258e-01  -1.2757180e-01   6.4570217e+00
  -5.8596116e-01   4.6787920e-01   6.7441870e-01   6.5655224e+00
  -8.6283679e-01   2.9191705e-01  -2.7237309e-01   9.5698833e+00
   8.3126523e-01  -6.6218569e-01   4.8535280e-01   8.0277984e-02
  -7.7974737e-01  -8.5037947e-01  -9.1143423e-01   9.5698833e+00
   5.4809965e-01  -7.0671526e-02  -8.9923531e-01   9.5698833e+00
  -6.4738065e-02  -9.7208604e-01  -1.4889643e-01   6.4564747e+00
  -4.7529894e-01   5.8650084e-01   6.6547377e-01   6.5655224e+00
   3.0530467e-01   2.7892709e-01  -1.2865898e-01   9.5680918e+00
  -1.5413058e-01  -5.3451155e-01   8.5104987e-01   6.4568336e+00
  -3.6874513e-01  -3.2013002e-01  -7.0926900e-01   9.5698833e+00
  -7.8011336e-01  -4.6051174e-01  -3.1782108e-02   9.5698833e+00
  -7.2606688e-01  -4.8300633e-01  -8.7481024e-01   9.5698833e+00
  -7.1156428e-01  -7.7308907e-02   2.0278119e-01   9.5698833e+00
   3.8650644e-01  -5.9299039e-01   9.6996406e-01  -3.1424855e-01
   2.5931418e-01   9.9408136e-01  -8.3251130e-01   9.5698832e+00
   9.2302349e-01  -3.1455728e-01   5.7195501e-01   6.4088668e+00
   2.0657156e-01   7.4981582e-01   9.9841763e-01   4.0950653e+00
   5.3781957e-01   9.0281756e-01   2.5795118e-01   9.5680918e+00
  -2.1364085e-01  -7.4005156e-01  -1.4128804e-01   6.4564565e+00
   4.8415963e-01  -1.5103290e-01   8.5572863e-01  -3.1424856e-01
   9.2872015e-01  -5.6539698e-01  -2.7516998e-01   6.5090404e+00
  -2.5856458e-01  -3.6437232e-01   7.3919419e-01   6.4561466e+00
  -9.9273698e-01  -9.8748109e-01  -4.9407839e-01   9.5698833e+00
  -8.2017250e-01   1.8427858e-01  -4.2628834e-01   9.5698833e+00
  -7.7302822e-01   1.2983728e-02  -1.6747376e-01   9.5698833e+00
  -9.8272133e-01   2.0909960e-01   5.9146181e-01   9.5698833e+00
  -5.9822142e-01   7.5735757e-01   3.1942379e-02   6.5655224e+00
   8.4838289e-01   2.7824605e-01  -2.0015772e-01   6.4088669e+00
  -5.8790574e-01   8.3468377e-01   1.1057607e-01   6.5655224e+00
  -3.6102666e-03  -4.1222204e-01  -9.3370049e-01   9.5698833e+00
  -4.2969809e-02   3.3513711e-01  -1.0052007e-01   9.5698368e+00
   9.9089272e-01   2.3060497e-01   4.4036095e-01   6.4088668e+00
   8.4657662e-01  -2.1165716e-01   7.8880983e-01   6.4088668e+00
  -2.0415965e-01  -6.7271774e-01  -3.2661123e-02   6.4564980e+00
  -1.3876083e-01   7.2182608e-02  -2.7560995e-01   9.5698833e+00
  -7.6991456e-01   8.4939199e-01   4.6457886e-01   6.5655224e+00
   8.4577526e-01   5.2382095e-01   2.3791450e-01   6.4088668e+00
   2.3332697e-01   5.6865637e-01   8.5289117e-01   5.4730017e+00
  -3.5066233e-01   5.4614207e-01  -2.7520851e-01   4.0950742e+00
   1.1202485e-01  -3.3501212e-01   6.8520205e-01  -3.1424855e-01
  -5.3656511e-01  -8.6218910e-01   3.7428465e-02   6.4466711e+00
  -6.7846472e-01   8.2728500e-01   7.4446118e-01   6.5655224e+00
  -8.5521638e-01  -9.0022019e-01  -4.1460461e-02   9.5698833e+00
   8.8490127e-01  -4.9020853e-01  -2.8661281e-01   6.5090404e+00
   2.5772517e-01  -3.9267967e-01  -8.8152966e-01   9.5698833e+00
  -2.5050972e-01  -8.9004874e-01  -7.5849982e-01   1.1795413e+01
   5.4810767e-01   6.5960689e-01   6.3442108e-01   6.4462399e+00
  -8.6418755e-01  -1.2385980e-01   2.1783082e-01   9.5698833e+00
   8.7523481e-01  -9.5993906e-01   8.4500604e-01   8.0278009e-02
   7.9771493e-01  -4.9996801e-01   3.4236467e-01   6.4088622e+00
  -5.0196270e-02   8.4899787e-02  -9.5788967e-01   9.5698833e+00
  -8.2635450e-01   8.3021638e-01   1.3655694e-01   6.5655224e+00
   4.5209062e-01  -9.5379129e-01   6.5902437e-01   6.4564747e+00
  -8.7599370e-01   6.9776168e-01  -6.1031355e-01   9.5698833e+00
  -7.5218514e-01   8.3965161e-01  -5.4953017e-01   9.5698833e+00
  -6.8792556e-01   3.0826656e-01   8.2262910e-02   9.5698833e+00
  -1.0240095e-01   9.3019839e-01  -7.7226160e-01   9.5698832e+00
  -7.9061402e-01   8.9940500e-01   3.5653207e-01   6.5655224e+00
   6.5011125e-01   5.1091794e-01  -7.5266651e-01   9.5680918e+00
   7.4779264e-01  -8.7731189e-01  -6.1864183e-01   6.5090404e+00
   3.6869220e-01   2.6970829e-01  -1.7012306e-01   9.5680917e+00
   5.8431028e-01  -1.1269956e-01   5.8767575e-01   6.4087851e+00
  -6.4997088e-01   9.5816124e-02   8.1704351e-01   6.5655225e+00
   1.2061346e-01  -4.3184834e-01  -2.1975817e-01   6.4564747e+00
  -6.9311422e-01  -9.3300152e-02  -9.3141456e-01   9.5698833e+00
   3.4552281e-01   2.6099063e-02   7.7770592e-01  -3.1424868e-01
   9.9217458e-01  -5.6122723e-01   6.3550277e-01   6.4088637e+00
  -9.5492478e-01   5.9384758e-01   4.0729050e-01   6.5655224e+00
  -3.5640806e-01  -6.5059763e-01   9.7209016e-01   6.4569233e+00
  -1.0712752e-01   3.7149925e-01   5.5898600e-01   8.1090079e-02
   3.2535288e-01   6.7968826e-01   8.9836172e-01   5.6643333e+00
   6.8966029e-01   8.0453852e-01  -9.7655249e-01   9.5680944e+00
  -4.4024610e-01  -8.3284230e-01  -7.9478268e-01   9.5698833e+00
   2.0986816e-01   2.7993713e-01  -5.5667354e-01   9.5698833e+00
  -3.6558454e-01  -6.9896230e-02  -5.9309223e-01   9.5698833e+00
  -6.9029101e-01  -4.3832179e-01   4.2293922e-01   9.5698833e+00
   6.2035263e-01  -8.5632955e-01   5.4152054e-01   6.4564745e+00
  -5.5071415e-01  -2.8374255e-01  -7.5627416e-01   9.5698833e+00
  -8.0158253e-01   9.3865777e-01   7.1348076e-02   6.5655224e+00
   6.1702863e-01  -1.0481117e-01   5.6172279e-01   6.4088661e+00
  -9.5742688e-01   2.9976988e-01  -2.6267625e-01   9.5698833e+00
   4.7622668e-01  -3.0255257e-01  -4.3939139e-01   6.5090404e+00
  -1.0312044e-01   5.6806788e-02  -9.0788882e-01   9.5698833e+00
   5.3220697e-01  -1.0039348e-01   2.6398458e-01   6.4088668e+00
   6.8414556e-01   3.6135659e-01   4.6535412e-01   6.4088668e+00
   3.2480283e-01   9.8299299e-01  -9.0775952e-01   9.5698832e+00
   1.6333627e-01   9.3099215e-01  -8.1385821e-01   9.5698832e+00
   1.8709793e-01  -3.8273281e-01   2.4180356e-01   6.4564746e+00
  -3.5157385e-01  -6.0748799e-01  -6.3927536e-02   6.4469818e+00
  -5.4524802e-01   7.0049020e-01  -1.2302429e-01   6.5655224e+00
  -2.9937734e-01   9.5210882e-02   7.4982955e-01   8.0704978e-02
  -2.8911726e-01   7.5671708e-01  -3.4469096e-01   4.0950741e+00
  -7.9842407e-01   9.7018957e-01   1.5405793e-01   6.5655224e+00
  -2.1692500e-01  -9.3034157e-01  -1.8436991e-01   6.4564691e+00
  -7.5109181e-01  -2.4228327e-01   1.1276229e-01   9.5698833e+00
   7.2906529e-01  -6.4042895e-03   3.0182762e-01   6.4088668e+00
  -9.9480866e-01   6.4446257e-01   1.7865676e-01   6.5655224e+00
  -6.5598610e-01   1.4039049e-01   7.1860368e-01   6.5655224e+00
  -4.1472573e-01   3.6038086e-01  -9.3446402e-01   9.5698833e+00
  -2.9401834e-02   7.9214146e-01   6.4919082e-01   4.0950656e+00
  -8.8549116e-01  -2.5381494e-01   9.2398271e-01   9.5698833e+00
  -7.3349722e-01   4.1091745e-01   1.4826817e-01   9.5698833e+00
   1.9173878e-02   5.1696198e-01  -7.4086097e-01   9.5698833e+00
  -3.8337863e-01  -5.1874950e-01   5.5616427e-01   6.4569233e+00
   3.7148165e-01   2.6699963e-02   9.5573166e-01  -3.1424855e-01
  -8.2074766e-01  -4.9082829e-01   1.6715903e-01   9.5698833e+00
   2.2298270e-01  -9.5494780e-01   6.0593983e-01   6.4569219e+00
   5.9964548e-01   7.4099915e-01  -5.0449367e-01   9.5680918e+00
  -6.3363485e-02   3.2629485e-01  -9.8362172e-01   9.5698833e+00
   6.2309982e-01   7.7468336e-01   8.6609468e-01   6.4462152e+00
  -5.5377483e-01   8.7921367e-01  -2.2784944e-01   4.0950741e+00
   4.4552110e-01  -1.3141851e-01   1.8159185e-01   6.4088497e+00
  -2.7769505e-01   5.9339882e-02  -2.2559704e-02   9.5698833e+00
   5.4189795e-02  -3.6720667e-01  -5.4961740e-01   9.5698833e+00
   1.8399054e-01   3.8930749e-01   3.8719547e-01   4.0950656e+00
  -4.4138661e-01   9.1219661e-01   5.2325411e-01   6.5655224e+00
   8.8849392e-01   3.5955118e-01  -3.3363375e-01   6.4099946e+00
  -1.5812756e-01   6.2770844e-01   2.8477373e-01   4.0950741e+00
  -5.4937575e-01   7.8742391e-01   2.7023226e-01   6.5655224e+00
  -5.6940220e-01   7.4988386e-01  -8.2487731e-01   9.5698833e+00
  -2.6502858e-01  -8.6002138e-01  -4.5357717e-01   1.1324326e+01
   4.8852594e-01   5.3645786e-01  -7.5717211e-01   9.5680997e+00
   9.0456895e-01  -7.1161416e-02   6.0191068e-01   6.4088668e+00
   5.2903500e-02   9.0764810e-01   3.4515934e-01   4.0950656e+00
  -5.6920051e-01  -5.7733325e-02  -6.2543605e-01   9.5698833e+00
  -3.1621872e-01  -9.0178664e-01  -8.8780374e-01   9.5698833e+00
  -4.3461379e-01  -7.7314609e-01   7.6925407e-01   6.4569233e+00
  -9.8348303e-01  -5.7146686e-01  -8.3653005e-01   9.5698833e+00
  -2.0878913e-01   5.8519374e-01  -4.2935538e-01   9.5698833e+00
   8.2668934e-01  -5.2930911e-01   7.1610141e-01   8.0277879e-02
  -6.3001960e-01   8.4475620e-01  -9.0003864e-01   9.5698833e+00
   5.0706977e-02  -2.0974389e-01   6.2238058e-01  -3.1424855e-01
  -3.1425362e-01   4.9937243e-02  -4.1325753e-01   9.5698833e+00
  -5.3711288e-01  -2.2363312e-01  -5.3254393e-02   9.5698833e+00
   4.5943258e-01   4.3750903e-01  -7.9618204e-01   9.5698829e+00
  -2.5449999e-01   8.4971250e-01   4.1088592e-01   4.0950741e+00
   8.7150880e-01   3.3698895e-01  -5.6698990e-01   8.3906050e+00
   6.2409942e-01  -3.2386701e-02  -7.7820359e-01   9.5698833e+00
  -9.8061331e-01   5.7918612e-01  -9.6653749e-01   9.5698833e+00
   7.1132812e-01  -9.8424974e-01  -5.3287259e-01   6.4618432e+00
   1.0334187e-01   8.1330023e-01  -7.8847202e-03   6.1841757e+00
  -8.3860941e-01  -7.1059860e-01   4.0847565e-01   6.4487259e+00
   4.3978592e-01   5.1675603e-01  -4.8340141e-01   9.5680919e+00
   2.2728459e-01  -9.9056692e-01  -5.7376817e-01   6.4564747e+00
   8.7300308e-01  -6.7287251e-01   2.2776393e-01   6.4973196e+00
   4.0107022e-01  -9.4090068e-01  -3.2322211e-01   6.4564747e+00
  -8.7783001e-01  -3.4902078e-01   9.9146457e-01   9.5698820e+00
  -9.8490841e-01   6.9237140e-01  -2.4054573e-02   9.5698833e+00
  -6.7415269e-01   5.6078361e-01   6.8465891e-01   6.5655224e+00
   3.1128234e-01  -3.8013051e-02   5.8730915e-01  -3.1424862e-01
   8.4794171e-01  -2.2045706e-01  -4.5800554e-01   6.5090303e+00
  -2.5118253e-01  -1.7194387e-01   6.7661552e-01  -3.1424849e-01
   7.8129878e-01   7.2733002e-01  -1.0959451e-01   9.5680918e+00
   9.3619089e-01  -1.2063910e-01  -1.9183578e-01   6.4088672e+00
  -5.3217642e-01   9.4080320e-01  -1.9658305e-01   4.0950741e+00
   3.1258064e-01   4.1164318e-01   7.5574520e-01   6.4462152e+00
   2.1109400e-01   7.5782936e-01  -7.0770798e-02   9.5680942e+00
   5.4396323e-01  -6.9241139e-01   6.3067291e-01   8.0278009e-02
  -1.2914217e-01  -3.7993864e-01   8.3770791e-02   6.4569215e+00
  -7.4890784e-01   6.7268169e-01   5.5400629e-01   6.5655224e+00
  -9.6017168e-01  -4.1840174e-01  -7.0076852e-01   9.5698833e+00
  -6.0243238e-01   6.5906668e-01   1.4592662e-01   6.5655224e+00
  -4.1108099e-01   7.7839338e-01   9.8662286e-01   8.1111033e-02
   4.2184397e-01  -7.2327932e-01   3.1171072e-01   6.4564747e+00
   4.2794104e-02   4.0343218e-01   4.1981579e-01   4.0950644e+00
  -1.0231166e-02  -6.8830695e-01   1.3880065e-01   6.4564751e+00
   8.3073899e-01  -7.9340838e-01   8.8309942e-01   8.0278009e-02
   2.4104566e-01   9.1511248e-01  -6.3775468e-01   9.5698832e+00
   2.8028390e-01  -9.7630040e-01   7.0873303e-02   6.4564747e+00
   1.7169214e-01  -5.9170892e-01   6.2818349e-01   6.4569165e+00
   9.2834768e-01  -6.6396852e-01   5.9243170e-01  -6.1669572e-02
   2.0579685e-01   7.7823571e-01   5.3273535e-01   4.0950656e+00
   5.5123088e-01  -3.8810736e-01  -8.0608533e-01   6.5090404e+00
  -3.9114904e-01   8.2694599e-01   6.8048743e-01   6.5655225e+00
   6.9191346e-01   9.8630290e-01   1.3212139e-01   9.5680918e+00
  -9.5519973e-01  -9.2109100e-01  -5.1242860e-01   9.5698833e+00
   7.1569366e-01  -4.6042106e-01   9.0386682e-01   8.0278009e-02
   7.2417393e-01  -9.5877037e-01   2.2417933e-01   6.4564747e+00
  -3.4511709e-02  -5.4914801e-01   4.4222117e-01   6.4569233e+00
   4.0506038e-01   6.9466018e-01   6.9869577e-01   4.0950035e+00
   5.5242782e-01   1.4264899e-01  -9.5634653e-01   9.5698833e+00
  -8.6520818e-01  -6.8749261e-01  -8.4024162e-01   9.5698833e+00
  -6.3943862e-01  -5.9797538e-01   6.3467834e-01   6.4566923e+00
  -2.3389888e-02   3.3266635e-01   3.1639591e-01   9.5278405e-02
   7.1289923e-01  -3.8643278e-01   2.5007774e-01   6.4089185e+00
   9.3826180e-01  -3.3246855e-01  -4.3489632e-01   6.5090400e+00
   8.5116112e-01  -3.4291278e-01   7.9569109e-01   6.4087774e+00
   5.7998591e-01  -3.9133880e-01   1.1894690e-01   6.4731505e+00
  -2.1841953e-01  -5.1623740e-01   9.6288872e-01  -4.5031650e-03
  -6.5294714e-01  -5.4396826e-01  -7.4182374e-02   9.5698833e+00
  -3.7509578e-01  -5.4593543e-01   5.8265142e-01   6.4569233e+00
  -7.2651043e-01  -7.8266232e-03  -3.2167638e-01   9.5698833e+00
   6.5078492e-02   3.6773083e-01  -5.7362584e-01   9.5698833e+00
  -2.9400725e-01   7.4970678e-01   1.4640972e-01   4.0950741e+00
   9.4435167e-01  -6.0005676e-01  -9.2983639e-01   6.5090404e+00
   6.1097531e-01  -2.2073268e-01  -2.9742635e-01   6.5090385e+00
   2.7440571e-01   9.5019818e-02   3.9171000e-01   6.4449981e+00
  -9.7642644e-01  -5.1013664e-01  -9.3340504e-01   9.5698833e+00
  -1.8761640e-01   2.2553508e-01   4.6976700e-01   8.1090199e-02
   4.9894294e-01  -4.5178001e-01  -3.6523499e-01   6.5090400e+00
  -3.1361860e-02  -2.3290876e-01  -4.3069874e-01   9.5698833e+00
   4.9636182e-01  -1.7084096e-01  -8.3197921e-01   9.5698833e+00
   5.4380877e-01  -5.6337024e-01  -5.9805487e-01   6.5090404e+00
   3.6523236e-01  -1.8650213e-02  -2.2880991e-01   6.5162145e+00
  -7.1771916e-01   3.1257337e-03  -1.8230729e-01   9.5698833e+00
   4.6108160e-01  -4.9064332e-01  -9.7393788e-01   6.5090471e+00
   1.0600664e-01  -1.2363561e-01   8.3174473e-01  -3.1424855e-01
   3.6735556e-02  -7.2788185e-01   9.0580541e-01   6.4569186e+00
   5.5653920e-01   3.4566478e-01  -3.2850678e-01   9.5680918e+00
  -5.1221097e-01   7.7220793e-02   1.4852340e-03   9.5698833e+00
   2.0419447e-01   1.5409471e-01  -8.8014316e-01   9.5698833e+00
  -6.9432240e-01  -5.1191073e-01  -8.5636301e-01   9.5698833e+00
   1.3237944e-01  -4.2515749e-02  -8.1240560e-01   9.5698833e+00
   1.0877437e-01  -6.8568579e-01   7.4731085e-01   6.4569231e+00
  -7.0535537e-01  -7.6059424e-01   4.5055699e-01   6.4466079e+00
   2.1066565e-01   5.8182407e-01  -9.1457196e-02   9.5680922e+00
   4.5017773e-01  -2.0565489e-01   1.4703468e-01   6.4131945e+00
   8.9958162e-01  -4.3026576e-03  -8.7917147e-01   6.5090882e+00
   6.3238191e-01  -3.5894796e-01  -8.4003640e-01   6.5090404e+00
  -1.4227672e-01  -2.4628810e-01  -1.6551194e-01   9.5698833e+00
  -2.0841476e-01  -2.0286066e-01   3.9209728e-01   6.4569234e+00
  -3.1930599e-01   4.5545755e-01  -2.6890324e-01   9.5698825e+00
   1.4077844e-01  -4.6829849e-02  -1.3550240e-01   9.5698833e+00
  -7.5459322e-01   3.0448920e-01  -3.7761570e-01   9.5698833e+00
   6.4812143e-01   2.1837706e-01  -7.8796354e-01   9.5698833e+00
   9.5736680e-01   4.4003879e-01   2.9308109e-01   6.4088668e+00
   4.3066374e-01   6.9475386e-01   5.9500285e-01   4.0950648e+00
   4.2334945e-01  -7.5077799e-01   2.0883667e-01   6.4564747e+00
  -5.2978096e-01   9.4765766e-01  -9.7204529e-01   9.5698833e+00
   4.0891121e-01  -5.8116072e-01  -1.6526397e-01   6.4564754e+00
  -8.9154580e-01  -9.0364992e-01   9.3489668e-01   6.4560707e+00
   2.9333224e-01   7.6436090e-01  -3.2680518e-01   9.5681283e+00
  -6.5658778e-01  -8.3154638e-01  -9.4702021e-02   9.5674645e+00
  -2.6693304e-01  -7.8331925e-01  -7.6701134e-01   9.5698833e+00
   3.0155502e-01  -5.5445933e-01  -9.1532007e-01   6.5095648e+00
   4.7312770e-01   6.8515883e-01   9.9508412e-01   6.4462152e+00
  -9.2728985e-01  -4.6994138e-01   1.5240589e-01   9.5698833e+00
   8.8717100e-01  -9.9459984e-01  -1.6506866e-01   6.4810941e+00
  -6.7261747e-01   5.8614395e-01   5.9930427e-01   6.5655224e+00
  -9.5478694e-01  -8.9790381e-01  -2.8091282e-01   9.5698833e+00
   2.1990945e-01   2.2037107e-01   1.4228493e-01   9.5676632e+00
   7.3535488e-04  -7.9540013e-01   8.9348875e-01   6.4569233e+00
  -3.4331209e-01  -5.0685377e-01   1.4714931e-01   6.4568555e+00
   7.6195010e-01  -2.0330655e-01  -8.6069243e-01   6.5090405e+00
   9.4351124e-01   6.2146949e-01  -6.8962914e-01   9.5680918e+00
  -8.3706974e-01   4.2628668e-01   5.2824293e-01   6.5655224e+00
  -9.6384711e-01   5.1599364e-01  -9.1052573e-01   9.5698833e+00
   8.4704545e-01   9.1524054e-01   4.9431953e-01   5.2077053e+00
  -4.6313421e-01   5.1087667e-01  -9.0499787e-01   9.5698833e+00
  -3.3290307e-01   9.1524237e-01  -6.2089147e-01   9.5698832e+00
   2.5833373e-01  -4.4780574e-01   8.3510998e-01  -3.1424855e-01
   5.1690037e-01   3.4784296e-01  -9.6299645e-01   9.5698833e+00
   2.2148915e-01   7.4373323e-01   4.9699137e-01   4.0950656e+00
   6.1822679e-01  -8.6294418e-01   9.5248807e-01   8.0274868e-02
   9.7647488e-01   1.8540733e-02  -8.3631477e-01   6.5089581e+00
  -7.4782872e-01  -5.3824024e-01   6.7945795e-01   6.4465691e+00
  -5.6349124e-01   5.9485822e-01   9.2593466e-01   6.5655226e+00
   2.4224146e-01  -3.1750277e-01  -5.5462305e-01   6.6053916e+00
  -4.5397027e-01  -9.3792588e-01  -8.8160158e-01   9.5698833e+00
  -1.7738241e-01   7.6111083e-01   1.4585463e-02   4.0950741e+00
   1.8513161e-01   4.9252608e-01   9.3025134e-01   6.4456803e+00
  -6.3425345e-01  -2.0938418e-01  -3.3036366e-01   9.5698833e+00
   7.4871168e-01   9.5697609e-01  -3.4453209e-01   9.5680918e+00
   9.6399931e-01   5.7519967e-01  -4.1175789e-01   9.5679747e+00
   9.3501953e-01  -4.3835652e-01   8.2014267e-01   6.4087643e+00
  -9.8512104e-01  -9.4776306e-01  -8.1472507e-01   9.5698833e+00
   7.7288508e-01   8.2966604e-01  -4.0077498e-01   9.5680918e+00
   5.9777362e-01   2.5583459e-01  -2.2993269e-01   3.8227387e+00
   4.8514396e-01  -1.2558140e-01  -8.8970868e-02   4.4163009e+00
   1.1656971e-01  -9.3713260e-01  -7.8523654e-01   6.4564731e+00
   4.7822336e-02  -7.9224812e-01   2.7209152e-01   6.4564954e+00
  -2.9463613e-01   6.6757898e-01  -3.8397629e-01   4.0951459e+00
  -2.6160053e-01  -7.6222621e-02   7.5458249e-01  -3.1424855e-01
  -2.0034379e-01   3.8779072e-01   6.0532752e-01   8.1090128e-02
   6.6028622e-01   6.2728735e-01   6.0363028e-01   6.4091415e+00
   6.1704158e-01  -3.9944043e-01   1.4803211e-01   4.4532333e+00
   2.5739877e-01  -3.8650362e-01   7.7359555e-02   6.4564747e+00
   9.8138544e-01   1.6281051e-01   5.7448604e-01   6.4088668e+00
  -6.3249041e-01   4.4035830e-01   1.7304424e-02   9.5698833e+00
   1.4801416e-01  -9.1345355e-01   9.5455040e-01   6.4569233e+00
   4.5337871e-01  -5.3155729e-01   2.9514268e-01   6.4564726e+00
  -8.7038026e-01   1.4252922e-02   2.7111105e-01   9.5698833e+00
   7.9633151e-01  -5.2032066e-01   7.2702253e-01   8.0278009e-02
  -3.5137186e-01  -1.5226087e-01  -8.5715300e-01   9.5698833e+00
   1.2012575e-01   9.9136724e-01  -5.6525619e-01   9.5698832e+00
   8.4687699e-01   8.9798307e-01   8.8347843e-01   6.4462031e+00
  -2.4328570e-01   4.3411485e-01   3.6150954e-01   9.1106533e-02
   9.2847138e-01  -5.5507986e-02  -3.3811141e-01   6.4088911e+00
  -5.2563550e-01   5.9457087e-01  -1.4697529e-01   6.5655224e+00
  -1.2857217e-01  -9.3214660e-01   1.5032831e-01   6.4567743e+00
  -4.0021490e-01   1.1069286e-01  -8.3118216e-02   9.5698833e+00
   9.2216963e-01   7.2899228e-01  -9.3813528e-01   9.5680918e+00
  -3.2976658e-01  -1.8715703e-01  -7.3281821e-01   9.5698833e+00
  -3.9974680e-02   4.5688078e-01   1.2103753e-02   4.0950725e+00
  -8.3074344e-02  -9.7589063e-01  -3.8108566e-03   6.4564747e+00
   4.4682658e-01  -4.6814698e-01  -2.2053726e-01   6.4767499e+00
   6.8898422e-01   4.6520849e-01   9.4376647e-01   6.4462152e+00
  -2.5373821e-02  -4.9909796e-01  -7.2708923e-01   9.5698833e+00
  -5.3826645e-01  -5.3231927e-01  -2.8596696e-02   9.5698833e+00
  -5.2557683e-02  -5.3343260e-01   1.3430707e-01   6.4566581e+00
   4.7793214e-02  -9.1956626e-01   1.8395006e-01   6.4564747e+00
  -7.7199272e-01   5.7952121e-02  -2.1315758e-01   9.5698833e+00
  -5.6604982e-01  -2.8947148e-01   7.0404477e-01   6.4569400e+00
   3.4382895e-01   2.8895693e-01  -9.9180846e-01   9.5698833e+00
   7.2049937e-01  -3.5220982e-01   2.7035060e-01   6.4088674e+00
  -8.5190500e-01   6.9685554e-01   3.9098908e-01   6.5655224e+00
  -3.9718541e-02  -1.9924163e-01   7.9293582e-01  -3.1424855e-01
   5.2707809e-01  -5.7457351e-01   2.7708689e-01   6.4564739e+00
  -9.2845704e-02   2.3797988e-01   3.8724343e-01   8.1090086e-02
  -1.3330513e-02  -2.0640990e-01   6.9526726e-01  -3.1424855e-01
   4.4511667e-01  -5.3395270e-01   9.7932306e-02   6.4564747e+00
   3.2926626e-01  -5.7083688e-01   1.4188510e-01   6.4564747e+00
  -5.0606147e-01  -9.6362505e-01   2.1266017e-01   6.4567740e+00
   7.7178670e-01  -4.0960321e-01   3.4520614e-01   6.4088664e+00
   6.7591472e-01   5.0131980e-01  -3.2343244e-01   9.5680918e+00
   9.2985802e-01  -2.3412471e-01  -5.7402073e-01   6.5090403e+00
  -6.4464757e-01  -2.5555801e-01  -3.1033673e-01   9.5698833e+00
  -8.6935781e-01  -9.7512616e-01  -8.3718368e-01   9.5698833e+00
   1.4755938e-01  -3.3569625e-01  -7.4977942e-01   9.5698833e+00
  -1.2975182e-01  -8.3625688e-01   7.3116169e-01   6.4569233e+00
  -8.6850352e-01  -9.3021686e-02   6.4817801e-01   9.5698833e+00
   3.1447460e-01  -3.6285169e-01  -8.6764053e-01   9.5698833e+00
   4.1428999e-01   8.4697438e-01   1.4151412e-01   9.5680918e+00
   2.1999118e-01   1.0519355e-01  -1.8072690e-01   9.5698832e+00
   1.9888917e-01  -3.9017763e-01   2.1999755e-01   6.4564746e+00
   4.3173484e-01  -9.0294821e-01   5.8285738e-01   6.4564747e+00
  -3.5601234e-01  -9.2657392e-01  -6.0619684e-01   1.1139366e+01
  -3.5559933e-01   4.9505184e-01  -3.9250992e-01   9.5698810e+00
  -5.4888478e-01  -2.8868757e-01  -5.3055056e-01   9.5698833e+00
   8.3859636e-01  -4.6564426e-01   7.1080051e-01   6.0591555e+00
   6.8973304e-01   7.6147504e-01   8.2965910e-01   6.4462152e+00
  -1.9066014e-02   4.7740168e-01  -4.1040914e-01   9.5698833e+00
  -4.7959686e-01   8.9061977e-01  -1.2300222e-01   4.0950741e+00
   4.5229675e-01  -1.6703920e-01  -3.6264692e-03   4.4186455e+00
   6.4138403e-01  -8.0364025e-01   1.0037384e-01   6.4564747e+00
   9.7761875e-01  -1.9124004e-01   4.9207846e-01   6.4088668e+00
   1.9886581e-01  -7.8425593e-01  -1.8707066e-01   6.4564747e+00
   5.2122948e-01  -6.1894334e-02  -5.2896934e-01   6.5266051e+00
  -6.9211000e-01   4.1457990e-01   3.5384070e-01   6.5655224e+00
   3.7868041e-01   9.8671247e-01   4.7121915e-01   4.0950656e+00
   6.7054200e-01   5.2819187e-01  -8.4963423e-01   9.5680919e+00
   5.3291130e-01  -2.2956161e-01   6.2731774e-01   8.0278008e-02
  -9.3607862e-01  -6.1888594e-01   6.9746424e-02   9.5698833e+00
  -5.4282173e-01  -1.6987522e-01  -6.0612401e-01   9.5698833e+00
  -2.1911575e-01   2.7368286e-01  -6.7875702e-01   9.5698833e+00
   5.9578809e-01  -8.3971858e-01  -2.9016886e-01   6.4564953e+00
  -6.1120973e-01  -9.2226317e-01   8.5202384e-01   6.4569233e+00
   3.3507717e-02  -9.5067864e-01  -4.5226420e-02   6.4564747e+00
  -2.5820225e-01   7.0334608e-01   9.7031883e-01   8.1090080e-02
  -1.9956280e-01  -6.3707242e-01  -1.2884216e-01   6.4564503e+00
  -3.7109424e-01  -3.0493578e-01  -9.7373998e-01   9.5698833e+00
   2.0047018e-01   8.7838277e-01  -3.3284037e-01   9.5698753e+00
   8.9052446e-01  -4.8254746e-01  -4.5581238e-01   6.5090404e+00
  -1.6688448e-01   6.0956507e-01  -1.4291019e-01   4.0950741e+00
  -3.3832497e-01   3.3099631e-01   3.8877198e-01   6.5655142e+00
   5.0988181e-01   3.8096721e-01   4.2058756e-01   6.4088681e+00
   1.0379710e-01   9.4745852e-01  -9.1036657e-01   9.5698832e+00
  -4.3592998e-01   2.2359666e-01  -7.1810478e-01   9.5698833e+00
   1.7114475e-01  -6.0550867e-01   4.5926438e-01   6.4569195e+00
   7.6754459e-01   8.3166236e-01  -8.2406248e-01   9.5680918e+00
  -3.2606837e-01   2.3534054e-01   6.2211585e-01   8.1093415e-02
  -4.4664692e-01  -6.8176611e-01   3.7654131e-01   6.4569206e+00
  -8.6231265e-01  -2.8678376e-01  -9.3178458e-01   9.5698833e+00
   3.6227758e-01   2.3430355e-01  -1.6452407e-01   9.5680906e+00
  -7.8647828e-01  -8.0011472e-01   5.8231638e-01   6.4466200e+00
   6.8083846e-01   7.1192903e-01  -3.6523100e-01   9.5680918e+00
   1.4424241e-01  -7.5170825e-01  -8.3681045e-01   6.4564574e+00
   3.6625873e-01   3.9181122e-02  -5.6218026e-01   9.5698833e+00
   9.7609682e-03  -6.0594613e-01  -7.0787503e-01   6.4534798e+00
  -8.7717665e-01  -7.7045231e-01   4.7499052e-01   6.4467224e+00
   6.9648256e-01  -2.2765929e-01   3.8687568e-01   6.4088668e+00
   5.6958530e-02   9.1931843e-01   5.4434726e-01   4.0950656e+00
  -4.2921428e-01   7.8507999e-02   7.2183072e-01   8.1096425e-02
   4.2577851e-01   3.7103676e-01  -4.3153127e-01   9.5680919e+00
  -8.2813423e-01   8.5322851e-01   1.6575210e-01   6.5655224e+00
  -4.9746363e-01  -5.1051749e-01  -4.3182792e-01   9.5698833e+00
  -6.8517132e-01  -7.9963730e-01  -2.3470041e-02   9.5698811e+00
   8.1808327e-01  -1.4706162e-01  -9.0798281e-01   6.5090413e+00
  -9.9946727e-01   1.3096364e-01   2.4638042e-01   9.5698833e+00
   4.1039933e-01  -1.1887906e-01   8.1770342e-01  -3.1424855e-01
  -2.3627462e-01  -1.5548393e-01   4.5840568e-01   6.4550226e+00
  -1.3562241e-01   5.6108301e-01   5.0098902e-01   8.3216317e-02
  -9.1856816e-01   8.6989754e-01   8.2754347e-01   6.5655224e+00
   3.7408734e-01  -2.6675168e-01  -3.6972141e-01   6.5090404e+00
   6.1076529e-01  -2.5596968e-01   5.7225790e-01   5.1886223e+00
   1.2103992e-02   5.1664834e-01  -2.5720585e-01   9.5698832e+00
  -6.3183577e-01  -8.3691007e-01   7.1449661e-02   6.4467191e+00
   7.0263845e-01   6.2800370e-01  -4.4977250e-03   9.5680874e+00
   7.4453854e-01   5.8055410e-01  -2.4242156e-01   9.5680918e+00
   3.3612943e-01  -5.5592280e-01   6.9865585e-01  -3.1424838e-01
  -8.1826032e-01   4.6235494e-02  -4.7961145e-01   9.5698833e+00
  -3.5805779e-01  -3.6347205e-01  -6.9489323e-01   9.5698833e+00
   4.4631959e-01   8.5117101e-02   1.0023185e-02   6.4088687e+00
   2.8400193e-01   3.8693147e-01   6.0556308e-01   6.4462247e+00
  -2.9448182e-01  -9.0421649e-01  -9.4471501e-01   9.5698833e+00
  -1.3619346e-03   9.1607533e-01  -1.3605349e-01   9.5698248e+00
   4.7057584e-01   9.3372892e-01  -5.3059924e-01   9.5680997e+00
   4.0549676e-02  -7.4935813e-01   5.9995608e-01   6.4569233e+00
   6.1806033e-01  -2.7029014e-01   5.0707677e-01   6.3874167e+00
   2.0133905e-01  -2.7544167e-01   8.8866745e-01  -3.1424855e-01
  -9.6168017e-01   5.0509868e-01   5.0773312e-01   6.5655224e+00
  -5.0137050e-01   6.8877552e-01   6.1007976e-01   6.5655224e+00
  -8.2394768e-01  -4.5322992e-01  -7.6418234e-01   9.5698833e+00
  -4.9270095e-01   8.0536984e-01   4.3515453e-01   6.5655224e+00
   5.1997028e-01  -9.2832519e-01  -8.9291668e-01   6.4640293e+00
  -1.2026820e-01  -6.7154717e-02   8.7979183e-01  -3.1424855e-01
   9.5602352e-02   1.8721837e-01  -6.1483320e-01   9.5698833e+00
   6.0997686e-01   3.0784180e-01  -2.6784719e-01   9.5658052e+00
   7.6632615e-02   2.7482603e-01   2.8994373e-02   9.5678269e+00
   9.5696720e-01  -2.4358629e-02   7.4231692e-01   6.4088668e+00
  -5.8767376e-01   1.3270939e-01  -9.3274081e-01   9.5698833e+00
   8.4784798e-01   5.8600850e-01   4.7451957e-03   6.4428009e+00
  -7.9171276e-01   6.7503307e-01  -5.0688792e-01   9.5698833e+00
  -7.3497193e-01   4.4442470e-01   5.4591047e-01   6.5655224e+00
   2.4642883e-01  -5.5223576e-01   2.9745470e-01   6.4564747e+00
  -2.6679950e-02  -8.4104473e-01  -7.4409162e-01   6.4504284e+00
   9.2825636e-01   2.9910986e-01  -4.4357109e-01   6.4089828e+00
   4.7112727e-01   4.0202548e-01   8.1080657e-01   6.4462152e+00
  -5.3744574e-01   3.9958757e-02   8.5767016e-01   8.1121086e-02
   2.9912504e-01   7.0139530e-01   4.9582587e-02   9.5680918e+00
  -6.7673221e-01   8.5594507e-01  -9.4710424e-01   9.5698833e+00
  -9.4301378e-01  -8.4324653e-01  -5.7830187e-01   9.5698833e+00
   7.3525246e-01  -2.5042644e-01  -7.3650939e-02   6.4458271e+00
  -6.7666234e-01  -6.4803161e-01   6.4092487e-01   6.4559623e+00
   5.7810928e-01  -7.6393120e-01  -3.3620684e-01   6.4572636e+00
  -8.3032302e-01   2.0360499e-01   6.0866013e-01   6.5655224e+00
  -5.1920639e-01   4.5637267e-01  -5.7741988e-01   9.5698833e+00
  -6.4188347e-01   7.9506948e-02   5.3583219e-01   6.5750675e+00
   7.2485644e-01   4.7477762e-01  -7.7656930e-01   9.5680918e+00
  -2.2448348e-01   9.6120533e-01  -3.8869399e-02   4.0950741e+00
   1.5293514e-01  -4.4681217e-01   8.8895873e-02   6.4564747e+00
   3.6459319e-01   4.0302247e-01  -4.8028144e-02   9.5680918e+00
  -3.2971942e-01   1.6197267e-01  -7.4869935e-01   9.5698833e+00
   8.4014816e-01   9.6238359e-01  -8.4755119e-01   9.5680918e+00
   4.7253731e-01  -3.5113639e-01   6.6414936e-01   8.0277992e-02
  -2.7334514e-01   9.0869096e-01   4.6146086e-01   4.0950741e+00
  -6.6378035e-01  -9.0998958e-01  -3.9361165e-02   6.4467203e+00
   4.7379519e-02  -8.7699404e-01  -8.6618139e-01   6.4547101e+00
  -5.8006636e-01  -7.6604703e-01   1.0550271e-01   6.4467102e+00
  -1.0533827e-01  -3.3930535e-01  -1.5843649e-02   6.4564925e+00
   3.2756363e-01   3.8007625e-01   9.9332431e-01   6.4461933e+00
   9.3556139e-01   4.9224985e-03  -2.1258114e-01   6.4088668e+00
  -9.7543392e-01   8.3410355e-01   4.0075255e-01   6.5655224e+00
   6.7217825e-01  -5.5736396e-01  -2.8590498e-01   6.5090404e+00
   3.5410043e-01  -7.6206972e-01   9.9170365e-01  -3.1424854e-01
   5.9327397e-01   3.5634194e-02  -5.3090449e-01   9.2181843e+00
  -4.7686754e-02   1.4163983e-01  -8.1146064e-01   9.5698833e+00
   5.8120150e-01   9.8634180e-02   5.2849007e-01   6.4088669e+00
   3.0412903e-01   2.7952139e-01   7.1127014e-01   6.4462100e+00
   9.3317741e-02  -4.7938336e-01  -2.1296693e-01   6.4564747e+00
   3.2120436e-02   7.7597117e-03  -5.9836063e-01   9.5698833e+00
  -7.6737312e-01  -8.4487368e-01  -5.2538460e-01   9.5698833e+00
   7.1136905e-03  -5.4818399e-01  -9.9636750e-01   9.5698833e+00
  -3.9512814e-01   3.7320467e-01  -1.0404154e-01   9.5698833e+00
  -1.0696533e-01  -2.0928841e-01  -8.3203819e-01   9.5698833e+00
   8.4047962e-01   1.7558064e-01   8.3409969e-01   6.4088676e+00
   8.9303780e-01  -1.7905530e-01  -1.2161400e-01   6.4088712e+00
   1.8649964e-01  -6.0004358e-01  -2.4448363e-01   6.4564747e+00
  -3.2141576e-01  -4.4190993e-01   3.7439310e-01   6.4569232e+00
   5.9977023e-01   5.1266174e-01   3.0702595e-01   6.4150627e+00
   1.6496034e-02  -7.2587891e-02  -4.7017404e-01   9.5698833e+00
  -5.2438720e-01   2.6740851e-01   1.3560115e-01   9.5698833e+00
   5.1011151e-01  -5.0238165e-01   3.3077917e-01   6.4475606e+00
   8.9171069e-01   3.0600136e-01   4.7842754e-01   6.4088668e+00
   5.8748164e-01  -6.0429343e-02  -9.4812377e-01   9.5698833e+00
   4.7633682e-01  -7.7961903e-02  -7.0387304e-02   6.4319109e+00
   7.5538433e-01  -1.8032053e-01  -7.3321994e-01   6.5090404e+00
   1.8460386e-01   5.1470191e-01   4.9824130e-01   4.0950656e+00
   6.3961369e-02  -8.0126558e-01   5.1641827e-01   6.4569233e+00
  -6.4415070e-01   7.7143551e-01  -5.0545686e-01   9.5698638e+00
  -2.3228489e-02   5.5446346e-01   9.2598935e-01   8.1091397e-02
  -3.0633476e-01  -2.4271061e-01  -5.0443644e-01   9.5698833e+00
   3.4085912e-01  -2.6099595e-01   7.6778766e-01  -3.1424855e-01
   1.5168217e-01  -1.3231980e-01  -5.3924834e-02   6.4565612e+00
   2.2671276e-01   5.3460072e-01  -2.8379606e-01   9.5681097e+00
  -4.9861738e-01   5.5884877e-01  -8.5936254e-01   9.5698833e+00
   2.4976544e-01  -7.2587207e-02  -2.9144854e-01   9.5698833e+00
   6.2930568e-03   3.7869978e-01   1.8794009e-01   4.0950656e+00
   1.7001100e-01   8.5897602e-01  -2.9222959e-01   9.5698785e+00
   5.4214651e-01  -1.6747555e-01   3.0136625e-01   6.4088634e+00
   2.8112076e-01   5.0580989e-01   9.0702060e-02   9.5680918e+00
   3.4522040e-01  -9.5491306e-01  -5.5317593e-01   6.4564747e+00
  -9.6609555e-01   7.0242712e-01  -5.2323164e-01   9.5698833e+00
   7.9485341e-01  -7.6088851e-01  -3.6077039e-01   6.5090404e+00
   7.4966773e-01  -7.2824692e-01   2.0863269e-01   6.4568531e+00
  -3.8244086e-01  -3.4737472e-01   1.7412799e-01   9.5698833e+00
  -1.2719106e-01   7.6494656e-01  -8.7660405e-02   4.0950741e+00
   8.3253468e-01   2.2185408e-02  -4.6671601e-01   6.4206120e+00
   1.8399538e-01   1.8196542e-01  -4.6019599e-01   9.5698833e+00
  -3.9792151e-01   9.4518687e-01   9.8590032e-01   8.1222361e-02
   8.7912536e-01   7.5494079e-02   2.9174678e-01   6.4088668e+00
   8.1231026e-01  -6.2686432e-02  -3.9637207e-02   6.4088668e+00
   9.2160381e-02  -1.3078204e-01   2.5721529e-01  -3.1411521e-01
  -9.8089525e-02  -5.6416076e-01   6.9782179e-01   6.4569233e+00
   8.9713220e-01   3.6600332e-01  -5.1348913e-01   4.0805699e+00
  -7.4721392e-01   8.5130146e-01  -7.2237044e-01   9.5698276e+00
   1.3010141e-01  -4.5560495e-01  -4.2697258e-01   6.4564747e+00
  -6.4064409e-01  -9.5583980e-01   2.5555144e-01   6.4465625e+00
  -8.1235117e-01   2.3426935e-01  -5.9372069e-01   9.5698833e+00
  -7.7438051e-01  -9.3627574e-01   3.1496733e-01   6.4467187e+00
   8.4939746e-01   7.7727024e-01  -1.8579623e-01   9.5680918e+00
  -8.2728448e-01  -4.1464219e-01   6.9348704e-01   9.5698833e+00
   2.5549158e-01  -9.0033014e-01   5.2996085e-01   6.4565007e+00
  -1.2793898e-01  -5.6605886e-01   9.7640258e-01  -3.1265684e-01
  -9.1140169e-01  -7.7860048e-01   6.9028497e-01   6.4467172e+00
   9.4449825e-01   2.0255908e-01   8.2067397e-01   6.4088668e+00
   2.9255518e-01  -6.2501565e-01  -3.4538664e-02   6.4564747e+00
   2.0492477e-01   6.6554284e-01  -4.7403894e-02   9.5680923e+00
   4.3405052e-01  -1.3647086e-01  -2.7496192e-01   6.5090393e+00
   9.1901124e-01   4.6453945e-01   8.2875108e-01   6.4088669e+00
   7.2823394e-01  -6.2122968e-01  -8.7998680e-01   6.5090404e+00
  -2.8569139e-01  -6.0292888e-01   9.8563145e-01   6.4569211e+00
  -2.9683020e-01  -5.0327346e-01  -2.3539953e-01   9.5698833e+00
   1.3578284e-01  -9.7581169e-01  -2.3625736e-01   6.4564747e+00
   7.0177819e-01  -1.1064274e-01   2.3103602e-01   6.4088668e+00
  -6.6154107e-01   1.0416692e-01  -4.0066836e-01   9.5698833e+00
   2.7105782e-01  -1.5486486e-01   2.7430156e-01   8.0278009e-02
  -2.1053652e-01   3.3430817e-01   6.8528193e-01   8.1090081e-02
  -1.5483390e-01  -4.3628046e-01   8.3685355e-01  -3.1394976e-01
   6.5417614e-01   7.8020859e-01  -2.0180236e-01   9.5680918e+00
   8.5010901e-01   6.3244730e-01  -2.1817645e-01   9.5680877e+00
   4.2682478e-01   4.7977743e-01  -7.8483671e-01   9.5696275e+00
   2.4582961e-01   5.2099630e-01  -6.8621912e-02   9.5680919e+00
   1.8807829e-01  -1.1928368e-01   2.1241702e-01   8.0278009e-02
   2.7522368e-01   1.8092944e-01  -4.6128973e-02   9.5680423e+00
  -6.2882390e-01  -8.7172736e-01   7.8358692e-01   6.4569233e+00
   9.5719469e-01  -3.9927430e-01  -1.9505977e-01   6.4976172e+00
  -9.0170879e-02  -3.1105121e-01  -7.3802362e-01   9.5698833e+00
  -1.3961781e-01  -7.1451050e-01  -5.2765572e-01   7.4797915e+00
   3.9948780e-01   4.2275614e-01   2.7831540e-01   7.5660798e+00
  -9.3730386e-01  -7.7661069e-01  -9.9871503e-01   9.5698833e+00
  -3.0198360e-01   8.1845504e-01  -9.8537831e-01   9.5698833e+00
  -3.9561617e-01   7.4753342e-01   9.9729665e-01   8.1094350e-02
  -5.7199140e-01   9.4512246e-01   4.8007556e-01   6.5655224e+00
   8.4004758e-01   8.0061964e-02   7.0227352e-01   6.4088668e+00
   7.6435583e-02   2.7710316e-01  -3.9740308e-01   9.5698833e+00
   7.7894678e-01   9.8593184e-01  -6.8217553e-01   9.5680918e+00
  -6.4553082e-01   8.4698698e-02   9.5873521e-02   9.5698833e+00
  -1.8648620e-01  -7.4663565e-02  -1.4222659e-01   9.5698833e+00
   5.5886974e-01  -9.5878073e-01  -7.0090650e-01   6.4570122e+00
  -9.0739679e-01  -8.8539092e-01  -3.6268683e-01   9.5698833e+00
   9.5069454e-01   4.4029772e-01   5.6635573e-01   6.4088668e+00
   8.0776253e-01   2.6392305e-02   5.0731358e-01   6.4088668e+00
   2.8292720e-01   9.9108300e-02  -1.0304504e-01   9.5562841e+00
   1.5955703e-01  -9.8552894e-01   1.5423998e-01   6.4564747e+00
   5.3489537e-01   2.1648003e-01   8.8121322e-01   6.4462152e+00
  -6.8243789e-01   8.5380035e-01  -4.6122315e-01   4.0991490e+00
  -4.5743658e-01   3.0482976e-01  -1.5799084e-01   9.5698833e+00
  -8.6615343e-01   3.6677401e-01   9.5426496e-02   9.5698833e+00
  -8.2969669e-01  -1.5939406e-02  -7.6807767e-01   9.5698833e+00
   4.8475197e-01  -9.4912260e-01   9.6989622e-01   2.2202986e-02
  -7.7741872e-01  -8.6281125e-01  -2.1852898e-01   9.5698833e+00
   2.6304373e-02   5.1935609e-01   8.8517625e-03   4.0950735e+00
  -5.8032181e-01  -9.1632673e-01   6.0721139e-01   6.4569231e+00
  -3.0830236e-01   2.6629151e-01   9.2840221e-01   8.1087892e-02
  -3.4064290e-01   8.2241203e-01   1.3830173e-01   4.0950741e+00
  -6.7811696e-01   4.3540228e-01  -7.7705689e-01   9.5698833e+00
  -6.0764004e-01   6.2009830e-01   4.6194948e-01   6.5655224e+00
  -2.4780968e-01   9.3659983e-01   6.6132909e-01   4.0950713e+00
  -8.0379930e-01  -1.4562689e-01   8.4735167e-01   9.5698833e+00
   1.7506582e-01   5.8755407e-01  -9.9650625e-02   9.5680954e+00
  -5.9194320e-01   6.0880019e-01   6.7621411e-01   6.5655224e+00
   8.7371964e-01  -9.8406100e-01   2.9433510e-01   6.4564747e+00
   6.9226071e-01  -3.4779072e-02  -3.0059143e-01   6.4349868e+00
  -6.4781339e-01  -9.6565870e-01   7.0991612e-01   6.4569230e+00
   3.3937667e-01   4.7484274e-01   3.7470846e-01   4.0950720e+00
   8.9426598e-01  -4.1490313e-01   7.9661825e-01   6.4085334e+00
  -8.3310174e-01  -9.1364148e-01  -7.8084405e-01   9.5698833e+00
   1.7059017e-01   2.3410658e-01   3.9371706e-01   4.7836649e+00
  -6.9469234e-01   2.0171432e-01  -5.8806494e-01   9.5698833e+00
   9.9707203e-01   9.1560338e-01   5.6442585e-01   6.4088674e+00
   9.6401702e-01  -3.1333184e-01   9.9100344e-02   6.4088668e+00
   7.1817440e-01   3.2696620e-01  -6.1935097e-01   9.5680918e+00
  -1.0361244e-01  -9.5778519e-01  -7.8066369e-01   1.1601181e+01
  -4.9238993e-02  -3.9722102e-01   1.0721118e-01   6.4566520e+00
  -1.2877658e-01  -3.5620749e-01   1.5674962e-01   6.4569233e+00
   8.2917915e-01   6.3849160e-01  -4.5887460e-01   9.5680918e+00
  -9.1552902e-01   9.2663919e-02   6.1566723e-01   9.5698833e+00
  -7.7581219e-01  -2.0535816e-01   2.5835012e-01   9.5698833e+00
  -5.9609647e-01  -4.8251857e-01   3.7248813e-01   9.5697899e+00
   7.9380848e-01   1.8601660e-01   8.5904145e-01   6.4094591e+00
  -8.0225549e-01  -9.8600452e-01  -5.8145633e-01   9.5698833e+00
