% This file contains all the samples evaluated in this run. Each line contains the input values for one sample followed by outputs.
% Selected inputs are:
% [x,y] -> [out,outinverse]
% All inputs:
% [] -> [] (mapping UNKNOWN)
5.789474e-01 5.789474e-01 4.796690e-01 1.506865e-01 
3.684211e-01 -4.736842e-01 1.383643e-01 6.622431e-02 
4.736842e-01 5.263158e-02 6.711967e-02 2.602633e-02 
-1.000000e+00 -1.000000e+00 0.000000e+00 0.000000e+00 
-1.578947e-01 -6.842105e-01 -2.314831e-02 -3.174424e-02 
5.263158e-02 3.684211e-01 2.734920e-01 2.461668e-01 
2.631579e-01 -1.000000e+00 0.000000e+00 0.000000e+00 
-7.894737e-01 4.736842e-01 1.261868e-01 6.119870e-01 
8.947368e-01 2.631579e-01 5.123197e-01 8.558201e-02 
-1.000000e+00 -5.789474e-01 3.376434e-02 2.494866e-01 
-2.631579e-01 6.842105e-01 1.849831e-01 3.131181e-01 
-4.736842e-01 -3.684211e-01 1.663134e-02 4.289080e-02 
1.000000e+00 7.894737e-01 5.500770e-01 7.444483e-02 
-5.263158e-02 -1.578947e-01 -6.565139e-02 -7.293889e-02 
7.894737e-01 -2.631579e-01 -9.847916e-02 -2.030562e-02 
1.000000e+00 -1.000000e+00 0.000000e+00 0.000000e+00 
6.842105e-01 -7.894737e-01 -4.102535e-01 -1.044130e-01 
-3.684211e-01 1.578947e-01 9.113471e-02 1.904102e-01 
1.578947e-01 8.947368e-01 1.890775e-01 1.378778e-01 
-1.000000e+00 1.000000e+00 4.530470e-02 3.347589e-01 
-8.947368e-01 -5.263158e-02 -1.419062e-02 -8.494935e-02 
-5.789474e-01 -8.947368e-01 -1.506306e-01 -4.794911e-01 
-6.842105e-01 1.000000e+00 6.212821e-02 2.441106e-01 
1.000000e+00 1.000000e+00 3.347589e-01 4.530470e-02 
1.714541e-01 7.145380e-02 6.853299e-02 4.863809e-02 
9.775383e-01 -5.944499e-01 2.167957e-01 3.068821e-02 
5.906364e-01 1.430597e-01 2.153543e-01 6.608962e-02 
9.862642e-01 -4.401953e-02 -7.957726e-02 -1.106957e-02 
-7.875319e-01 -3.397118e-01 2.160668e-03 1.043830e-02 
2.602638e-01 7.655914e-01 2.743940e-01 1.630468e-01 
-4.895113e-01 4.606584e-01 1.699298e-01 4.523283e-01 
-6.790535e-01 -6.032431e-01 3.781933e-02 1.470727e-01 
2.446790e-01 6.206323e-01 3.313878e-01 2.031473e-01 
6.537282e-01 9.062220e-01 3.020266e-01 8.170040e-02 
-3.410388e-01 4.806780e-01 1.977134e-01 3.910737e-01 
6.376460e-02 -4.710927e-01 1.008450e-01 8.877063e-02 
4.136595e-01 -7.543575e-01 -2.253078e-01 -9.850904e-02 
6.258154e-01 -5.914666e-01 1.565758e-01 4.478662e-02 
-1.380919e-01 3.378877e-01 2.161991e-01 2.849700e-01 
-2.626795e-01 -9.816850e-01 -5.801250e-02 -9.810296e-02 
-9.738815e-01 7.002606e-01 8.884195e-02 6.230471e-01 
-5.921121e-01 -6.698762e-02 -2.349578e-02 -7.678774e-02 
3.053213e-01 -8.530073e-01 -3.711160e-01 -2.015167e-01 
5.341868e-01 -9.968858e-01 -2.327683e-02 -7.997146e-03 
-9.744893e-01 8.718189e-01 6.426352e-02 4.512271e-01 
4.076469e-01 3.835753e-01 3.969331e-01 1.756466e-01 
9.221265e-01 5.288570e-01 6.942910e-01 1.097975e-01 
-9.592236e-01 2.305007e-01 7.195179e-02 4.900187e-01 
-4.453104e-01 -6.433913e-01 2.051493e-02 4.998753e-02 
-9.937347e-01 -3.512303e-01 4.988757e-03 3.640318e-02 
3.940608e-02 7.220554e-01 2.367730e-01 2.188289e-01 
-8.127548e-01 -8.512680e-01 -1.209675e-01 -6.146370e-01 
2.640138e-01 -2.107664e-01 -8.382934e-02 -4.943978e-02 
5.872221e-01 -3.789492e-01 6.265388e-02 1.935946e-02 
7.777303e-01 -9.826962e-01 -1.557999e-01 -3.288813e-02 
7.728462e-01 -4.957330e-02 -7.139383e-02 -1.521861e-02 
-9.389549e-01 -7.098524e-01 -2.744450e-02 -1.794821e-01 
-7.618065e-01 1.122496e-01 4.337873e-02 1.990552e-01 
-3.365231e-01 -1.342643e-01 -4.737768e-02 -9.286970e-02 
-9.856491e-01 -7.722155e-01 -6.699205e-02 -4.810024e-01 
7.700992e-01 -4.589376e-01 1.918959e-01 4.113070e-02 
-6.546608e-01 5.458322e-01 1.424748e-01 5.276782e-01 
8.997090e-01 -7.959680e-01 -5.325190e-01 -8.807604e-02 
6.676112e-01 3.692060e-01 5.063500e-01 1.332205e-01 
-9.511618e-01 -8.772390e-01 -1.068678e-01 -7.161692e-01 
-1.879012e-01 1.036755e-02 6.458281e-03 9.404287e-03 
-4.377221e-02 7.225949e-01 2.176904e-01 2.376070e-01 
-8.589521e-01 -4.906888e-01 4.313150e-02 2.403648e-01 
-6.900033e-01 -7.695069e-01 -8.777052e-02 -3.488815e-01 
9.382491e-01 1.087170e-01 2.296663e-01 3.516775e-02 
8.037595e-01 -6.783813e-01 -3.987717e-02 -7.990753e-03 
-4.638305e-01 2.993841e-01 1.447420e-01 3.659929e-01 
6.616507e-01 -9.183194e-01 -4.704858e-01 -1.252691e-01 
9.800648e-01 -3.750277e-01 8.475598e-02 1.193705e-02 
-7.625923e-01 -9.882998e-01 -2.310953e-02 -1.062112e-01 
-4.346423e-01 4.838651e-02 2.476841e-02 5.907770e-02 
-9.159184e-01 7.062966e-01 9.330988e-02 5.827527e-01 
-2.189699e-01 -3.520863e-01 1.135184e-02 1.758981e-02 
2.212233e-01 -6.372783e-01 4.939070e-02 3.173168e-02 
9.500579e-01 -2.066717e-01 -1.688749e-01 -2.525546e-02 
9.979410e-01 -7.334279e-01 -3.034721e-01 -4.123996e-02 
-7.620473e-01 -8.399299e-01 -1.240539e-01 -5.695296e-01 
-8.219739e-01 -7.490308e-01 -6.136922e-02 -3.176201e-01 
-7.818371e-01 5.612009e-01 1.244422e-01 5.943778e-01 
-8.569585e-01 2.790158e-01 9.292096e-02 5.157728e-01 
-4.043071e-01 -8.423144e-01 -1.785288e-01 -4.007606e-01 
9.988750e-01 -8.593989e-01 -7.487895e-01 -1.015659e-01 
4.802974e-01 7.674748e-01 3.407706e-01 1.304010e-01 
5.020946e-02 -8.379063e-01 -2.778961e-01 -2.513455e-01 
-9.114150e-01 5.507328e-01 1.099474e-01 6.805028e-01 
-4.749107e-01 -2.055136e-01 -4.077018e-02 -1.054010e-01 
-1.120506e-01 9.938874e-01 1.119683e-01 1.400944e-01 
-8.795882e-01 -9.372935e-01 -8.631110e-02 -5.012649e-01 
-8.135705e-01 4.638229e-01 1.229822e-01 6.258935e-01 
-8.395407e-01 -6.170387e-01 2.673360e-02 1.433089e-01 
-7.474242e-01 -1.392892e-01 -3.182308e-02 -1.418883e-01 
-9.590215e-01 2.606204e-01 7.964584e-02 5.421988e-01 
-4.859084e-02 -9.889286e-01 -4.477155e-02 -4.934096e-02 
-7.844538e-01 9.178768e-01 6.968001e-02 3.345616e-01 
-9.142980e-01 -8.071319e-01 -9.294563e-02 -5.785996e-01 
-7.374916e-01 -4.703538e-01 4.510060e-02 1.971330e-01 
-2.211816e-01 -2.112862e-01 -5.150359e-02 -8.015921e-02 
9.510971e-01 -8.036510e-01 -5.883589e-01 -8.780716e-02 
4.390006e-02 -6.614797e-01 7.892341e-03 7.228942e-03 
4.616224e-01 -1.934537e-01 -1.073760e-01 -4.265276e-02 
8.620371e-01 7.313578e-01 5.310538e-01 9.470712e-02 
9.152550e-01 -8.918449e-01 -6.760349e-01 -1.083899e-01 
2.433146e-01 2.682711e-01 2.710846e-01 1.666343e-01 
4.595311e-01 -6.102789e-01 1.082562e-01 4.318263e-02 
