   5.2049790e-01   5.7299917e-01   1.5481619e-02
   5.2049790e-01   5.7299917e-01   1.5481619e-02
   5.2049789e-01   5.7299918e-01   1.5481635e-02
   5.2049789e-01   5.7299919e-01   1.5481635e-02
   5.2049787e-01   5.7299920e-01   1.5481652e-02
   5.2049786e-01   5.7299921e-01   1.5481668e-02
   5.2049786e-01   5.7299921e-01   1.5481668e-02
   5.2049785e-01   5.7299922e-01   1.5481681e-02
   5.2049785e-01   5.7299922e-01   1.5481681e-02
   5.2049784e-01   5.7299923e-01   1.5481690e-02
   5.2049784e-01   5.7299924e-01   1.5481697e-02
   5.2049790e-01   5.7299917e-01   1.5481619e-02
   5.2049790e-01   5.7299917e-01   1.5481619e-02
   5.2049782e-01   5.7299925e-01   1.5481715e-02
   5.2049776e-01   5.7299932e-01   1.5481792e-02
   5.2049770e-01   5.7299937e-01   1.5481854e-02
   5.2049770e-01   5.7299937e-01   1.5481854e-02
   5.2049770e-01   5.7299937e-01   1.5481854e-02
   5.2049768e-01   5.7299940e-01   1.5481886e-02
   5.2049768e-01   5.7299940e-01   1.5481886e-02
   5.2049766e-01   5.7299942e-01   1.5481905e-02
   5.2049766e-01   5.7299942e-01   1.5481905e-02
   5.2049790e-01   5.7299917e-01   1.5481619e-02
   5.2049777e-01   5.7299930e-01   1.5481776e-02
   5.2049777e-01   5.7299931e-01   1.5481777e-02
   5.2049766e-01   5.7299942e-01   1.5481911e-02
   5.2049766e-01   5.7299942e-01   1.5481911e-02
   5.2049759e-01   5.7299949e-01   1.5481992e-02
   5.2049759e-01   5.7299949e-01   1.5481992e-02
   5.2049755e-01   5.7299954e-01   1.5482041e-02
   5.2049752e-01   5.7299957e-01   1.5482079e-02
   5.2049752e-01   5.7299957e-01   1.5482079e-02
   5.2049752e-01   5.7299957e-01   1.5482079e-02
   5.2049790e-01   5.7299917e-01   1.5481619e-02
   5.2049771e-01   5.7299936e-01   1.5481846e-02
   5.2049771e-01   5.7299937e-01   1.5481846e-02
   5.2049755e-01   5.7299953e-01   1.5482034e-02
   5.2049743e-01   5.7299965e-01   1.5482179e-02
   5.2049743e-01   5.7299965e-01   1.5482179e-02
   5.2049736e-01   5.7299973e-01   1.5482264e-02
   5.2049731e-01   5.7299978e-01   1.5482330e-02
   5.2049726e-01   5.7299982e-01   1.5482380e-02
   5.2049726e-01   5.7299983e-01   1.5482380e-02
   5.2049726e-01   5.7299983e-01   1.5482380e-02
   5.2049790e-01   5.7299917e-01   1.5481619e-02
   5.2049765e-01   5.7299942e-01   1.5481911e-02
   5.2049766e-01   5.7299943e-01   1.5481912e-02
   5.2049766e-01   5.7299943e-01   1.5481912e-02
   5.2049767e-01   5.7299943e-01   1.5481912e-02
   5.2049755e-01   5.7299955e-01   1.5482052e-02
   5.2049746e-01   5.7299964e-01   1.5482158e-02
   5.2049746e-01   5.7299965e-01   1.5482159e-02
   5.2049741e-01   5.7299970e-01   1.5482221e-02
   5.2049737e-01   5.7299974e-01   1.5482268e-02
   5.2049734e-01   5.7299977e-01   1.5482304e-02
   5.2049790e-01   5.7299917e-01   1.5481619e-02
   5.2049791e-01   5.7299918e-01   1.5481619e-02
   5.2049759e-01   5.7299950e-01   1.5481998e-02
   5.2049734e-01   5.7299974e-01   1.5482286e-02
   5.2049735e-01   5.7299975e-01   1.5482286e-02
   5.2049735e-01   5.7299975e-01   1.5482286e-02
   5.2049735e-01   5.7299976e-01   1.5482286e-02
   5.2049736e-01   5.7299976e-01   1.5482286e-02
   5.2049736e-01   5.7299976e-01   1.5482286e-02
   5.2049736e-01   5.7299976e-01   1.5482287e-02
   5.2049736e-01   5.7299976e-01   1.5482287e-02
   5.2049790e-01   5.7299917e-01   1.5481619e-02
   5.2049791e-01   5.7299918e-01   1.5481619e-02
   5.2049754e-01   5.7299955e-01   1.5482060e-02
   5.2049725e-01   5.7299984e-01   1.5482395e-02
   5.2049726e-01   5.7299984e-01   1.5482395e-02
   5.2049726e-01   5.7299985e-01   1.5482395e-02
   5.2049714e-01   5.7299997e-01   1.5482541e-02
   5.2049704e-01   5.7300007e-01   1.5482652e-02
   5.2049704e-01   5.7300007e-01   1.5482652e-02
   5.2049699e-01   5.7300012e-01   1.5482716e-02
   5.2049695e-01   5.7300016e-01   1.5482765e-02
   5.2049790e-01   5.7299917e-01   1.5481619e-02
   5.2049750e-01   5.7299957e-01   1.5482090e-02
   5.2049708e-01   5.7300000e-01   1.5482590e-02
   5.2049708e-01   5.7300000e-01   1.5482590e-02
   5.2049709e-01   5.7300001e-01   1.5482590e-02
   5.2049691e-01   5.7300019e-01   1.5482808e-02
   5.2049677e-01   5.7300033e-01   1.5482973e-02
   5.2049677e-01   5.7300034e-01   1.5482973e-02
   5.2049669e-01   5.7300042e-01   1.5483067e-02
   5.2049663e-01   5.7300048e-01   1.5483139e-02
   5.2049663e-01   5.7300048e-01   1.5483139e-02
   5.2049790e-01   5.7299917e-01   1.5481619e-02
   5.2049746e-01   5.7299962e-01   1.5482144e-02
   5.2049747e-01   5.7299963e-01   1.5482144e-02
   5.2049711e-01   5.7299999e-01   1.5482565e-02
   5.2049712e-01   5.7299999e-01   1.5482565e-02
   5.2049712e-01   5.7300000e-01   1.5482565e-02
   5.2049713e-01   5.7300000e-01   1.5482565e-02
   5.2049701e-01   5.7300012e-01   1.5482703e-02
   5.2049701e-01   5.7300012e-01   1.5482703e-02
   5.2049694e-01   5.7300019e-01   1.5482782e-02
   5.2049695e-01   5.7300019e-01   1.5482782e-02
   5.2049790e-01   5.7299917e-01   1.5481619e-02
   5.2049741e-01   5.7299966e-01   1.5482195e-02
   5.2049742e-01   5.7299967e-01   1.5482195e-02
   5.2049743e-01   5.7299968e-01   1.5482196e-02
   5.2049744e-01   5.7299969e-01   1.5482196e-02
   5.2049722e-01   5.7299991e-01   1.5482459e-02
   5.2049705e-01   5.7300008e-01   1.5482658e-02
   5.2049692e-01   5.7300021e-01   1.5482808e-02
   5.2049692e-01   5.7300021e-01   1.5482808e-02
   5.2049693e-01   5.7300021e-01   1.5482808e-02
   5.2049687e-01   5.7300027e-01   1.5482873e-02
   5.2049790e-01   5.7299917e-01   1.5481619e-02
   5.2049791e-01   5.7299918e-01   1.5481619e-02
   5.2049735e-01   5.7299974e-01   1.5482280e-02
   5.2049736e-01   5.7299976e-01   1.5482280e-02
   5.2049737e-01   5.7299976e-01   1.5482281e-02
   5.2049713e-01   5.7300000e-01   1.5482565e-02
   5.2049695e-01   5.7300019e-01   1.5482780e-02
   5.2049695e-01   5.7300019e-01   1.5482780e-02
   5.2049695e-01   5.7300019e-01   1.5482780e-02
   5.2049688e-01   5.7300027e-01   1.5482872e-02
   5.2049682e-01   5.7300033e-01   1.5482942e-02
   5.2049790e-01   5.7299917e-01   1.5481619e-02
   5.2049791e-01   5.7299919e-01   1.5481619e-02
   5.2049731e-01   5.7299979e-01   1.5482329e-02
   5.2049686e-01   5.7300024e-01   1.5482864e-02
   5.2049652e-01   5.7300058e-01   1.5483268e-02
   5.2049626e-01   5.7300084e-01   1.5483572e-02
   5.2049626e-01   5.7300085e-01   1.5483572e-02
   5.2049612e-01   5.7300099e-01   1.5483746e-02
   5.2049612e-01   5.7300100e-01   1.5483746e-02
   5.2049603e-01   5.7300108e-01   1.5483845e-02
   5.2049597e-01   5.7300114e-01   1.5483919e-02
   5.2049790e-01   5.7299917e-01   1.5481619e-02
   5.2049729e-01   5.7299978e-01   1.5482335e-02
   5.2049731e-01   5.7299979e-01   1.5482335e-02
   5.2049732e-01   5.7299981e-01   1.5482335e-02
   5.2049696e-01   5.7300017e-01   1.5482765e-02
   5.2049668e-01   5.7300045e-01   1.5483089e-02
   5.2049669e-01   5.7300045e-01   1.5483089e-02
   5.2049669e-01   5.7300045e-01   1.5483089e-02
   5.2049669e-01   5.7300046e-01   1.5483089e-02
   5.2049661e-01   5.7300055e-01   1.5483194e-02
   5.2049654e-01   5.7300061e-01   1.5483273e-02
   5.2049790e-01   5.7299917e-01   1.5481619e-02
   5.2049726e-01   5.7299981e-01   1.5482377e-02
   5.2049727e-01   5.7299983e-01   1.5482377e-02
   5.2049729e-01   5.7299984e-01   1.5482378e-02
   5.2049690e-01   5.7300023e-01   1.5482832e-02
   5.2049691e-01   5.7300024e-01   1.5482832e-02
   5.2049669e-01   5.7300046e-01   1.5483090e-02
   5.2049669e-01   5.7300046e-01   1.5483090e-02
   5.2049657e-01   5.7300058e-01   1.5483236e-02
   5.2049648e-01   5.7300068e-01   1.5483347e-02
   5.2049648e-01   5.7300068e-01   1.5483347e-02
   5.2049790e-01   5.7299917e-01   1.5481619e-02
   5.2049792e-01   5.7299919e-01   1.5481619e-02
   5.2049720e-01   5.7299990e-01   1.5482461e-02
   5.2049667e-01   5.7300044e-01   1.5483095e-02
   5.2049668e-01   5.7300045e-01   1.5483095e-02
   5.2049637e-01   5.7300076e-01   1.5483455e-02
   5.2049638e-01   5.7300076e-01   1.5483455e-02
   5.2049620e-01   5.7300093e-01   1.5483659e-02
   5.2049621e-01   5.7300094e-01   1.5483660e-02
   5.2049611e-01   5.7300104e-01   1.5483775e-02
   5.2049611e-01   5.7300104e-01   1.5483775e-02
   5.2049790e-01   5.7299917e-01   1.5481619e-02
   5.2049792e-01   5.7299919e-01   1.5481619e-02
   5.2049794e-01   5.7299921e-01   1.5481620e-02
   5.2049737e-01   5.7299977e-01   1.5482284e-02
   5.2049695e-01   5.7300019e-01   1.5482784e-02
   5.2049663e-01   5.7300051e-01   1.5483160e-02
   5.2049664e-01   5.7300052e-01   1.5483161e-02
   5.2049645e-01   5.7300070e-01   1.5483374e-02
   5.2049632e-01   5.7300084e-01   1.5483535e-02
   5.2049622e-01   5.7300094e-01   1.5483656e-02
   5.2049614e-01   5.7300102e-01   1.5483747e-02
   5.2049790e-01   5.7299917e-01   1.5481619e-02
   5.2049792e-01   5.7299919e-01   1.5481619e-02
   5.2049714e-01   5.7299997e-01   1.5482539e-02
   5.2049655e-01   5.7300056e-01   1.5483232e-02
   5.2049656e-01   5.7300057e-01   1.5483232e-02
   5.2049623e-01   5.7300090e-01   1.5483625e-02
   5.2049624e-01   5.7300091e-01   1.5483625e-02
   5.2049624e-01   5.7300091e-01   1.5483625e-02
   5.2049610e-01   5.7300105e-01   1.5483792e-02
   5.2049610e-01   5.7300106e-01   1.5483792e-02
   5.2049602e-01   5.7300114e-01   1.5483887e-02
   5.2049790e-01   5.7299917e-01   1.5481619e-02
   5.2049792e-01   5.7299919e-01   1.5481619e-02
   5.2049711e-01   5.7300000e-01   1.5482576e-02
   5.2049650e-01   5.7300061e-01   1.5483296e-02
   5.2049651e-01   5.7300062e-01   1.5483296e-02
   5.2049616e-01   5.7300097e-01   1.5483703e-02
   5.2049617e-01   5.7300098e-01   1.5483704e-02
   5.2049597e-01   5.7300117e-01   1.5483934e-02
   5.2049583e-01   5.7300132e-01   1.5484108e-02
   5.2049583e-01   5.7300132e-01   1.5484108e-02
   5.2049575e-01   5.7300141e-01   1.5484206e-02
   5.2049790e-01   5.7299917e-01   1.5481619e-02
   5.2049792e-01   5.7299919e-01   1.5481619e-02
   5.2049708e-01   5.7300003e-01   1.5482611e-02
   5.2049710e-01   5.7300005e-01   1.5482611e-02
   5.2049662e-01   5.7300052e-01   1.5483172e-02
   5.2049663e-01   5.7300053e-01   1.5483172e-02
   5.2049663e-01   5.7300054e-01   1.5483172e-02
   5.2049643e-01   5.7300074e-01   1.5483411e-02
   5.2049644e-01   5.7300075e-01   1.5483411e-02
   5.2049644e-01   5.7300075e-01   1.5483411e-02
   5.2049635e-01   5.7300083e-01   1.5483513e-02
   5.2049790e-01   5.7299917e-01   1.5481619e-02
   5.2049792e-01   5.7299919e-01   1.5481619e-02
   5.2049794e-01   5.7299921e-01   1.5481620e-02
   5.2049729e-01   5.7299987e-01   1.5482390e-02
   5.2049680e-01   5.7300036e-01   1.5482970e-02
   5.2049681e-01   5.7300037e-01   1.5482970e-02
   5.2049653e-01   5.7300065e-01   1.5483298e-02
   5.2049632e-01   5.7300085e-01   1.5483545e-02
   5.2049616e-01   5.7300101e-01   1.5483730e-02
   5.2049604e-01   5.7300113e-01   1.5483869e-02
   5.2049595e-01   5.7300122e-01   1.5483974e-02
   5.2049790e-01   5.7299917e-01   1.5481619e-02
   5.2049792e-01   5.7299919e-01   1.5481619e-02
   5.2049794e-01   5.7299921e-01   1.5481620e-02
   5.2049796e-01   5.7299923e-01   1.5481621e-02
   5.2049745e-01   5.7299974e-01   1.5482218e-02
   5.2049746e-01   5.7299975e-01   1.5482218e-02
   5.2049747e-01   5.7299975e-01   1.5482218e-02
   5.2049726e-01   5.7299997e-01   1.5482472e-02
   5.2049726e-01   5.7299997e-01   1.5482472e-02
   5.2049714e-01   5.7300010e-01   1.5482616e-02
   5.2049714e-01   5.7300010e-01   1.5482616e-02
   5.2049790e-01   5.7299917e-01   1.5481619e-02
   5.2049792e-01   5.7299919e-01   1.5481620e-02
   5.2049795e-01   5.7299922e-01   1.5481620e-02
   5.2049725e-01   5.7299991e-01   1.5482437e-02
   5.2049727e-01   5.7299992e-01   1.5482437e-02
   5.2049687e-01   5.7300031e-01   1.5482899e-02
   5.2049658e-01   5.7300061e-01   1.5483246e-02
   5.2049636e-01   5.7300083e-01   1.5483507e-02
   5.2049619e-01   5.7300100e-01   1.5483703e-02
   5.2049607e-01   5.7300112e-01   1.5483850e-02
   5.2049597e-01   5.7300121e-01   1.5483961e-02
   5.2049790e-01   5.7299917e-01   1.5481619e-02
   5.2049700e-01   5.7300007e-01   1.5482678e-02
   5.2049703e-01   5.7300009e-01   1.5482679e-02
   5.2049631e-01   5.7300080e-01   1.5483517e-02
   5.2049578e-01   5.7300134e-01   1.5484147e-02
   5.2049538e-01   5.7300174e-01   1.5484621e-02
   5.2049539e-01   5.7300175e-01   1.5484621e-02
   5.2049516e-01   5.7300198e-01   1.5484888e-02
   5.2049499e-01   5.7300215e-01   1.5485090e-02
   5.2049486e-01   5.7300227e-01   1.5485241e-02
   5.2049486e-01   5.7300228e-01   1.5485241e-02
   5.2049790e-01   5.7299917e-01   1.5481619e-02
   5.2049698e-01   5.7300009e-01   1.5482704e-02
   5.2049601e-01   5.7300106e-01   1.5483847e-02
   5.2049528e-01   5.7300179e-01   1.5484706e-02
   5.2049530e-01   5.7300180e-01   1.5484706e-02
   5.2049488e-01   5.7300222e-01   1.5485191e-02
   5.2049457e-01   5.7300252e-01   1.5485556e-02
   5.2049458e-01   5.7300253e-01   1.5485556e-02
   5.2049441e-01   5.7300270e-01   1.5485762e-02
   5.2049427e-01   5.7300284e-01   1.5485916e-02
   5.2049428e-01   5.7300284e-01   1.5485916e-02
   5.2049790e-01   5.7299917e-01   1.5481619e-02
   5.2049696e-01   5.7300011e-01   1.5482730e-02
   5.2049698e-01   5.7300014e-01   1.5482730e-02
   5.2049624e-01   5.7300088e-01   1.5483608e-02
   5.2049568e-01   5.7300144e-01   1.5484268e-02
   5.2049526e-01   5.7300186e-01   1.5484764e-02
   5.2049526e-01   5.7300187e-01   1.5484765e-02
   5.2049503e-01   5.7300211e-01   1.5485045e-02
   5.2049503e-01   5.7300211e-01   1.5485045e-02
   5.2049504e-01   5.7300212e-01   1.5485045e-02
   5.2049504e-01   5.7300212e-01   1.5485045e-02
   5.2049790e-01   5.7299917e-01   1.5481619e-02
   5.2049694e-01   5.7300013e-01   1.5482753e-02
   5.2049593e-01   5.7300115e-01   1.5483947e-02
   5.2049516e-01   5.7300191e-01   1.5484844e-02
   5.2049459e-01   5.7300248e-01   1.5485518e-02
   5.2049416e-01   5.7300291e-01   1.5486024e-02
   5.2049417e-01   5.7300292e-01   1.5486025e-02
   5.2049418e-01   5.7300292e-01   1.5486025e-02
   5.2049399e-01   5.7300311e-01   1.5486240e-02
   5.2049386e-01   5.7300324e-01   1.5486401e-02
   5.2049386e-01   5.7300324e-01   1.5486401e-02
   5.2049790e-01   5.7299917e-01   1.5481619e-02
   5.2049692e-01   5.7300015e-01   1.5482776e-02
   5.2049694e-01   5.7300018e-01   1.5482777e-02
   5.2049617e-01   5.7300095e-01   1.5483692e-02
   5.2049559e-01   5.7300154e-01   1.5484379e-02
   5.2049515e-01   5.7300198e-01   1.5484895e-02
   5.2049516e-01   5.7300198e-01   1.5484896e-02
   5.2049516e-01   5.7300199e-01   1.5484896e-02
   5.2049517e-01   5.7300199e-01   1.5484896e-02
   5.2049517e-01   5.7300200e-01   1.5484896e-02
   5.2049517e-01   5.7300200e-01   1.5484896e-02
   5.2049790e-01   5.7299917e-01   1.5481619e-02
   5.2049690e-01   5.7300017e-01   1.5482798e-02
   5.2049693e-01   5.7300020e-01   1.5482799e-02
   5.2049695e-01   5.7300022e-01   1.5482799e-02
   5.2049696e-01   5.7300023e-01   1.5482800e-02
   5.2049697e-01   5.7300024e-01   1.5482800e-02
   5.2049664e-01   5.7300058e-01   1.5483195e-02
   5.2049664e-01   5.7300058e-01   1.5483195e-02
   5.2049645e-01   5.7300077e-01   1.5483418e-02
   5.2049646e-01   5.7300078e-01   1.5483418e-02
   5.2049635e-01   5.7300088e-01   1.5483544e-02
   5.2049790e-01   5.7299917e-01   1.5481619e-02
   5.2049793e-01   5.7299920e-01   1.5481620e-02
   5.2049686e-01   5.7300027e-01   1.5482882e-02
   5.2049688e-01   5.7300029e-01   1.5482882e-02
   5.2049689e-01   5.7300030e-01   1.5482883e-02
   5.2049690e-01   5.7300031e-01   1.5482883e-02
   5.2049691e-01   5.7300032e-01   1.5482883e-02
   5.2049665e-01   5.7300058e-01   1.5483185e-02
   5.2049666e-01   5.7300058e-01   1.5483185e-02
   5.2049651e-01   5.7300073e-01   1.5483355e-02
   5.2049641e-01   5.7300084e-01   1.5483483e-02
   5.2049790e-01   5.7299917e-01   1.5481619e-02
   5.2049687e-01   5.7300021e-01   1.5482839e-02
   5.2049689e-01   5.7300023e-01   1.5482840e-02
   5.2049691e-01   5.7300025e-01   1.5482840e-02
   5.2049630e-01   5.7300087e-01   1.5483564e-02
   5.2049584e-01   5.7300133e-01   1.5484107e-02
   5.2049549e-01   5.7300167e-01   1.5484516e-02
   5.2049550e-01   5.7300168e-01   1.5484516e-02
   5.2049530e-01   5.7300188e-01   1.5484746e-02
   5.2049531e-01   5.7300188e-01   1.5484746e-02
   5.2049520e-01   5.7300199e-01   1.5484876e-02
   5.2049790e-01   5.7299917e-01   1.5481619e-02
   5.2049685e-01   5.7300022e-01   1.5482858e-02
   5.2049574e-01   5.7300133e-01   1.5484160e-02
   5.2049491e-01   5.7300216e-01   1.5485139e-02
   5.2049493e-01   5.7300217e-01   1.5485139e-02
   5.2049446e-01   5.7300264e-01   1.5485691e-02
   5.2049447e-01   5.7300265e-01   1.5485691e-02
   5.2049448e-01   5.7300266e-01   1.5485691e-02
   5.2049448e-01   5.7300266e-01   1.5485692e-02
   5.2049449e-01   5.7300266e-01   1.5485692e-02
   5.2049449e-01   5.7300267e-01   1.5485692e-02
   5.2049790e-01   5.7299917e-01   1.5481619e-02
   5.2049683e-01   5.7300024e-01   1.5482876e-02
   5.2049571e-01   5.7300136e-01   1.5484197e-02
   5.2049487e-01   5.7300220e-01   1.5485190e-02
   5.2049489e-01   5.7300222e-01   1.5485190e-02
   5.2049490e-01   5.7300223e-01   1.5485191e-02
   5.2049491e-01   5.7300224e-01   1.5485191e-02
   5.2049491e-01   5.7300224e-01   1.5485191e-02
   5.2049471e-01   5.7300244e-01   1.5485428e-02
   5.2049456e-01   5.7300260e-01   1.5485606e-02
   5.2049456e-01   5.7300260e-01   1.5485606e-02
   5.2049790e-01   5.7299917e-01   1.5481619e-02
   5.2049793e-01   5.7299920e-01   1.5481620e-02
   5.2049679e-01   5.7300033e-01   1.5482959e-02
   5.2049594e-01   5.7300119e-01   1.5483965e-02
   5.2049530e-01   5.7300183e-01   1.5484720e-02
   5.2049531e-01   5.7300184e-01   1.5484721e-02
   5.2049532e-01   5.7300185e-01   1.5484721e-02
   5.2049532e-01   5.7300186e-01   1.5484721e-02
   5.2049512e-01   5.7300206e-01   1.5484961e-02
   5.2049497e-01   5.7300221e-01   1.5485142e-02
   5.2049485e-01   5.7300233e-01   1.5485277e-02
   5.2049790e-01   5.7299917e-01   1.5481619e-02
   5.2049681e-01   5.7300027e-01   1.5482909e-02
   5.2049683e-01   5.7300029e-01   1.5482910e-02
   5.2049686e-01   5.7300032e-01   1.5482911e-02
   5.2049621e-01   5.7300097e-01   1.5483676e-02
   5.2049572e-01   5.7300145e-01   1.5484250e-02
   5.2049573e-01   5.7300146e-01   1.5484250e-02
   5.2049574e-01   5.7300147e-01   1.5484251e-02
   5.2049574e-01   5.7300147e-01   1.5484251e-02
   5.2049574e-01   5.7300148e-01   1.5484251e-02
   5.2049563e-01   5.7300159e-01   1.5484388e-02
   5.2049790e-01   5.7299917e-01   1.5481619e-02
   5.2049679e-01   5.7300028e-01   1.5482925e-02
   5.2049563e-01   5.7300144e-01   1.5484298e-02
   5.2049565e-01   5.7300147e-01   1.5484299e-02
   5.2049499e-01   5.7300212e-01   1.5485073e-02
   5.2049450e-01   5.7300262e-01   1.5485654e-02
   5.2049413e-01   5.7300299e-01   1.5486091e-02
   5.2049414e-01   5.7300299e-01   1.5486091e-02
   5.2049414e-01   5.7300300e-01   1.5486091e-02
   5.2049414e-01   5.7300300e-01   1.5486091e-02
   5.2049415e-01   5.7300301e-01   1.5486091e-02
   5.2049790e-01   5.7299917e-01   1.5481619e-02
   5.2049678e-01   5.7300029e-01   1.5482940e-02
   5.2049560e-01   5.7300147e-01   1.5484329e-02
   5.2049472e-01   5.7300236e-01   1.5485372e-02
   5.2049405e-01   5.7300302e-01   1.5486155e-02
   5.2049355e-01   5.7300352e-01   1.5486742e-02
   5.2049318e-01   5.7300389e-01   1.5487184e-02
   5.2049290e-01   5.7300417e-01   1.5487515e-02
   5.2049290e-01   5.7300418e-01   1.5487515e-02
   5.2049275e-01   5.7300434e-01   1.5487702e-02
   2.9935203e-01  -9.9997855e-01   1.7554905e+01
   2.9935186e-01  -9.9997871e-01   1.7554907e+01
   2.9935161e-01  -9.9997896e-01   1.7554911e+01
   2.9934995e-01  -9.9997730e-01   1.7554902e+01
   2.9934830e-01  -9.9997565e-01   1.7554892e+01
   2.9934795e-01  -9.9997601e-01   1.7554898e+01
   2.9934627e-01  -9.9997433e-01   1.7554889e+01
   2.9934461e-01  -9.9997268e-01   1.7554879e+01
   2.9934298e-01  -9.9997104e-01   1.7554869e+01
   2.9934137e-01  -9.9996943e-01   1.7554860e+01
   2.9934069e-01  -9.9997011e-01   1.7554871e+01
   2.9933905e-01  -9.9996846e-01   1.7554862e+01
   2.9933735e-01  -9.9996677e-01   1.7554852e+01
   2.9933642e-01  -9.9996770e-01   1.7554868e+01
   2.9933567e-01  -9.9996845e-01   1.7554880e+01
   2.9933507e-01  -9.9996905e-01   1.7554890e+01
   2.9933460e-01  -9.9996952e-01   1.7554898e+01
   2.9933422e-01  -9.9996990e-01   1.7554904e+01
   2.9933392e-01  -9.9997019e-01   1.7554909e+01
   2.9933369e-01  -9.9997043e-01   1.7554913e+01
   2.9933351e-01  -9.9997061e-01   1.7554916e+01
   2.9933336e-01  -9.9997076e-01   1.7554918e+01
   2.9933325e-01  -9.9997065e-01   1.7554918e+01
   2.9933314e-01  -9.9997053e-01   1.7554917e+01
   2.9933735e-01  -9.9996677e-01   1.7554852e+01
   2.9933567e-01  -9.9996845e-01   1.7554880e+01
   2.9933425e-01  -9.9996702e-01   1.7554872e+01
   2.9933277e-01  -9.9996555e-01   1.7554863e+01
   2.9933062e-01  -9.9996770e-01   1.7554899e+01
   2.9932950e-01  -9.9996658e-01   1.7554892e+01
   2.9932835e-01  -9.9996543e-01   1.7554886e+01
   2.9932639e-01  -9.9996738e-01   1.7554918e+01
   2.9932552e-01  -9.9996650e-01   1.7554913e+01
   2.9932462e-01  -9.9996560e-01   1.7554908e+01
   2.9932286e-01  -9.9996735e-01   1.7554937e+01
   2.9933735e-01  -9.9996677e-01   1.7554852e+01
   2.9933623e-01  -9.9996564e-01   1.7554845e+01
   2.9933512e-01  -9.9996453e-01   1.7554839e+01
   2.9933267e-01  -9.9996698e-01   1.7554880e+01
   2.9933156e-01  -9.9996586e-01   1.7554873e+01
   2.9933041e-01  -9.9996472e-01   1.7554867e+01
   2.9932739e-01  -9.9996775e-01   1.7554917e+01
   2.9932652e-01  -9.9996688e-01   1.7554912e+01
   2.9932564e-01  -9.9996599e-01   1.7554907e+01
   2.9932297e-01  -9.9996866e-01   1.7554951e+01
   2.9932230e-01  -9.9996799e-01   1.7554947e+01
   2.9932012e-01  -9.9997018e-01   1.7554984e+01
   2.9931845e-01  -9.9997184e-01   1.7555011e+01
   2.9933512e-01  -9.9996453e-01   1.7554839e+01
   2.9933428e-01  -9.9996369e-01   1.7554834e+01
   2.9933116e-01  -9.9996680e-01   1.7554886e+01
   2.9933032e-01  -9.9996596e-01   1.7554881e+01
   2.9932677e-01  -9.9996951e-01   1.7554940e+01
   2.9932406e-01  -9.9997222e-01   1.7554985e+01
   2.9932361e-01  -9.9997177e-01   1.7554983e+01
   2.9932140e-01  -9.9997397e-01   1.7555019e+01
   2.9931973e-01  -9.9997565e-01   1.7555047e+01
   2.9931845e-01  -9.9997692e-01   1.7555068e+01
   2.9931827e-01  -9.9997674e-01   1.7555067e+01
   2.9931809e-01  -9.9997656e-01   1.7555066e+01
   2.9931790e-01  -9.9997638e-01   1.7555065e+01
   2.9933428e-01  -9.9996369e-01   1.7554834e+01
   2.9933053e-01  -9.9996744e-01   1.7554896e+01
   2.9932995e-01  -9.9996686e-01   1.7554893e+01
   2.9932936e-01  -9.9996627e-01   1.7554890e+01
   2.9932485e-01  -9.9997079e-01   1.7554965e+01
   2.9932442e-01  -9.9997036e-01   1.7554962e+01
   2.9932077e-01  -9.9997401e-01   1.7555023e+01
   2.9931800e-01  -9.9997678e-01   1.7555069e+01
   2.9931778e-01  -9.9997656e-01   1.7555068e+01
   2.9931756e-01  -9.9997634e-01   1.7555067e+01
   2.9931518e-01  -9.9997872e-01   1.7555106e+01
   2.9933428e-01  -9.9996369e-01   1.7554834e+01
   2.9933392e-01  -9.9996334e-01   1.7554832e+01
   2.9933359e-01  -9.9996300e-01   1.7554830e+01
   2.9933328e-01  -9.9996269e-01   1.7554828e+01
   2.9932883e-01  -9.9996714e-01   1.7554902e+01
   2.9932854e-01  -9.9996685e-01   1.7554901e+01
   2.9932825e-01  -9.9996656e-01   1.7554899e+01
   2.9932798e-01  -9.9996629e-01   1.7554897e+01
   2.9932771e-01  -9.9996602e-01   1.7554896e+01
   2.9932173e-01  -9.9997200e-01   1.7554995e+01
   2.9932155e-01  -9.9997183e-01   1.7554994e+01
   2.9931675e-01  -9.9997664e-01   1.7555074e+01
   2.9931664e-01  -9.9997653e-01   1.7555074e+01
   2.9931654e-01  -9.9997643e-01   1.7555073e+01
   2.9931645e-01  -9.9997634e-01   1.7555073e+01
   2.9931637e-01  -9.9997626e-01   1.7555072e+01
   2.9933328e-01  -9.9996269e-01   1.7554828e+01
   2.9932821e-01  -9.9996775e-01   1.7554913e+01
   2.9932818e-01  -9.9996771e-01   1.7554912e+01
   2.9932816e-01  -9.9996770e-01   1.7554912e+01
   2.9932214e-01  -9.9997371e-01   1.7555012e+01
   2.9931759e-01  -9.9997827e-01   1.7555088e+01
   2.9931415e-01  -9.9998171e-01   1.7555145e+01
   2.9931417e-01  -9.9998174e-01   1.7555145e+01
   2.9931420e-01  -9.9998176e-01   1.7555146e+01
   2.9931422e-01  -9.9998179e-01   1.7555146e+01
   2.9931425e-01  -9.9998181e-01   1.7555146e+01
   2.9933328e-01  -9.9996269e-01   1.7554828e+01
   2.9932772e-01  -9.9996824e-01   1.7554921e+01
   2.9932789e-01  -9.9996841e-01   1.7554922e+01
   2.9932345e-01  -9.9997285e-01   1.7554996e+01
   2.9932356e-01  -9.9997297e-01   1.7554996e+01
   2.9932102e-01  -9.9997551e-01   1.7555038e+01
   2.9932110e-01  -9.9997558e-01   1.7555039e+01
   2.9932116e-01  -9.9997564e-01   1.7555039e+01
   2.9932007e-01  -9.9997674e-01   1.7555057e+01
   2.9932011e-01  -9.9997678e-01   1.7555058e+01
   2.9931948e-01  -9.9997740e-01   1.7555068e+01
   2.9933328e-01  -9.9996269e-01   1.7554828e+01
   2.9933361e-01  -9.9996302e-01   1.7554830e+01
   2.9932724e-01  -9.9996939e-01   1.7554936e+01
   2.9932752e-01  -9.9996968e-01   1.7554938e+01
   2.9932389e-01  -9.9997331e-01   1.7554998e+01
   2.9932406e-01  -9.9997348e-01   1.7554999e+01
   2.9932199e-01  -9.9997555e-01   1.7555034e+01
   2.9932210e-01  -9.9997566e-01   1.7555034e+01
   2.9932092e-01  -9.9997684e-01   1.7555054e+01
   2.9932003e-01  -9.9997773e-01   1.7555069e+01
   2.9931936e-01  -9.9997841e-01   1.7555080e+01
   2.9933328e-01  -9.9996269e-01   1.7554828e+01
   2.9933379e-01  -9.9996320e-01   1.7554831e+01
   2.9933434e-01  -9.9996375e-01   1.7554835e+01
   2.9933476e-01  -9.9996418e-01   1.7554837e+01
   2.9933087e-01  -9.9996807e-01   1.7554902e+01
   2.9933112e-01  -9.9996833e-01   1.7554903e+01
   2.9933132e-01  -9.9996852e-01   1.7554904e+01
   2.9933147e-01  -9.9996867e-01   1.7554905e+01
   2.9933159e-01  -9.9996879e-01   1.7554906e+01
   2.9933063e-01  -9.9996974e-01   1.7554922e+01
   2.9932992e-01  -9.9997046e-01   1.7554934e+01
   2.9933328e-01  -9.9996269e-01   1.7554828e+01
   2.9933396e-01  -9.9996337e-01   1.7554832e+01
   2.9932667e-01  -9.9997066e-01   1.7554954e+01
   2.9932723e-01  -9.9997122e-01   1.7554957e+01
   2.9932308e-01  -9.9997537e-01   1.7555026e+01
   2.9931996e-01  -9.9997849e-01   1.7555078e+01
   2.9932021e-01  -9.9997874e-01   1.7555079e+01
   2.9931843e-01  -9.9998052e-01   1.7555109e+01
   2.9931858e-01  -9.9998067e-01   1.7555110e+01
   2.9931869e-01  -9.9998078e-01   1.7555110e+01
   2.9931793e-01  -9.9998154e-01   1.7555123e+01
   2.9933328e-01  -9.9996269e-01   1.7554828e+01
   2.9933412e-01  -9.9996353e-01   1.7554833e+01
   2.9932640e-01  -9.9997125e-01   1.7554962e+01
   2.9932709e-01  -9.9997194e-01   1.7554966e+01
   2.9932271e-01  -9.9997633e-01   1.7555039e+01
   2.9932311e-01  -9.9997673e-01   1.7555041e+01
   2.9932341e-01  -9.9997703e-01   1.7555043e+01
   2.9932153e-01  -9.9997891e-01   1.7555074e+01
   2.9932171e-01  -9.9997909e-01   1.7555075e+01
   2.9932065e-01  -9.9998015e-01   1.7555093e+01
   2.9931984e-01  -9.9998096e-01   1.7555106e+01
   2.9933328e-01  -9.9996269e-01   1.7554828e+01
   2.9932557e-01  -9.9997040e-01   1.7554957e+01
   2.9932664e-01  -9.9997146e-01   1.7554963e+01
   2.9932051e-01  -9.9997759e-01   1.7555065e+01
   2.9931590e-01  -9.9998220e-01   1.7555141e+01
   2.9931637e-01  -9.9998267e-01   1.7555144e+01
   2.9931375e-01  -9.9998529e-01   1.7555188e+01
   2.9931178e-01  -9.9998726e-01   1.7555220e+01
   2.9931198e-01  -9.9998747e-01   1.7555222e+01
   2.9931086e-01  -9.9998859e-01   1.7555240e+01
   2.9931002e-01  -9.9998943e-01   1.7555254e+01
   2.9933328e-01  -9.9996269e-01   1.7554828e+01
   2.9933443e-01  -9.9996384e-01   1.7554835e+01
   2.9933566e-01  -9.9996507e-01   1.7554842e+01
   2.9932924e-01  -9.9997149e-01   1.7554949e+01
   2.9932995e-01  -9.9997219e-01   1.7554953e+01
   2.9933048e-01  -9.9997273e-01   1.7554956e+01
   2.9933089e-01  -9.9997313e-01   1.7554958e+01
   2.9933119e-01  -9.9997344e-01   1.7554960e+01
   2.9933143e-01  -9.9997367e-01   1.7554962e+01
   2.9933026e-01  -9.9997484e-01   1.7554981e+01
   2.9932938e-01  -9.9997572e-01   1.7554996e+01
   2.9933328e-01  -9.9996269e-01   1.7554828e+01
   2.9932483e-01  -9.9997113e-01   1.7554969e+01
   2.9932621e-01  -9.9997251e-01   1.7554977e+01
   2.9931952e-01  -9.9997920e-01   1.7555088e+01
   2.9931447e-01  -9.9998425e-01   1.7555172e+01
   2.9931507e-01  -9.9998484e-01   1.7555175e+01
   2.9931221e-01  -9.9998770e-01   1.7555223e+01
   2.9931256e-01  -9.9998804e-01   1.7555225e+01
   2.9931094e-01  -9.9998966e-01   1.7555252e+01
   2.9930972e-01  -9.9999088e-01   1.7555272e+01
   2.9930880e-01  -9.9999180e-01   1.7555287e+01
   2.9933328e-01  -9.9996269e-01   1.7554828e+01
   2.9933471e-01  -9.9996413e-01   1.7554837e+01
   2.9932546e-01  -9.9997338e-01   1.7554991e+01
   2.9932661e-01  -9.9997453e-01   1.7554997e+01
   2.9932748e-01  -9.9997540e-01   1.7555002e+01
   2.9932814e-01  -9.9997606e-01   1.7555006e+01
   2.9932864e-01  -9.9997656e-01   1.7555009e+01
   2.9932902e-01  -9.9997694e-01   1.7555011e+01
   2.9932930e-01  -9.9997722e-01   1.7555013e+01
   2.9932804e-01  -9.9997849e-01   1.7555034e+01
   2.9932820e-01  -9.9997865e-01   1.7555035e+01
   2.9933328e-01  -9.9996269e-01   1.7554828e+01
   2.9933485e-01  -9.9996426e-01   1.7554837e+01
   2.9933651e-01  -9.9996592e-01   1.7554847e+01
   2.9933777e-01  -9.9996718e-01   1.7554854e+01
   2.9933233e-01  -9.9997261e-01   1.7554945e+01
   2.9933305e-01  -9.9997333e-01   1.7554949e+01
   2.9933359e-01  -9.9997387e-01   1.7554952e+01
   2.9933400e-01  -9.9997428e-01   1.7554954e+01
   2.9933226e-01  -9.9997602e-01   1.7554983e+01
   2.9933249e-01  -9.9997625e-01   1.7554985e+01
   2.9933267e-01  -9.9997643e-01   1.7554986e+01
   2.9933328e-01  -9.9996269e-01   1.7554828e+01
   2.9933497e-01  -9.9996439e-01   1.7554838e+01
   2.9932505e-01  -9.9997431e-01   1.7555003e+01
   2.9932641e-01  -9.9997567e-01   1.7555011e+01
   2.9932743e-01  -9.9997669e-01   1.7555017e+01
   2.9932321e-01  -9.9998091e-01   1.7555087e+01
   2.9932452e-01  -9.9998223e-01   1.7555095e+01
   2.9932552e-01  -9.9998322e-01   1.7555101e+01
   2.9932146e-01  -9.9998728e-01   1.7555168e+01
   2.9932280e-01  -9.9998862e-01   1.7555176e+01
   2.9932381e-01  -9.9998963e-01   1.7555182e+01
   2.9931972e-01  -9.9999372e-01   1.7555250e+01
   2.9932109e-01  -9.9999509e-01   1.7555258e+01
   2.9932212e-01  -9.9999612e-01   1.7555264e+01
   2.9932289e-01  -9.9999690e-01   1.7555268e+01
   2.9931979e-01  -1.0000000e+00   1.7555320e+01
   5.7300063e-01   5.2049626e-01   1.5481619e-02
   5.7300063e-01   5.2049626e-01   1.5481619e-02
   5.7300064e-01   5.2049625e-01   1.5481635e-02
   5.7300065e-01   5.2049625e-01   1.5481635e-02
   5.7300066e-01   5.2049623e-01   1.5481652e-02
   5.7300067e-01   5.2049622e-01   1.5481668e-02
   5.7300067e-01   5.2049622e-01   1.5481668e-02
   5.7300068e-01   5.2049621e-01   1.5481681e-02
   5.7300068e-01   5.2049621e-01   1.5481681e-02
   5.7300069e-01   5.2049620e-01   1.5481690e-02
   5.7300070e-01   5.2049620e-01   1.5481697e-02
   5.7300063e-01   5.2049626e-01   1.5481619e-02
   5.7300063e-01   5.2049626e-01   1.5481619e-02
   5.7300071e-01   5.2049618e-01   1.5481715e-02
   5.7300078e-01   5.2049612e-01   1.5481792e-02
   5.7300083e-01   5.2049606e-01   1.5481854e-02
   5.7300083e-01   5.2049606e-01   1.5481854e-02
   5.7300083e-01   5.2049607e-01   1.5481854e-02
   5.7300086e-01   5.2049604e-01   1.5481886e-02
   5.7300086e-01   5.2049604e-01   1.5481886e-02
   5.7300088e-01   5.2049602e-01   1.5481905e-02
   5.7300088e-01   5.2049602e-01   1.5481905e-02
   5.7300063e-01   5.2049626e-01   1.5481619e-02
   5.7300076e-01   5.2049613e-01   1.5481776e-02
   5.7300077e-01   5.2049613e-01   1.5481777e-02
   5.7300088e-01   5.2049602e-01   1.5481911e-02
   5.7300088e-01   5.2049602e-01   1.5481911e-02
   5.7300095e-01   5.2049595e-01   1.5481992e-02
   5.7300095e-01   5.2049595e-01   1.5481992e-02
   5.7300100e-01   5.2049591e-01   1.5482041e-02
   5.7300103e-01   5.2049588e-01   1.5482079e-02
   5.7300103e-01   5.2049588e-01   1.5482079e-02
   5.7300103e-01   5.2049588e-01   1.5482079e-02
   5.7300063e-01   5.2049626e-01   1.5481619e-02
   5.7300082e-01   5.2049607e-01   1.5481846e-02
   5.7300083e-01   5.2049607e-01   1.5481846e-02
   5.7300099e-01   5.2049591e-01   1.5482034e-02
   5.7300111e-01   5.2049579e-01   1.5482179e-02
   5.7300111e-01   5.2049579e-01   1.5482179e-02
   5.7300119e-01   5.2049572e-01   1.5482264e-02
   5.7300124e-01   5.2049567e-01   1.5482330e-02
   5.7300128e-01   5.2049562e-01   1.5482380e-02
   5.7300129e-01   5.2049562e-01   1.5482380e-02
   5.7300129e-01   5.2049562e-01   1.5482380e-02
   5.7300063e-01   5.2049626e-01   1.5481619e-02
   5.7300088e-01   5.2049601e-01   1.5481911e-02
   5.7300089e-01   5.2049602e-01   1.5481912e-02
   5.7300089e-01   5.2049602e-01   1.5481912e-02
   5.7300089e-01   5.2049603e-01   1.5481912e-02
   5.7300101e-01   5.2049591e-01   1.5482052e-02
   5.7300110e-01   5.2049582e-01   1.5482158e-02
   5.7300111e-01   5.2049582e-01   1.5482159e-02
   5.7300116e-01   5.2049577e-01   1.5482221e-02
   5.7300120e-01   5.2049573e-01   1.5482268e-02
   5.7300123e-01   5.2049570e-01   1.5482304e-02
   5.7300063e-01   5.2049626e-01   1.5481619e-02
   5.7300064e-01   5.2049627e-01   1.5481619e-02
   5.7300096e-01   5.2049595e-01   1.5481998e-02
   5.7300120e-01   5.2049570e-01   1.5482286e-02
   5.7300121e-01   5.2049571e-01   1.5482286e-02
   5.7300121e-01   5.2049571e-01   1.5482286e-02
   5.7300122e-01   5.2049571e-01   1.5482286e-02
   5.7300122e-01   5.2049572e-01   1.5482286e-02
   5.7300122e-01   5.2049572e-01   1.5482286e-02
   5.7300122e-01   5.2049572e-01   1.5482287e-02
   5.7300122e-01   5.2049572e-01   1.5482287e-02
   5.7300063e-01   5.2049626e-01   1.5481619e-02
   5.7300064e-01   5.2049627e-01   1.5481619e-02
   5.7300101e-01   5.2049590e-01   1.5482060e-02
   5.7300130e-01   5.2049561e-01   1.5482395e-02
   5.7300130e-01   5.2049562e-01   1.5482395e-02
   5.7300131e-01   5.2049562e-01   1.5482395e-02
   5.7300143e-01   5.2049550e-01   1.5482541e-02
   5.7300153e-01   5.2049540e-01   1.5482652e-02
   5.7300153e-01   5.2049540e-01   1.5482652e-02
   5.7300158e-01   5.2049535e-01   1.5482716e-02
   5.7300162e-01   5.2049531e-01   1.5482765e-02
   5.7300063e-01   5.2049626e-01   1.5481619e-02
   5.7300103e-01   5.2049586e-01   1.5482090e-02
   5.7300145e-01   5.2049544e-01   1.5482590e-02
   5.7300146e-01   5.2049545e-01   1.5482590e-02
   5.7300147e-01   5.2049545e-01   1.5482590e-02
   5.7300165e-01   5.2049527e-01   1.5482808e-02
   5.7300179e-01   5.2049513e-01   1.5482973e-02
   5.7300180e-01   5.2049513e-01   1.5482973e-02
   5.7300188e-01   5.2049505e-01   1.5483067e-02
   5.7300194e-01   5.2049499e-01   1.5483139e-02
   5.7300194e-01   5.2049499e-01   1.5483139e-02
   5.7300063e-01   5.2049626e-01   1.5481619e-02
   5.7300108e-01   5.2049582e-01   1.5482144e-02
   5.7300109e-01   5.2049583e-01   1.5482144e-02
   5.7300145e-01   5.2049547e-01   1.5482565e-02
   5.7300145e-01   5.2049548e-01   1.5482565e-02
   5.7300146e-01   5.2049548e-01   1.5482565e-02
   5.7300146e-01   5.2049549e-01   1.5482565e-02
   5.7300158e-01   5.2049537e-01   1.5482703e-02
   5.7300158e-01   5.2049537e-01   1.5482703e-02
   5.7300165e-01   5.2049530e-01   1.5482782e-02
   5.7300165e-01   5.2049531e-01   1.5482782e-02
   5.7300063e-01   5.2049626e-01   1.5481619e-02
   5.7300112e-01   5.2049577e-01   1.5482195e-02
   5.7300113e-01   5.2049579e-01   1.5482195e-02
   5.7300114e-01   5.2049580e-01   1.5482196e-02
   5.7300115e-01   5.2049580e-01   1.5482196e-02
   5.7300137e-01   5.2049558e-01   1.5482459e-02
   5.7300154e-01   5.2049541e-01   1.5482658e-02
   5.7300167e-01   5.2049528e-01   1.5482808e-02
   5.7300167e-01   5.2049529e-01   1.5482808e-02
   5.7300167e-01   5.2049529e-01   1.5482808e-02
   5.7300173e-01   5.2049523e-01   1.5482873e-02
   5.7300063e-01   5.2049626e-01   1.5481619e-02
   5.7300064e-01   5.2049627e-01   1.5481619e-02
   5.7300120e-01   5.2049571e-01   1.5482280e-02
   5.7300122e-01   5.2049572e-01   1.5482280e-02
   5.7300122e-01   5.2049573e-01   1.5482281e-02
   5.7300146e-01   5.2049549e-01   1.5482565e-02
   5.7300165e-01   5.2049531e-01   1.5482780e-02
   5.7300165e-01   5.2049531e-01   1.5482780e-02
   5.7300165e-01   5.2049531e-01   1.5482780e-02
   5.7300173e-01   5.2049524e-01   1.5482872e-02
   5.7300179e-01   5.2049518e-01   1.5482942e-02
   5.7300063e-01   5.2049626e-01   1.5481619e-02
   5.7300065e-01   5.2049628e-01   1.5481619e-02
   5.7300125e-01   5.2049567e-01   1.5482329e-02
   5.7300170e-01   5.2049522e-01   1.5482864e-02
   5.7300204e-01   5.2049488e-01   1.5483268e-02
   5.7300230e-01   5.2049462e-01   1.5483572e-02
   5.7300231e-01   5.2049462e-01   1.5483572e-02
   5.7300245e-01   5.2049448e-01   1.5483746e-02
   5.7300246e-01   5.2049448e-01   1.5483746e-02
   5.7300254e-01   5.2049440e-01   1.5483845e-02
   5.7300260e-01   5.2049433e-01   1.5483919e-02
   5.7300063e-01   5.2049626e-01   1.5481619e-02
   5.7300124e-01   5.2049565e-01   1.5482335e-02
   5.7300125e-01   5.2049567e-01   1.5482335e-02
   5.7300127e-01   5.2049568e-01   1.5482335e-02
   5.7300163e-01   5.2049532e-01   1.5482765e-02
   5.7300191e-01   5.2049504e-01   1.5483089e-02
   5.7300191e-01   5.2049505e-01   1.5483089e-02
   5.7300191e-01   5.2049505e-01   1.5483089e-02
   5.7300192e-01   5.2049505e-01   1.5483089e-02
   5.7300201e-01   5.2049497e-01   1.5483194e-02
   5.7300207e-01   5.2049490e-01   1.5483273e-02
   5.7300063e-01   5.2049626e-01   1.5481619e-02
   5.7300127e-01   5.2049562e-01   1.5482377e-02
   5.7300129e-01   5.2049564e-01   1.5482377e-02
   5.7300130e-01   5.2049565e-01   1.5482378e-02
   5.7300169e-01   5.2049526e-01   1.5482832e-02
   5.7300170e-01   5.2049527e-01   1.5482832e-02
   5.7300191e-01   5.2049505e-01   1.5483090e-02
   5.7300192e-01   5.2049505e-01   1.5483090e-02
   5.7300204e-01   5.2049493e-01   1.5483236e-02
   5.7300214e-01   5.2049484e-01   1.5483347e-02
   5.7300214e-01   5.2049484e-01   1.5483347e-02
   5.7300063e-01   5.2049626e-01   1.5481619e-02
   5.7300065e-01   5.2049628e-01   1.5481619e-02
   5.7300136e-01   5.2049556e-01   1.5482461e-02
   5.7300190e-01   5.2049503e-01   1.5483095e-02
   5.7300191e-01   5.2049504e-01   1.5483095e-02
   5.7300222e-01   5.2049473e-01   1.5483455e-02
   5.7300222e-01   5.2049474e-01   1.5483455e-02
   5.7300239e-01   5.2049456e-01   1.5483659e-02
   5.7300240e-01   5.2049457e-01   1.5483660e-02
   5.7300250e-01   5.2049447e-01   1.5483775e-02
   5.7300250e-01   5.2049447e-01   1.5483775e-02
   5.7300063e-01   5.2049626e-01   1.5481619e-02
   5.7300065e-01   5.2049628e-01   1.5481619e-02
   5.7300067e-01   5.2049630e-01   1.5481620e-02
   5.7300123e-01   5.2049573e-01   1.5482284e-02
   5.7300165e-01   5.2049531e-01   1.5482784e-02
   5.7300197e-01   5.2049499e-01   1.5483160e-02
   5.7300198e-01   5.2049500e-01   1.5483161e-02
   5.7300216e-01   5.2049482e-01   1.5483374e-02
   5.7300230e-01   5.2049468e-01   1.5483535e-02
   5.7300240e-01   5.2049458e-01   1.5483656e-02
   5.7300248e-01   5.2049450e-01   1.5483747e-02
   5.7300063e-01   5.2049626e-01   1.5481619e-02
   5.7300065e-01   5.2049628e-01   1.5481619e-02
   5.7300143e-01   5.2049550e-01   1.5482539e-02
   5.7300202e-01   5.2049491e-01   1.5483232e-02
   5.7300203e-01   5.2049492e-01   1.5483232e-02
   5.7300236e-01   5.2049459e-01   1.5483625e-02
   5.7300237e-01   5.2049460e-01   1.5483625e-02
   5.7300237e-01   5.2049460e-01   1.5483625e-02
   5.7300251e-01   5.2049446e-01   1.5483792e-02
   5.7300252e-01   5.2049446e-01   1.5483792e-02
   5.7300260e-01   5.2049438e-01   1.5483887e-02
   5.7300063e-01   5.2049626e-01   1.5481619e-02
   5.7300065e-01   5.2049628e-01   1.5481619e-02
   5.7300146e-01   5.2049547e-01   1.5482576e-02
   5.7300207e-01   5.2049486e-01   1.5483296e-02
   5.7300208e-01   5.2049487e-01   1.5483296e-02
   5.7300243e-01   5.2049452e-01   1.5483703e-02
   5.7300244e-01   5.2049453e-01   1.5483704e-02
   5.7300263e-01   5.2049433e-01   1.5483934e-02
   5.7300278e-01   5.2049419e-01   1.5484108e-02
   5.7300278e-01   5.2049419e-01   1.5484108e-02
   5.7300286e-01   5.2049411e-01   1.5484206e-02
   5.7300063e-01   5.2049626e-01   1.5481619e-02
   5.7300065e-01   5.2049628e-01   1.5481619e-02
   5.7300149e-01   5.2049544e-01   1.5482611e-02
   5.7300151e-01   5.2049546e-01   1.5482611e-02
   5.7300198e-01   5.2049498e-01   1.5483172e-02
   5.7300199e-01   5.2049499e-01   1.5483172e-02
   5.7300200e-01   5.2049500e-01   1.5483172e-02
   5.7300220e-01   5.2049479e-01   1.5483411e-02
   5.7300221e-01   5.2049480e-01   1.5483411e-02
   5.7300221e-01   5.2049480e-01   1.5483411e-02
   5.7300229e-01   5.2049471e-01   1.5483513e-02
   5.7300063e-01   5.2049626e-01   1.5481619e-02
   5.7300065e-01   5.2049628e-01   1.5481619e-02
   5.7300067e-01   5.2049630e-01   1.5481620e-02
   5.7300133e-01   5.2049565e-01   1.5482390e-02
   5.7300182e-01   5.2049516e-01   1.5482970e-02
   5.7300183e-01   5.2049517e-01   1.5482970e-02
   5.7300211e-01   5.2049489e-01   1.5483298e-02
   5.7300231e-01   5.2049468e-01   1.5483545e-02
   5.7300247e-01   5.2049452e-01   1.5483730e-02
   5.7300259e-01   5.2049440e-01   1.5483869e-02
   5.7300268e-01   5.2049432e-01   1.5483974e-02
   5.7300063e-01   5.2049626e-01   1.5481619e-02
   5.7300065e-01   5.2049628e-01   1.5481619e-02
   5.7300067e-01   5.2049630e-01   1.5481620e-02
   5.7300069e-01   5.2049632e-01   1.5481621e-02
   5.7300120e-01   5.2049581e-01   1.5482218e-02
   5.7300121e-01   5.2049582e-01   1.5482218e-02
   5.7300121e-01   5.2049583e-01   1.5482218e-02
   5.7300143e-01   5.2049562e-01   1.5482472e-02
   5.7300143e-01   5.2049562e-01   1.5482472e-02
   5.7300156e-01   5.2049550e-01   1.5482616e-02
   5.7300156e-01   5.2049550e-01   1.5482616e-02
   5.7300063e-01   5.2049626e-01   1.5481619e-02
   5.7300065e-01   5.2049628e-01   1.5481620e-02
   5.7300068e-01   5.2049631e-01   1.5481620e-02
   5.7300137e-01   5.2049561e-01   1.5482437e-02
   5.7300138e-01   5.2049563e-01   1.5482437e-02
   5.7300177e-01   5.2049523e-01   1.5482899e-02
   5.7300207e-01   5.2049494e-01   1.5483246e-02
   5.7300229e-01   5.2049472e-01   1.5483507e-02
   5.7300245e-01   5.2049455e-01   1.5483703e-02
   5.7300258e-01   5.2049443e-01   1.5483850e-02
   5.7300267e-01   5.2049433e-01   1.5483961e-02
   5.7300063e-01   5.2049626e-01   1.5481619e-02
   5.7300153e-01   5.2049536e-01   1.5482678e-02
   5.7300155e-01   5.2049539e-01   1.5482679e-02
   5.7300226e-01   5.2049467e-01   1.5483517e-02
   5.7300280e-01   5.2049414e-01   1.5484147e-02
   5.7300320e-01   5.2049374e-01   1.5484621e-02
   5.7300321e-01   5.2049375e-01   1.5484621e-02
   5.7300344e-01   5.2049352e-01   1.5484888e-02
   5.7300361e-01   5.2049335e-01   1.5485090e-02
   5.7300373e-01   5.2049322e-01   1.5485241e-02
   5.7300374e-01   5.2049322e-01   1.5485241e-02
   5.7300063e-01   5.2049626e-01   1.5481619e-02
   5.7300155e-01   5.2049534e-01   1.5482704e-02
   5.7300252e-01   5.2049437e-01   1.5483847e-02
   5.7300325e-01   5.2049364e-01   1.5484706e-02
   5.7300326e-01   5.2049366e-01   1.5484706e-02
   5.7300367e-01   5.2049324e-01   1.5485191e-02
   5.7300398e-01   5.2049294e-01   1.5485556e-02
   5.7300399e-01   5.2049294e-01   1.5485556e-02
   5.7300416e-01   5.2049277e-01   1.5485762e-02
   5.7300430e-01   5.2049264e-01   1.5485916e-02
   5.7300430e-01   5.2049264e-01   1.5485916e-02
   5.7300063e-01   5.2049626e-01   1.5481619e-02
   5.7300157e-01   5.2049532e-01   1.5482730e-02
   5.7300160e-01   5.2049534e-01   1.5482730e-02
   5.7300234e-01   5.2049460e-01   1.5483608e-02
   5.7300290e-01   5.2049404e-01   1.5484268e-02
   5.7300332e-01   5.2049362e-01   1.5484764e-02
   5.7300333e-01   5.2049363e-01   1.5484765e-02
   5.7300357e-01   5.2049339e-01   1.5485045e-02
   5.7300357e-01   5.2049339e-01   1.5485045e-02
   5.7300358e-01   5.2049340e-01   1.5485045e-02
   5.7300358e-01   5.2049340e-01   1.5485045e-02
   5.7300063e-01   5.2049626e-01   1.5481619e-02
   5.7300159e-01   5.2049530e-01   1.5482753e-02
   5.7300261e-01   5.2049429e-01   1.5483947e-02
   5.7300337e-01   5.2049353e-01   1.5484844e-02
   5.7300394e-01   5.2049295e-01   1.5485518e-02
   5.7300437e-01   5.2049252e-01   1.5486024e-02
   5.7300438e-01   5.2049253e-01   1.5486025e-02
   5.7300438e-01   5.2049254e-01   1.5486025e-02
   5.7300456e-01   5.2049236e-01   1.5486240e-02
   5.7300470e-01   5.2049222e-01   1.5486401e-02
   5.7300470e-01   5.2049222e-01   1.5486401e-02
   5.7300063e-01   5.2049626e-01   1.5481619e-02
   5.7300161e-01   5.2049528e-01   1.5482776e-02
   5.7300164e-01   5.2049530e-01   1.5482777e-02
   5.7300241e-01   5.2049453e-01   1.5483692e-02
   5.7300300e-01   5.2049395e-01   1.5484379e-02
   5.7300344e-01   5.2049351e-01   1.5484895e-02
   5.7300344e-01   5.2049352e-01   1.5484896e-02
   5.7300345e-01   5.2049352e-01   1.5484896e-02
   5.7300345e-01   5.2049353e-01   1.5484896e-02
   5.7300346e-01   5.2049353e-01   1.5484896e-02
   5.7300346e-01   5.2049353e-01   1.5484896e-02
   5.7300063e-01   5.2049626e-01   1.5481619e-02
   5.7300163e-01   5.2049526e-01   1.5482798e-02
   5.7300166e-01   5.2049529e-01   1.5482799e-02
   5.7300168e-01   5.2049531e-01   1.5482799e-02
   5.7300169e-01   5.2049532e-01   1.5482800e-02
   5.7300170e-01   5.2049533e-01   1.5482800e-02
   5.7300204e-01   5.2049500e-01   1.5483195e-02
   5.7300204e-01   5.2049500e-01   1.5483195e-02
   5.7300223e-01   5.2049481e-01   1.5483418e-02
   5.7300224e-01   5.2049482e-01   1.5483418e-02
   5.7300234e-01   5.2049471e-01   1.5483544e-02
   5.7300063e-01   5.2049626e-01   1.5481619e-02
   5.7300066e-01   5.2049629e-01   1.5481620e-02
   5.7300173e-01   5.2049522e-01   1.5482882e-02
   5.7300175e-01   5.2049524e-01   1.5482882e-02
   5.7300176e-01   5.2049525e-01   1.5482883e-02
   5.7300177e-01   5.2049526e-01   1.5482883e-02
   5.7300178e-01   5.2049527e-01   1.5482883e-02
   5.7300204e-01   5.2049501e-01   1.5483185e-02
   5.7300204e-01   5.2049502e-01   1.5483185e-02
   5.7300219e-01   5.2049487e-01   1.5483355e-02
   5.7300230e-01   5.2049477e-01   1.5483483e-02
   5.7300063e-01   5.2049626e-01   1.5481619e-02
   5.7300167e-01   5.2049523e-01   1.5482839e-02
   5.7300169e-01   5.2049525e-01   1.5482840e-02
   5.7300171e-01   5.2049527e-01   1.5482840e-02
   5.7300233e-01   5.2049466e-01   1.5483564e-02
   5.7300279e-01   5.2049420e-01   1.5484107e-02
   5.7300313e-01   5.2049385e-01   1.5484516e-02
   5.7300314e-01   5.2049386e-01   1.5484516e-02
   5.7300334e-01   5.2049366e-01   1.5484746e-02
   5.7300334e-01   5.2049367e-01   1.5484746e-02
   5.7300345e-01   5.2049356e-01   1.5484876e-02
   5.7300063e-01   5.2049626e-01   1.5481619e-02
   5.7300168e-01   5.2049521e-01   1.5482858e-02
   5.7300279e-01   5.2049411e-01   1.5484160e-02
   5.7300362e-01   5.2049328e-01   1.5485139e-02
   5.7300363e-01   5.2049329e-01   1.5485139e-02
   5.7300410e-01   5.2049282e-01   1.5485691e-02
   5.7300411e-01   5.2049283e-01   1.5485691e-02
   5.7300412e-01   5.2049284e-01   1.5485691e-02
   5.7300412e-01   5.2049284e-01   1.5485692e-02
   5.7300412e-01   5.2049285e-01   1.5485692e-02
   5.7300413e-01   5.2049285e-01   1.5485692e-02
   5.7300063e-01   5.2049626e-01   1.5481619e-02
   5.7300170e-01   5.2049520e-01   1.5482876e-02
   5.7300282e-01   5.2049407e-01   1.5484197e-02
   5.7300366e-01   5.2049323e-01   1.5485190e-02
   5.7300368e-01   5.2049325e-01   1.5485190e-02
   5.7300369e-01   5.2049326e-01   1.5485191e-02
   5.7300370e-01   5.2049327e-01   1.5485191e-02
   5.7300370e-01   5.2049327e-01   1.5485191e-02
   5.7300390e-01   5.2049307e-01   1.5485428e-02
   5.7300406e-01   5.2049292e-01   1.5485606e-02
   5.7300406e-01   5.2049293e-01   1.5485606e-02
   5.7300063e-01   5.2049626e-01   1.5481619e-02
   5.7300066e-01   5.2049629e-01   1.5481620e-02
   5.7300179e-01   5.2049515e-01   1.5482959e-02
   5.7300265e-01   5.2049430e-01   1.5483965e-02
   5.7300329e-01   5.2049366e-01   1.5484720e-02
   5.7300330e-01   5.2049367e-01   1.5484721e-02
   5.7300331e-01   5.2049368e-01   1.5484721e-02
   5.7300332e-01   5.2049369e-01   1.5484721e-02
   5.7300352e-01   5.2049348e-01   1.5484961e-02
   5.7300367e-01   5.2049333e-01   1.5485142e-02
   5.7300379e-01   5.2049321e-01   1.5485277e-02
   5.7300063e-01   5.2049626e-01   1.5481619e-02
   5.7300173e-01   5.2049517e-01   1.5482909e-02
   5.7300175e-01   5.2049519e-01   1.5482910e-02
   5.7300178e-01   5.2049522e-01   1.5482911e-02
   5.7300242e-01   5.2049457e-01   1.5483676e-02
   5.7300291e-01   5.2049408e-01   1.5484250e-02
   5.7300292e-01   5.2049409e-01   1.5484250e-02
   5.7300293e-01   5.2049410e-01   1.5484251e-02
   5.7300293e-01   5.2049410e-01   1.5484251e-02
   5.7300294e-01   5.2049410e-01   1.5484251e-02
   5.7300305e-01   5.2049399e-01   1.5484388e-02
   5.7300063e-01   5.2049626e-01   1.5481619e-02
   5.7300174e-01   5.2049515e-01   1.5482925e-02
   5.7300290e-01   5.2049399e-01   1.5484298e-02
   5.7300293e-01   5.2049401e-01   1.5484299e-02
   5.7300358e-01   5.2049335e-01   1.5485073e-02
   5.7300408e-01   5.2049286e-01   1.5485654e-02
   5.7300445e-01   5.2049249e-01   1.5486091e-02
   5.7300445e-01   5.2049250e-01   1.5486091e-02
   5.7300446e-01   5.2049250e-01   1.5486091e-02
   5.7300446e-01   5.2049251e-01   1.5486091e-02
   5.7300446e-01   5.2049251e-01   1.5486091e-02
   5.7300063e-01   5.2049626e-01   1.5481619e-02
   5.7300175e-01   5.2049514e-01   1.5482940e-02
   5.7300293e-01   5.2049396e-01   1.5484329e-02
   5.7300381e-01   5.2049308e-01   1.5485372e-02
   5.7300448e-01   5.2049241e-01   1.5486155e-02
   5.7300498e-01   5.2049191e-01   1.5486742e-02
   5.7300535e-01   5.2049154e-01   1.5487184e-02
   5.7300563e-01   5.2049126e-01   1.5487515e-02
   5.7300564e-01   5.2049126e-01   1.5487515e-02
   5.7300580e-01   5.2049111e-01   1.5487702e-02
  -2.5418619e-01   9.9922790e-01   8.5960429e+00
  -2.5379738e-01   9.9961671e-01   8.5942630e+00
  -2.5341409e-01   1.0000000e+00   8.5925123e+00
  -2.5173905e-01   9.9832495e-01   8.5533083e+00
  -2.5009082e-01   9.9667672e-01   8.5148027e+00
  -2.4972091e-01   9.9704663e-01   8.5131053e+00
  -2.4935636e-01   9.9741117e-01   8.5114361e+00
  -2.4899713e-01   9.9777041e-01   8.5097946e+00
  -2.4744343e-01   9.9621671e-01   8.4735467e+00
  -2.4709341e-01   9.9656673e-01   8.4719455e+00
  -2.4674856e-01   9.9691158e-01   8.4703712e+00
  -2.4640885e-01   9.9725129e-01   8.4688233e+00
  -2.4607422e-01   9.9758593e-01   8.4673015e+00
  -2.4574462e-01   9.9791553e-01   8.4658055e+00
  -2.4432705e-01   9.9649795e-01   8.4327666e+00
  -2.4400634e-01   9.9681866e-01   8.4313095e+00
  -2.4369054e-01   9.9713446e-01   8.4298774e+00
  -2.4234064e-01   9.9578455e-01   8.3984569e+00
  -2.4101468e-01   9.9445858e-01   8.3676399e+00
  -2.3971242e-01   9.9315633e-01   8.3374192e+00
  -2.3941319e-01   9.9345556e-01   8.3360540e+00
  -2.3911870e-01   9.9375005e-01   8.3347127e+00
  -2.3788189e-01   9.9251324e-01   8.3060455e+00
  -2.3759599e-01   9.9279914e-01   8.3047424e+00
  -2.3640282e-01   9.9160597e-01   8.2771222e+00
  -2.3523225e-01   9.9043539e-01   8.2500616e+00
  -2.3408407e-01   9.8928722e-01   8.2235543e+00
  -2.3381443e-01   9.8955686e-01   8.2223189e+00
  -2.3354932e-01   9.8982197e-01   8.2211062e+00
  -2.3246367e-01   9.8873632e-01   8.1960694e+00
  -2.3139972e-01   9.8767237e-01   8.1715638e+00
  -2.3035730e-01   9.8662995e-01   8.1475833e+00
  -2.2933622e-01   9.8560887e-01   8.1241221e+00
  -2.2909099e-01   9.8585410e-01   8.1229929e+00
  -2.2885010e-01   9.8609500e-01   8.1218853e+00
  -2.2788915e-01   9.8513405e-01   8.0998273e+00
  -2.2694892e-01   9.8419381e-01   8.0782686e+00
  -2.2602922e-01   9.8327411e-01   8.0572038e+00
  -2.2580407e-01   9.8349925e-01   8.0561645e+00
  -2.2558313e-01   9.8372019e-01   8.0551459e+00
  -2.2536636e-01   9.8393696e-01   8.0541478e+00
  -2.2452377e-01   9.8309437e-01   8.0348643e+00
  -2.2431489e-01   9.8330325e-01   8.0339022e+00
  -2.2411009e-01   9.8350805e-01   8.0329601e+00
  -2.2332445e-01   9.8272241e-01   8.0149946e+00
  -2.2312741e-01   9.8291945e-01   8.0140879e+00
  -2.2293436e-01   9.8311249e-01   8.0132006e+00
  -2.2220471e-01   9.8238284e-01   7.9965277e+00
  -2.2201930e-01   9.8256824e-01   7.9956753e+00
  -2.2183780e-01   9.8274975e-01   7.9948418e+00
  -2.2166018e-01   9.8292737e-01   7.9940269e+00
  -2.2148640e-01   9.8310115e-01   7.9932306e+00
  -2.2131644e-01   9.8327111e-01   7.9924525e+00
  -2.2115027e-01   9.8343728e-01   7.9916925e+00
  -2.2098786e-01   9.8359969e-01   7.9909504e+00
  -2.2040185e-01   9.8301368e-01   7.9775642e+00
  -2.1983386e-01   9.8244569e-01   7.9645987e+00
  -2.1968228e-01   9.8259727e-01   7.9639053e+00
  -2.1914947e-01   9.8206446e-01   7.9517501e+00
  -2.1863433e-01   9.8154932e-01   7.9400052e+00
  -2.1813673e-01   9.8105171e-01   7.9286672e+00
  -2.1799933e-01   9.8118911e-01   7.9280374e+00
  -2.1753607e-01   9.8072586e-01   7.9174875e+00
  -2.1740572e-01   9.8085621e-01   7.9168899e+00
  -2.1727890e-01   9.8098303e-01   7.9163090e+00
  -2.1715559e-01   9.8110634e-01   7.9157446e+00
  -2.1675955e-01   9.8071030e-01   7.9067288e+00
  -2.1664313e-01   9.8082672e-01   7.9061959e+00
  -2.1628031e-01   9.8046390e-01   7.8979397e+00
  -2.1593407e-01   9.8011766e-01   7.8900643e+00
  -2.1560432e-01   9.7978791e-01   7.8825668e+00
  -2.1550142e-01   9.7989081e-01   7.8820951e+00
  -2.1520414e-01   9.7959353e-01   7.8753383e+00
  -2.1492304e-01   9.7931243e-01   7.8689516e+00
  -2.1465804e-01   9.7904743e-01   7.8629324e+00
  -2.1456840e-01   9.7913706e-01   7.8625212e+00
  -2.1448206e-01   9.7922340e-01   7.8621253e+00
  -2.1426453e-01   9.7900586e-01   7.8571854e+00
  -2.1418469e-01   9.7908570e-01   7.8568194e+00
  -2.1410809e-01   9.7916230e-01   7.8564684e+00
  -2.1393730e-01   9.7899151e-01   7.8525907e+00
  -2.1386710e-01   9.7906171e-01   7.8522691e+00
  -2.1372710e-01   9.7892171e-01   7.8490910e+00
  -2.1366323e-01   9.7898558e-01   7.8487984e+00
  -2.1360251e-01   9.7904631e-01   7.8485203e+00
  -2.1354491e-01   9.7910391e-01   7.8482566e+00
  -2.1346552e-01   9.7902453e-01   7.8464547e+00
  -2.1341411e-01   9.7907594e-01   7.8462194e+00
  -2.1336460e-01   9.7902642e-01   7.8450956e+00
  -2.1331931e-01   9.7907171e-01   7.8448883e+00
  -2.1329938e-01   9.7905178e-01   7.8444358e+00
  -2.1329412e-01   9.7904652e-01   7.8443165e+00
  -2.1325789e-01   9.7908275e-01   7.8441507e+00
  -2.1328177e-01   9.7910663e-01   7.8446928e+00
  -2.1324999e-01   9.7913842e-01   7.8445474e+00
  -2.1330815e-01   9.7919658e-01   7.8458675e+00
  -2.1336360e-01   9.7925203e-01   7.8471265e+00
  -2.1341404e-01   9.7930247e-01   7.8482714e+00
  -2.1340541e-01   9.7931110e-01   7.8482320e+00
  -2.1345896e-01   9.7936465e-01   7.8494477e+00
  -2.1350427e-01   9.7940997e-01   7.8504766e+00
  -2.1354210e-01   9.7944780e-01   7.8513355e+00
  -2.1354064e-01   9.7944926e-01   7.8513289e+00
  -2.1353973e-01   9.7945017e-01   7.8513247e+00
  -2.1325789e-01   9.7908275e-01   7.8441507e+00
  -2.1325940e-01   9.7908124e-01   7.8441576e+00
  -2.1347646e-01   9.7929831e-01   7.8490851e+00
  -2.1348202e-01   9.7929276e-01   7.8491105e+00
  -2.1348783e-01   9.7928695e-01   7.8491370e+00
  -2.1359741e-01   9.7939653e-01   7.8516250e+00
  -2.1360250e-01   9.7939144e-01   7.8516483e+00
  -2.1367081e-01   9.7945976e-01   7.8531995e+00
  -2.1367470e-01   9.7945587e-01   7.8532173e+00
  -2.1371685e-01   9.7949802e-01   7.8541744e+00
  -2.1371960e-01   9.7949527e-01   7.8541870e+00
  -2.1325789e-01   9.7908275e-01   7.8441507e+00
  -2.1359791e-01   9.7942276e-01   7.8518697e+00
  -2.1363388e-01   9.7938679e-01   7.8520342e+00
  -2.1366295e-01   9.7935771e-01   7.8521671e+00
  -2.1388672e-01   9.7958148e-01   7.8572486e+00
  -2.1406025e-01   9.7975501e-01   7.8611902e+00
  -2.1407509e-01   9.7974016e-01   7.8612580e+00
  -2.1417906e-01   9.7984412e-01   7.8636199e+00
  -2.1425940e-01   9.7992446e-01   7.8654453e+00
  -2.1426674e-01   9.7991712e-01   7.8654788e+00
  -2.1431458e-01   9.7996495e-01   7.8665658e+00
  -2.1325789e-01   9.7908275e-01   7.8441507e+00
  -2.1373756e-01   9.7956241e-01   7.8550409e+00
  -2.1380346e-01   9.7949651e-01   7.8553422e+00
  -2.1385489e-01   9.7944508e-01   7.8555774e+00
  -2.1416006e-01   9.7975025e-01   7.8625088e+00
  -2.1439438e-01   9.7998458e-01   7.8678329e+00
  -2.1441852e-01   9.7996044e-01   7.8679432e+00
  -2.1443723e-01   9.7994173e-01   7.8680288e+00
  -2.1445174e-01   9.7992722e-01   7.8680950e+00
  -2.1453265e-01   9.8000813e-01   7.8699337e+00
  -2.1459459e-01   9.8007008e-01   7.8713414e+00
  -2.1325789e-01   9.7908275e-01   7.8441507e+00
  -2.1387032e-01   9.7969518e-01   7.8580562e+00
  -2.1452603e-01   9.8035089e-01   7.8729559e+00
  -2.1502730e-01   9.8085216e-01   7.8843542e+00
  -2.1541030e-01   9.8123517e-01   7.8930678e+00
  -2.1545299e-01   9.8119247e-01   7.8932623e+00
  -2.1567619e-01   9.8141567e-01   7.8983421e+00
  -2.1584649e-01   9.8158597e-01   7.9022188e+00
  -2.1586579e-01   9.8156667e-01   7.9023067e+00
  -2.1588059e-01   9.8155187e-01   7.9023742e+00
  -2.1589194e-01   9.8154052e-01   7.9024259e+00
  -2.1325789e-01   9.7908275e-01   7.8441507e+00
  -2.1337156e-01   9.7896908e-01   7.8446709e+00
  -2.1349340e-01   9.7884723e-01   7.8452289e+00
  -2.1358665e-01   9.7875398e-01   7.8456562e+00
  -2.1365798e-01   9.7868266e-01   7.8459833e+00
  -2.1371250e-01   9.7862813e-01   7.8462333e+00
  -2.1397623e-01   9.7889186e-01   7.8522190e+00
  -2.1417679e-01   9.7909242e-01   7.8567724e+00
  -2.1420102e-01   9.7906819e-01   7.8568835e+00
  -2.1421951e-01   9.7904970e-01   7.8569683e+00
  -2.1430754e-01   9.7913774e-01   7.8589674e+00
  -2.1325789e-01   9.7908275e-01   7.8441507e+00
  -2.1339627e-01   9.7894436e-01   7.8447841e+00
  -2.1430910e-01   9.7985719e-01   7.8655128e+00
  -2.1500265e-01   9.8055074e-01   7.8812776e+00
  -2.1508783e-01   9.8046556e-01   7.8816666e+00
  -2.1548751e-01   9.8086525e-01   7.8907574e+00
  -2.1579087e-01   9.8116861e-01   7.8976601e+00
  -2.1582833e-01   9.8113114e-01   7.8978310e+00
  -2.1585684e-01   9.8110264e-01   7.8979610e+00
  -2.1598921e-01   9.8123501e-01   7.9009738e+00
  -2.1608958e-01   9.8133538e-01   7.9032586e+00
  -2.1325789e-01   9.7908275e-01   7.8441507e+00
  -2.1423099e-01   9.8005585e-01   7.8662504e+00
  -2.1526436e-01   9.8108923e-01   7.8897471e+00
  -2.1539429e-01   9.8095930e-01   7.8903395e+00
  -2.1598800e-01   9.8155302e-01   7.9038520e+00
  -2.1643798e-01   9.8200300e-01   7.9140996e+00
  -2.1649469e-01   9.8194630e-01   7.9143578e+00
  -2.1675286e-01   9.8220447e-01   7.9202398e+00
  -2.1678550e-01   9.8217184e-01   7.9203884e+00
  -2.1681026e-01   9.8214707e-01   7.9205011e+00
  -2.1682905e-01   9.8212829e-01   7.9205867e+00
  -2.1325789e-01   9.7908275e-01   7.8441507e+00
  -2.1344222e-01   9.7889842e-01   7.8449944e+00
  -2.1458824e-01   9.8004444e-01   7.8710220e+00
  -2.1473615e-01   9.7989653e-01   7.8716983e+00
  -2.1484834e-01   9.7978433e-01   7.8722117e+00
  -2.1534501e-01   9.8028101e-01   7.8835019e+00
  -2.1540937e-01   9.8021665e-01   7.8837962e+00
  -2.1545813e-01   9.8016789e-01   7.8840194e+00
  -2.1549508e-01   9.8013094e-01   7.8841885e+00
  -2.1565757e-01   9.8029344e-01   7.8878835e+00
  -2.1578044e-01   9.8041631e-01   7.8906780e+00
  -2.1325789e-01   9.7908275e-01   7.8441507e+00
  -2.1346357e-01   9.7887707e-01   7.8450922e+00
  -2.1368178e-01   9.7865885e-01   7.8460924e+00
  -2.1462961e-01   9.7960668e-01   7.8676143e+00
  -2.1534655e-01   9.8032363e-01   7.8839099e+00
  -2.1544076e-01   9.8022941e-01   7.8843408e+00
  -2.1585033e-01   9.8063898e-01   7.8936561e+00
  -2.1590421e-01   9.8058510e-01   7.8939024e+00
  -2.1594498e-01   9.8054433e-01   7.8940889e+00
  -2.1612160e-01   9.8072094e-01   7.8981072e+00
  -2.1625502e-01   9.8085436e-01   7.9011432e+00
  -2.1325789e-01   9.7908275e-01   7.8441507e+00
  -2.1348391e-01   9.7885672e-01   7.8451854e+00
  -2.1484140e-01   9.8021421e-01   7.8760191e+00
  -2.1586782e-01   9.8124063e-01   7.8993666e+00
  -2.1664358e-01   9.8201640e-01   7.9170317e+00
  -2.1674609e-01   9.8191389e-01   7.9174987e+00
  -2.1718853e-01   9.8235633e-01   7.9275805e+00
  -2.1752265e-01   9.8269045e-01   7.9351976e+00
  -2.1777493e-01   9.8294272e-01   7.9409509e+00
  -2.1796537e-01   9.8313317e-01   7.9452954e+00
  -2.1799055e-01   9.8310800e-01   7.9454098e+00
  -2.1325789e-01   9.7908275e-01   7.8441507e+00
  -2.1350331e-01   9.7883733e-01   7.8452743e+00
  -2.1495908e-01   9.8029311e-01   7.8783422e+00
  -2.1605913e-01   9.8139316e-01   7.9033685e+00
  -2.1689002e-01   9.8222405e-01   7.9222931e+00
  -2.1751738e-01   9.8285141e-01   7.9365947e+00
  -2.1760094e-01   9.8276785e-01   7.9369748e+00
  -2.1766406e-01   9.8270473e-01   7.9372621e+00
  -2.1793348e-01   9.8297414e-01   7.9434067e+00
  -2.1813673e-01   9.8317740e-01   7.9480437e+00
  -2.1816386e-01   9.8315027e-01   7.9481671e+00
  -2.1325789e-01   9.7908275e-01   7.8441507e+00
  -2.1352180e-01   9.7881884e-01   7.8453590e+00
  -2.1507125e-01   9.8036829e-01   7.8805565e+00
  -2.1624149e-01   9.8153853e-01   7.9071836e+00
  -2.1712493e-01   9.8242198e-01   7.9273096e+00
  -2.1779161e-01   9.8308866e-01   7.9425118e+00
  -2.1788110e-01   9.8299917e-01   7.9429187e+00
  -2.1794866e-01   9.8293162e-01   7.9432261e+00
  -2.1823447e-01   9.8321743e-01   7.9497466e+00
  -2.1827290e-01   9.8317900e-01   7.9499214e+00
  -2.1843533e-01   9.8334144e-01   7.9536283e+00
  -2.1325789e-01   9.7908275e-01   7.8441507e+00
  -2.1481124e-01   9.8063610e-01   7.8794403e+00
  -2.1645294e-01   9.8227781e-01   7.9168091e+00
  -2.1667524e-01   9.8205550e-01   7.9178208e+00
  -2.1760914e-01   9.8298940e-01   7.9391095e+00
  -2.1773541e-01   9.8286314e-01   7.9396838e+00
  -2.1826620e-01   9.8339393e-01   7.9517934e+00
  -2.1866637e-01   9.8379410e-01   7.9609282e+00
  -2.1872040e-01   9.8374007e-01   7.9611736e+00
  -2.1894766e-01   9.8396733e-01   7.9663631e+00
  -2.1897836e-01   9.8393663e-01   7.9665026e+00
  -2.1325789e-01   9.7908275e-01   7.8441507e+00
  -2.1355626e-01   9.7878438e-01   7.8455169e+00
  -2.1528014e-01   9.8050826e-01   7.8846804e+00
  -2.1550555e-01   9.8028284e-01   7.8857109e+00
  -2.1567567e-01   9.8011272e-01   7.8864895e+00
  -2.1580401e-01   9.7998438e-01   7.8870775e+00
  -2.1590080e-01   9.7988759e-01   7.8875212e+00
  -2.1629948e-01   9.8028628e-01   7.8965882e+00
  -2.1756536e-01   9.8155215e-01   7.9254056e+00
  -2.1883823e-01   9.8282503e-01   7.9544266e+00
  -2.1901237e-01   9.8265090e-01   7.9552211e+00
  -2.1973518e-01   9.8337372e-01   7.9717196e+00
  -2.2027992e-01   9.8391846e-01   7.9841627e+00
  -2.2069035e-01   9.8432889e-01   7.9935433e+00
  -2.2099954e-01   9.8463808e-01   8.0006130e+00
  -2.2104164e-01   9.8459598e-01   8.0008045e+00
  -2.2107336e-01   9.8456426e-01   8.0009489e+00
  -2.2120538e-01   9.8469628e-01   8.0039682e+00
  -2.2252937e-01   9.8602027e-01   8.0342747e+00
  -2.2276928e-01   9.8578035e-01   8.0353643e+00
  -2.2377117e-01   9.8678224e-01   8.0583272e+00
  -2.2390712e-01   9.8664629e-01   8.0589441e+00
  -2.2400960e-01   9.8654381e-01   8.0594095e+00
  -2.2443744e-01   9.8697165e-01   8.0692228e+00
  -2.2468225e-01   9.8672684e-01   8.0703348e+00
  -2.2570418e-01   9.8774877e-01   8.0937927e+00
  -2.2707318e-01   9.8911777e-01   8.1252614e+00
  -2.2725818e-01   9.8893277e-01   8.1260989e+00
  -2.2803483e-01   9.8970942e-01   8.1439725e+00
  -9.9997171e-01   2.9934963e-01   1.7554905e+01
  -9.9997195e-01   2.9934939e-01   1.7554909e+01
  -9.9996973e-01   2.9934717e-01   1.7554896e+01
  -9.9996754e-01   2.9934498e-01   1.7554883e+01
  -9.9996802e-01   2.9934450e-01   1.7554891e+01
  -9.9996578e-01   2.9934226e-01   1.7554878e+01
  -9.9996357e-01   2.9934006e-01   1.7554865e+01
  -9.9996139e-01   2.9933788e-01   1.7554853e+01
  -9.9995925e-01   2.9933573e-01   1.7554840e+01
  -9.9996014e-01   2.9933483e-01   1.7554855e+01
  -9.9995795e-01   2.9933264e-01   1.7554842e+01
  -9.9995569e-01   2.9933038e-01   1.7554829e+01
  -9.9995693e-01   2.9932913e-01   1.7554850e+01
  -9.9995793e-01   2.9932813e-01   1.7554867e+01
  -9.9995873e-01   2.9932734e-01   1.7554880e+01
  -9.9995936e-01   2.9932670e-01   1.7554890e+01
  -9.9995986e-01   2.9932620e-01   1.7554899e+01
  -9.9996026e-01   2.9932581e-01   1.7554905e+01
  -9.9996057e-01   2.9932550e-01   1.7554910e+01
  -9.9996082e-01   2.9932525e-01   1.7554915e+01
  -9.9996101e-01   2.9932506e-01   1.7554918e+01
  -9.9996086e-01   2.9932491e-01   1.7554917e+01
  -9.9996071e-01   2.9932476e-01   1.7554916e+01
  -9.9995569e-01   2.9933038e-01   1.7554829e+01
  -9.9995793e-01   2.9932814e-01   1.7554867e+01
  -9.9995603e-01   2.9932623e-01   1.7554855e+01
  -9.9995406e-01   2.9932427e-01   1.7554844e+01
  -9.9995694e-01   2.9932140e-01   1.7554892e+01
  -9.9995544e-01   2.9931991e-01   1.7554883e+01
  -9.9995390e-01   2.9931837e-01   1.7554874e+01
  -9.9995651e-01   2.9931576e-01   1.7554918e+01
  -9.9995534e-01   2.9931460e-01   1.7554911e+01
  -9.9995414e-01   2.9931339e-01   1.7554904e+01
  -9.9995647e-01   2.9931106e-01   1.7554943e+01
  -9.9995569e-01   2.9933038e-01   1.7554829e+01
  -9.9995418e-01   2.9932887e-01   1.7554821e+01
  -9.9995271e-01   2.9932740e-01   1.7554812e+01
  -9.9995597e-01   2.9932414e-01   1.7554866e+01
  -9.9995448e-01   2.9932265e-01   1.7554858e+01
  -9.9995296e-01   2.9932113e-01   1.7554849e+01
  -9.9995699e-01   2.9931709e-01   1.7554916e+01
  -9.9995584e-01   2.9931594e-01   1.7554909e+01
  -9.9995466e-01   2.9931476e-01   1.7554902e+01
  -9.9995821e-01   2.9931120e-01   1.7554961e+01
  -9.9995733e-01   2.9931031e-01   1.7554956e+01
  -9.9996024e-01   2.9930740e-01   1.7555005e+01
  -9.9996246e-01   2.9930518e-01   1.7555042e+01
  -9.9995271e-01   2.9932740e-01   1.7554812e+01
  -9.9995159e-01   2.9932628e-01   1.7554805e+01
  -9.9995574e-01   2.9932213e-01   1.7554875e+01
  -9.9995462e-01   2.9932101e-01   1.7554868e+01
  -9.9995935e-01   2.9931627e-01   1.7554947e+01
  -9.9996297e-01   2.9931266e-01   1.7555007e+01
  -9.9996236e-01   2.9931205e-01   1.7555003e+01
  -9.9996529e-01   2.9930911e-01   1.7555052e+01
  -9.9996753e-01   2.9930688e-01   1.7555089e+01
  -9.9996923e-01   2.9930517e-01   1.7555118e+01
  -9.9996899e-01   2.9930493e-01   1.7555116e+01
  -9.9996875e-01   2.9930469e-01   1.7555115e+01
  -9.9996850e-01   2.9930444e-01   1.7555113e+01
  -9.9995159e-01   2.9932628e-01   1.7554805e+01
  -9.9995658e-01   2.9932128e-01   1.7554889e+01
  -9.9995581e-01   2.9932051e-01   1.7554884e+01
  -9.9995503e-01   2.9931973e-01   1.7554880e+01
  -9.9996105e-01   2.9931370e-01   1.7554980e+01
  -9.9996049e-01   2.9931314e-01   1.7554976e+01
  -9.9996535e-01   2.9930827e-01   1.7555057e+01
  -9.9996905e-01   2.9930457e-01   1.7555119e+01
  -9.9996875e-01   2.9930428e-01   1.7555117e+01
  -9.9996846e-01   2.9930398e-01   1.7555115e+01
  -9.9997162e-01   2.9930082e-01   1.7555168e+01
  -9.9995159e-01   2.9932628e-01   1.7554805e+01
  -9.9995111e-01   2.9932581e-01   1.7554803e+01
  -9.9995067e-01   2.9932536e-01   1.7554800e+01
  -9.9995025e-01   2.9932494e-01   1.7554798e+01
  -9.9995618e-01   2.9931901e-01   1.7554896e+01
  -9.9995580e-01   2.9931862e-01   1.7554894e+01
  -9.9995542e-01   2.9931825e-01   1.7554892e+01
  -9.9995505e-01   2.9931788e-01   1.7554890e+01
  -9.9995469e-01   2.9931752e-01   1.7554888e+01
  -9.9996267e-01   2.9930955e-01   1.7555020e+01
  -9.9996244e-01   2.9930931e-01   1.7555019e+01
  -9.9996885e-01   2.9930290e-01   1.7555126e+01
  -9.9996870e-01   2.9930276e-01   1.7555125e+01
  -9.9996857e-01   2.9930263e-01   1.7555124e+01
  -9.9996845e-01   2.9930251e-01   1.7555123e+01
  -9.9996835e-01   2.9930240e-01   1.7555123e+01
  -9.9995025e-01   2.9932494e-01   1.7554798e+01
  -9.9995700e-01   2.9931819e-01   1.7554910e+01
  -9.9995695e-01   2.9931814e-01   1.7554910e+01
  -9.9995693e-01   2.9931812e-01   1.7554910e+01
  -9.9996495e-01   2.9931010e-01   1.7555043e+01
  -9.9997102e-01   2.9930403e-01   1.7555144e+01
  -9.9997561e-01   2.9929943e-01   1.7555220e+01
  -9.9997565e-01   2.9929947e-01   1.7555221e+01
  -9.9997569e-01   2.9929951e-01   1.7555221e+01
  -9.9997572e-01   2.9929954e-01   1.7555221e+01
  -9.9997575e-01   2.9929957e-01   1.7555221e+01
  -9.9995025e-01   2.9932494e-01   1.7554798e+01
  -9.9995766e-01   2.9931754e-01   1.7554921e+01
  -9.9995788e-01   2.9931776e-01   1.7554922e+01
  -9.9996381e-01   2.9931184e-01   1.7555021e+01
  -9.9996396e-01   2.9931199e-01   1.7555022e+01
  -9.9996734e-01   2.9930861e-01   1.7555078e+01
  -9.9996745e-01   2.9930871e-01   1.7555078e+01
  -9.9996753e-01   2.9930879e-01   1.7555079e+01
  -9.9996899e-01   2.9930733e-01   1.7555103e+01
  -9.9996904e-01   2.9930738e-01   1.7555104e+01
  -9.9996987e-01   2.9930655e-01   1.7555117e+01
  -9.9995025e-01   2.9932494e-01   1.7554798e+01
  -9.9995069e-01   2.9932538e-01   1.7554800e+01
  -9.9995919e-01   2.9931689e-01   1.7554942e+01
  -9.9995957e-01   2.9931727e-01   1.7554944e+01
  -9.9996441e-01   2.9931243e-01   1.7555024e+01
  -9.9996465e-01   2.9931266e-01   1.7555026e+01
  -9.9996741e-01   2.9930990e-01   1.7555072e+01
  -9.9996755e-01   2.9931004e-01   1.7555072e+01
  -9.9996912e-01   2.9930847e-01   1.7555099e+01
  -9.9997031e-01   2.9930728e-01   1.7555118e+01
  -9.9997121e-01   2.9930638e-01   1.7555133e+01
  -9.9995025e-01   2.9932494e-01   1.7554798e+01
  -9.9995093e-01   2.9932562e-01   1.7554802e+01
  -9.9995167e-01   2.9932636e-01   1.7554806e+01
  -9.9995224e-01   2.9932693e-01   1.7554809e+01
  -9.9995743e-01   2.9932173e-01   1.7554896e+01
  -9.9995777e-01   2.9932207e-01   1.7554898e+01
  -9.9995803e-01   2.9932233e-01   1.7554899e+01
  -9.9995823e-01   2.9932253e-01   1.7554900e+01
  -9.9995838e-01   2.9932269e-01   1.7554901e+01
  -9.9995965e-01   2.9932142e-01   1.7554922e+01
  -9.9996061e-01   2.9932046e-01   1.7554938e+01
  -9.9995025e-01   2.9932494e-01   1.7554798e+01
  -9.9995116e-01   2.9932585e-01   1.7554803e+01
  -9.9996088e-01   2.9931613e-01   1.7554965e+01
  -9.9996163e-01   2.9931688e-01   1.7554969e+01
  -9.9996716e-01   2.9931135e-01   1.7555061e+01
  -9.9997132e-01   2.9930718e-01   1.7555130e+01
  -9.9997166e-01   2.9930752e-01   1.7555132e+01
  -9.9997403e-01   2.9930515e-01   1.7555172e+01
  -9.9997422e-01   2.9930534e-01   1.7555173e+01
  -9.9997437e-01   2.9930549e-01   1.7555174e+01
  -9.9997539e-01   2.9930448e-01   1.7555190e+01
  -9.9995025e-01   2.9932494e-01   1.7554798e+01
  -9.9995138e-01   2.9932607e-01   1.7554804e+01
  -9.9996167e-01   2.9931578e-01   1.7554975e+01
  -9.9996259e-01   2.9931670e-01   1.7554981e+01
  -9.9996844e-01   2.9931085e-01   1.7555078e+01
  -9.9996897e-01   2.9931138e-01   1.7555081e+01
  -9.9996938e-01   2.9931179e-01   1.7555083e+01
  -9.9997188e-01   2.9930929e-01   1.7555125e+01
  -9.9997212e-01   2.9930952e-01   1.7555126e+01
  -9.9997354e-01   2.9930810e-01   1.7555150e+01
  -9.9997461e-01   2.9930703e-01   1.7555168e+01
  -9.9995025e-01   2.9932494e-01   1.7554798e+01
  -9.9996053e-01   2.9931466e-01   1.7554969e+01
  -9.9996195e-01   2.9931609e-01   1.7554977e+01
  -9.9997012e-01   2.9930792e-01   1.7555113e+01
  -9.9997627e-01   2.9930177e-01   1.7555215e+01
  -9.9997690e-01   2.9930240e-01   1.7555219e+01
  -9.9998039e-01   2.9929890e-01   1.7555277e+01
  -9.9998302e-01   2.9929628e-01   1.7555320e+01
  -9.9998329e-01   2.9929655e-01   1.7555322e+01
  -9.9998478e-01   2.9929506e-01   1.7555347e+01
  -9.9998591e-01   2.9929393e-01   1.7555365e+01
  -9.9995025e-01   2.9932494e-01   1.7554798e+01
  -9.9995179e-01   2.9932648e-01   1.7554807e+01
  -9.9995343e-01   2.9932812e-01   1.7554816e+01
  -9.9996198e-01   2.9931956e-01   1.7554958e+01
  -9.9996292e-01   2.9932050e-01   1.7554964e+01
  -9.9996364e-01   2.9932121e-01   1.7554968e+01
  -9.9996418e-01   2.9932176e-01   1.7554971e+01
  -9.9996459e-01   2.9932217e-01   1.7554974e+01
  -9.9996490e-01   2.9932248e-01   1.7554975e+01
  -9.9996646e-01   2.9932092e-01   1.7555001e+01
  -9.9996763e-01   2.9931974e-01   1.7555021e+01
  -9.9995025e-01   2.9932494e-01   1.7554798e+01
  -9.9996151e-01   2.9931369e-01   1.7554985e+01
  -9.9996334e-01   2.9931552e-01   1.7554996e+01
  -9.9997227e-01   2.9930659e-01   1.7555144e+01
  -9.9997900e-01   2.9929987e-01   1.7555256e+01
  -9.9997979e-01   2.9930067e-01   1.7555260e+01
  -9.9998360e-01   2.9929686e-01   1.7555324e+01
  -9.9998406e-01   2.9929732e-01   1.7555326e+01
  -9.9998622e-01   2.9929516e-01   1.7555362e+01
  -9.9998784e-01   2.9929353e-01   1.7555389e+01
  -9.9998906e-01   2.9929231e-01   1.7555410e+01
  -9.9995025e-01   2.9932494e-01   1.7554798e+01
  -9.9995217e-01   2.9932686e-01   1.7554809e+01
  -9.9996451e-01   2.9931452e-01   1.7555014e+01
  -9.9996604e-01   2.9931606e-01   1.7555023e+01
  -9.9996721e-01   2.9931722e-01   1.7555030e+01
  -9.9996808e-01   2.9931810e-01   1.7555035e+01
  -9.9996875e-01   2.9931876e-01   1.7555039e+01
  -9.9996925e-01   2.9931926e-01   1.7555042e+01
  -9.9996963e-01   2.9931964e-01   1.7555044e+01
  -9.9997132e-01   2.9931796e-01   1.7555072e+01
  -9.9997153e-01   2.9931817e-01   1.7555073e+01
  -9.9995025e-01   2.9932494e-01   1.7554798e+01
  -9.9995235e-01   2.9932704e-01   1.7554810e+01
  -9.9995456e-01   2.9932925e-01   1.7554823e+01
  -9.9995624e-01   2.9933093e-01   1.7554832e+01
  -9.9996348e-01   2.9932369e-01   1.7554953e+01
  -9.9996444e-01   2.9932464e-01   1.7554958e+01
  -9.9996516e-01   2.9932536e-01   1.7554963e+01
  -9.9996570e-01   2.9932591e-01   1.7554966e+01
  -9.9996802e-01   2.9932359e-01   1.7555004e+01
  -9.9996834e-01   2.9932390e-01   1.7555006e+01
  -9.9996857e-01   2.9932413e-01   1.7555008e+01
  -9.9995025e-01   2.9932494e-01   1.7554798e+01
  -9.9995252e-01   2.9932721e-01   1.7554811e+01
  -9.9996575e-01   2.9931397e-01   1.7555031e+01
  -9.9996756e-01   2.9931578e-01   1.7555041e+01
  -9.9996892e-01   2.9931715e-01   1.7555049e+01
  -9.9997455e-01   2.9931151e-01   1.7555143e+01
  -9.9997631e-01   2.9931327e-01   1.7555153e+01
  -9.9997763e-01   2.9931459e-01   1.7555161e+01
  -9.9998304e-01   2.9930918e-01   1.7555251e+01
  -9.9998483e-01   2.9931097e-01   1.7555261e+01
  -9.9998618e-01   2.9931232e-01   1.7555269e+01
  -9.9999163e-01   2.9930687e-01   1.7555360e+01
  -9.9999345e-01   2.9930869e-01   1.7555370e+01
  -9.9999483e-01   2.9931006e-01   1.7555378e+01
  -9.9999586e-01   2.9931110e-01   1.7555384e+01
  -1.0000000e+00   2.9930696e-01   1.7555453e+01
   9.9922790e-01  -2.5419048e-01   8.5960429e+00
   9.9961671e-01  -2.5380166e-01   8.5942630e+00
   1.0000000e+00  -2.5341838e-01   8.5925123e+00
   9.9832496e-01  -2.5174333e-01   8.5533083e+00
   9.9667673e-01  -2.5009509e-01   8.5148027e+00
   9.9704664e-01  -2.4972518e-01   8.5131053e+00
   9.9741118e-01  -2.4936063e-01   8.5114361e+00
   9.9777042e-01  -2.4900140e-01   8.5097946e+00
   9.9621672e-01  -2.4744770e-01   8.4735467e+00
   9.9656675e-01  -2.4709767e-01   8.4719455e+00
   9.9691159e-01  -2.4675282e-01   8.4703712e+00
   9.9725130e-01  -2.4641311e-01   8.4688233e+00
   9.9758594e-01  -2.4607848e-01   8.4673015e+00
   9.9791553e-01  -2.4574888e-01   8.4658055e+00
   9.9649796e-01  -2.4433130e-01   8.4327666e+00
   9.9681867e-01  -2.4401059e-01   8.4313095e+00
   9.9713447e-01  -2.4369479e-01   8.4298774e+00
   9.9578457e-01  -2.4234489e-01   8.3984569e+00
   9.9445860e-01  -2.4101892e-01   8.3676399e+00
   9.9315635e-01  -2.3971666e-01   8.3374192e+00
   9.9345559e-01  -2.3941743e-01   8.3360540e+00
   9.9375008e-01  -2.3912294e-01   8.3347127e+00
   9.9251326e-01  -2.3788612e-01   8.3060455e+00
   9.9279917e-01  -2.3760022e-01   8.3047424e+00
   9.9160600e-01  -2.3640705e-01   8.2771222e+00
   9.9043543e-01  -2.3523647e-01   8.2500616e+00
   9.8928725e-01  -2.3408829e-01   8.2235543e+00
   9.8955689e-01  -2.3381865e-01   8.2223189e+00
   9.8982201e-01  -2.3355353e-01   8.2211062e+00
   9.8873636e-01  -2.3246788e-01   8.1960694e+00
   9.8767241e-01  -2.3140393e-01   8.1715638e+00
   9.8662999e-01  -2.3036151e-01   8.1475833e+00
   9.8560892e-01  -2.2934043e-01   8.1241221e+00
   9.8585415e-01  -2.2909519e-01   8.1229929e+00
   9.8609504e-01  -2.2885430e-01   8.1218853e+00
   9.8513410e-01  -2.2789335e-01   8.0998273e+00
   9.8419387e-01  -2.2695311e-01   8.0782686e+00
   9.8327416e-01  -2.2603341e-01   8.0572038e+00
   9.8349931e-01  -2.2580826e-01   8.0561645e+00
   9.8372025e-01  -2.2558732e-01   8.0551459e+00
   9.8393702e-01  -2.2537055e-01   8.0541478e+00
   9.8309442e-01  -2.2452795e-01   8.0348643e+00
   9.8330330e-01  -2.2431907e-01   8.0339022e+00
   9.8350810e-01  -2.2411427e-01   8.0329601e+00
   9.8272247e-01  -2.2332863e-01   8.0149946e+00
   9.8291951e-01  -2.2313159e-01   8.0140879e+00
   9.8311255e-01  -2.2293855e-01   8.0132006e+00
   9.8238290e-01  -2.2220889e-01   7.9965277e+00
   9.8256830e-01  -2.2202348e-01   7.9956753e+00
   9.8274980e-01  -2.2184198e-01   7.9948418e+00
   9.8292743e-01  -2.2166435e-01   7.9940269e+00
   9.8310121e-01  -2.2149057e-01   7.9932306e+00
   9.8327117e-01  -2.2132061e-01   7.9924525e+00
   9.8343734e-01  -2.2115444e-01   7.9916925e+00
   9.8359975e-01  -2.2099203e-01   7.9909504e+00
   9.8301374e-01  -2.2040602e-01   7.9775642e+00
   9.8244575e-01  -2.1983803e-01   7.9645987e+00
   9.8259733e-01  -2.1968645e-01   7.9639053e+00
   9.8206452e-01  -2.1915364e-01   7.9517501e+00
   9.8154938e-01  -2.1863849e-01   7.9400052e+00
   9.8105178e-01  -2.1814089e-01   7.9286672e+00
   9.8118918e-01  -2.1800349e-01   7.9280374e+00
   9.8072592e-01  -2.1754023e-01   7.9174875e+00
   9.8085628e-01  -2.1740988e-01   7.9168899e+00
   9.8098310e-01  -2.1728306e-01   7.9163090e+00
   9.8110641e-01  -2.1715975e-01   7.9157446e+00
   9.8071037e-01  -2.1676371e-01   7.9067288e+00
   9.8082679e-01  -2.1664729e-01   7.9061959e+00
   9.8046397e-01  -2.1628447e-01   7.8979397e+00
   9.8011773e-01  -2.1593823e-01   7.8900643e+00
   9.7978798e-01  -2.1560847e-01   7.8825668e+00
   9.7989088e-01  -2.1550557e-01   7.8820951e+00
   9.7959360e-01  -2.1520829e-01   7.8753383e+00
   9.7931250e-01  -2.1492720e-01   7.8689516e+00
   9.7904750e-01  -2.1466219e-01   7.8629324e+00
   9.7913713e-01  -2.1457256e-01   7.8625212e+00
   9.7922347e-01  -2.1448621e-01   7.8621253e+00
   9.7900594e-01  -2.1426868e-01   7.8571854e+00
   9.7908577e-01  -2.1418884e-01   7.8568194e+00
   9.7916237e-01  -2.1411224e-01   7.8564684e+00
   9.7899158e-01  -2.1394145e-01   7.8525907e+00
   9.7906178e-01  -2.1387125e-01   7.8522691e+00
   9.7892178e-01  -2.1373125e-01   7.8490910e+00
   9.7898565e-01  -2.1366738e-01   7.8487984e+00
   9.7904638e-01  -2.1360666e-01   7.8485203e+00
   9.7910398e-01  -2.1354905e-01   7.8482566e+00
   9.7902460e-01  -2.1346967e-01   7.8464547e+00
   9.7907601e-01  -2.1341826e-01   7.8462194e+00
   9.7902650e-01  -2.1336875e-01   7.8450956e+00
   9.7907178e-01  -2.1332346e-01   7.8448883e+00
   9.7905185e-01  -2.1330353e-01   7.8444358e+00
   9.7904659e-01  -2.1329827e-01   7.8443165e+00
   9.7908282e-01  -2.1326204e-01   7.8441507e+00
   9.7910670e-01  -2.1328592e-01   7.8446928e+00
   9.7913849e-01  -2.1325414e-01   7.8445474e+00
   9.7919665e-01  -2.1331229e-01   7.8458675e+00
   9.7925211e-01  -2.1336775e-01   7.8471265e+00
   9.7930254e-01  -2.1341819e-01   7.8482714e+00
   9.7931117e-01  -2.1340955e-01   7.8482320e+00
   9.7936473e-01  -2.1346310e-01   7.8494477e+00
   9.7941004e-01  -2.1350842e-01   7.8504766e+00
   9.7944787e-01  -2.1354625e-01   7.8513355e+00
   9.7944933e-01  -2.1354479e-01   7.8513289e+00
   9.7945024e-01  -2.1354388e-01   7.8513247e+00
   9.7908282e-01  -2.1326204e-01   7.8441507e+00
   9.7908131e-01  -2.1326354e-01   7.8441576e+00
   9.7929838e-01  -2.1348061e-01   7.8490851e+00
   9.7929283e-01  -2.1348617e-01   7.8491105e+00
   9.7928702e-01  -2.1349197e-01   7.8491370e+00
   9.7939660e-01  -2.1360156e-01   7.8516250e+00
   9.7939151e-01  -2.1360665e-01   7.8516483e+00
   9.7945983e-01  -2.1367496e-01   7.8531995e+00
   9.7945594e-01  -2.1367885e-01   7.8532173e+00
   9.7949809e-01  -2.1372100e-01   7.8541744e+00
   9.7949534e-01  -2.1372375e-01   7.8541870e+00
   9.7908282e-01  -2.1326204e-01   7.8441507e+00
   9.7942283e-01  -2.1360205e-01   7.8518697e+00
   9.7938686e-01  -2.1363803e-01   7.8520342e+00
   9.7935778e-01  -2.1366710e-01   7.8521671e+00
   9.7958155e-01  -2.1389087e-01   7.8572486e+00
   9.7975508e-01  -2.1406440e-01   7.8611902e+00
   9.7974023e-01  -2.1407924e-01   7.8612580e+00
   9.7984419e-01  -2.1418321e-01   7.8636199e+00
   9.7992453e-01  -2.1426355e-01   7.8654453e+00
   9.7991719e-01  -2.1427090e-01   7.8654788e+00
   9.7996502e-01  -2.1431873e-01   7.8665658e+00
   9.7908282e-01  -2.1326204e-01   7.8441507e+00
   9.7956248e-01  -2.1374171e-01   7.8550409e+00
   9.7949658e-01  -2.1380761e-01   7.8553422e+00
   9.7944515e-01  -2.1385904e-01   7.8555774e+00
   9.7975032e-01  -2.1416421e-01   7.8625088e+00
   9.7998464e-01  -2.1439854e-01   7.8678329e+00
   9.7996051e-01  -2.1442267e-01   7.8679432e+00
   9.7994179e-01  -2.1444139e-01   7.8680288e+00
   9.7992729e-01  -2.1445589e-01   7.8680950e+00
   9.8000820e-01  -2.1453680e-01   7.8699337e+00
   9.8007014e-01  -2.1459874e-01   7.8713414e+00
   9.7908282e-01  -2.1326204e-01   7.8441507e+00
   9.7969524e-01  -2.1387447e-01   7.8580562e+00
   9.8035096e-01  -2.1453018e-01   7.8729559e+00
   9.8085223e-01  -2.1503145e-01   7.8843542e+00
   9.8123523e-01  -2.1541446e-01   7.8930678e+00
   9.8119254e-01  -2.1545715e-01   7.8932623e+00
   9.8141574e-01  -2.1568035e-01   7.8983421e+00
   9.8158604e-01  -2.1585065e-01   7.9022188e+00
   9.8156674e-01  -2.1586995e-01   7.9023067e+00
   9.8155193e-01  -2.1588475e-01   7.9023742e+00
   9.8154058e-01  -2.1589610e-01   7.9024259e+00
   9.7908282e-01  -2.1326204e-01   7.8441507e+00
   9.7896915e-01  -2.1337571e-01   7.8446709e+00
   9.7884731e-01  -2.1349755e-01   7.8452289e+00
   9.7875405e-01  -2.1359080e-01   7.8456562e+00
   9.7868273e-01  -2.1366213e-01   7.8459833e+00
   9.7862821e-01  -2.1371665e-01   7.8462333e+00
   9.7889193e-01  -2.1398038e-01   7.8522190e+00
   9.7909249e-01  -2.1418094e-01   7.8567724e+00
   9.7906826e-01  -2.1420517e-01   7.8568835e+00
   9.7904977e-01  -2.1422366e-01   7.8569683e+00
   9.7913781e-01  -2.1431170e-01   7.8589674e+00
   9.7908282e-01  -2.1326204e-01   7.8441507e+00
   9.7894443e-01  -2.1340042e-01   7.8447841e+00
   9.7985726e-01  -2.1431325e-01   7.8655128e+00
   9.8055081e-01  -2.1500680e-01   7.8812776e+00
   9.8046563e-01  -2.1509198e-01   7.8816666e+00
   9.8086531e-01  -2.1549167e-01   7.8907574e+00
   9.8116867e-01  -2.1579503e-01   7.8976601e+00
   9.8113120e-01  -2.1583249e-01   7.8978310e+00
   9.8110270e-01  -2.1586099e-01   7.8979610e+00
   9.8123507e-01  -2.1599337e-01   7.9009738e+00
   9.8133545e-01  -2.1609374e-01   7.9032586e+00
   9.7908282e-01  -2.1326204e-01   7.8441507e+00
   9.8005592e-01  -2.1423515e-01   7.8662504e+00
   9.8108929e-01  -2.1526852e-01   7.8897471e+00
   9.8095937e-01  -2.1539844e-01   7.8903395e+00
   9.8155308e-01  -2.1599216e-01   7.9038520e+00
   9.8200306e-01  -2.1644214e-01   7.9140996e+00
   9.8194636e-01  -2.1649885e-01   7.9143578e+00
   9.8220454e-01  -2.1675702e-01   7.9202398e+00
   9.8217190e-01  -2.1678966e-01   7.9203884e+00
   9.8214714e-01  -2.1681442e-01   7.9205011e+00
   9.8212835e-01  -2.1683321e-01   7.9205867e+00
   9.7908282e-01  -2.1326204e-01   7.8441507e+00
   9.7889849e-01  -2.1344637e-01   7.8449944e+00
   9.8004451e-01  -2.1459239e-01   7.8710220e+00
   9.7989660e-01  -2.1474030e-01   7.8716983e+00
   9.7978440e-01  -2.1485250e-01   7.8722117e+00
   9.8028107e-01  -2.1534917e-01   7.8835019e+00
   9.8021672e-01  -2.1541352e-01   7.8837962e+00
   9.8016796e-01  -2.1546229e-01   7.8840194e+00
   9.8013101e-01  -2.1549923e-01   7.8841885e+00
   9.8029350e-01  -2.1566173e-01   7.8878835e+00
   9.8041638e-01  -2.1578460e-01   7.8906780e+00
   9.7908282e-01  -2.1326204e-01   7.8441507e+00
   9.7887714e-01  -2.1346772e-01   7.8450922e+00
   9.7865893e-01  -2.1368593e-01   7.8460924e+00
   9.7960675e-01  -2.1463376e-01   7.8676143e+00
   9.8032369e-01  -2.1535070e-01   7.8839099e+00
   9.8022948e-01  -2.1544492e-01   7.8843408e+00
   9.8063905e-01  -2.1585449e-01   7.8936561e+00
   9.8058516e-01  -2.1590837e-01   7.8939024e+00
   9.8054439e-01  -2.1594914e-01   7.8940889e+00
   9.8072101e-01  -2.1612576e-01   7.8981072e+00
   9.8085443e-01  -2.1625918e-01   7.9011432e+00
   9.7908282e-01  -2.1326204e-01   7.8441507e+00
   9.7885679e-01  -2.1348806e-01   7.8451854e+00
   9.8021428e-01  -2.1484555e-01   7.8760191e+00
   9.8124070e-01  -2.1587197e-01   7.8993666e+00
   9.8201646e-01  -2.1664774e-01   7.9170317e+00
   9.8191395e-01  -2.1675025e-01   7.9174987e+00
   9.8235639e-01  -2.1719269e-01   7.9275805e+00
   9.8269051e-01  -2.1752681e-01   7.9351976e+00
   9.8294278e-01  -2.1777909e-01   7.9409509e+00
   9.8313323e-01  -2.1796954e-01   7.9452954e+00
   9.8310806e-01  -2.1799471e-01   7.9454098e+00
   9.7908282e-01  -2.1326204e-01   7.8441507e+00
   9.7883740e-01  -2.1350746e-01   7.8452743e+00
   9.8029317e-01  -2.1496324e-01   7.8783422e+00
   9.8139322e-01  -2.1606329e-01   7.9033685e+00
   9.8222411e-01  -2.1689418e-01   7.9222931e+00
   9.8285147e-01  -2.1752154e-01   7.9365947e+00
   9.8276791e-01  -2.1760511e-01   7.9369748e+00
   9.8270479e-01  -2.1766823e-01   7.9372621e+00
   9.8297420e-01  -2.1793764e-01   7.9434067e+00
   9.8317746e-01  -2.1814090e-01   7.9480437e+00
   9.8315033e-01  -2.1816802e-01   7.9481671e+00
   9.7908282e-01  -2.1326204e-01   7.8441507e+00
   9.7881891e-01  -2.1352595e-01   7.8453590e+00
   9.8036835e-01  -2.1507540e-01   7.8805565e+00
   9.8153860e-01  -2.1624565e-01   7.9071836e+00
   9.8242204e-01  -2.1712909e-01   7.9273096e+00
   9.8308872e-01  -2.1779578e-01   7.9425118e+00
   9.8299923e-01  -2.1788527e-01   7.9429187e+00
   9.8293167e-01  -2.1795282e-01   7.9432261e+00
   9.8321749e-01  -2.1823863e-01   7.9497466e+00
   9.8317906e-01  -2.1827706e-01   7.9499214e+00
   9.8334150e-01  -2.1843950e-01   7.9536283e+00
   9.7908282e-01  -2.1326204e-01   7.8441507e+00
   9.8063617e-01  -2.1481539e-01   7.8794403e+00
   9.8227787e-01  -2.1645710e-01   7.9168091e+00
   9.8205556e-01  -2.1667940e-01   7.9178208e+00
   9.8298946e-01  -2.1761331e-01   7.9391095e+00
   9.8286320e-01  -2.1773957e-01   7.9396838e+00
   9.8339398e-01  -2.1827036e-01   7.9517934e+00
   9.8379415e-01  -2.1867053e-01   7.9609282e+00
   9.8374013e-01  -2.1872456e-01   7.9611736e+00
   9.8396739e-01  -2.1895182e-01   7.9663631e+00
   9.8393669e-01  -2.1898252e-01   7.9665026e+00
   9.7908282e-01  -2.1326204e-01   7.8441507e+00
   9.7878445e-01  -2.1356041e-01   7.8455169e+00
   9.8050832e-01  -2.1528429e-01   7.8846804e+00
   9.8028291e-01  -2.1550970e-01   7.8857109e+00
   9.8011279e-01  -2.1567982e-01   7.8864895e+00
   9.7998445e-01  -2.1580816e-01   7.8870775e+00
   9.7988766e-01  -2.1590496e-01   7.8875212e+00
   9.8028635e-01  -2.1630364e-01   7.8965882e+00
   9.8155222e-01  -2.1756952e-01   7.9254056e+00
   9.8282509e-01  -2.1884240e-01   7.9544266e+00
   9.8265096e-01  -2.1901653e-01   7.9552211e+00
   9.8337378e-01  -2.1973935e-01   7.9717196e+00
   9.8391851e-01  -2.2028409e-01   7.9841627e+00
   9.8432894e-01  -2.2069452e-01   7.9935433e+00
   9.8463813e-01  -2.2100371e-01   8.0006130e+00
   9.8459603e-01  -2.2104581e-01   8.0008045e+00
   9.8456431e-01  -2.2107754e-01   8.0009489e+00
   9.8469633e-01  -2.2120956e-01   8.0039682e+00
   9.8602032e-01  -2.2253355e-01   8.0342747e+00
   9.8578040e-01  -2.2277346e-01   8.0353643e+00
   9.8678229e-01  -2.2377535e-01   8.0583272e+00
   9.8664633e-01  -2.2391131e-01   8.0589441e+00
   9.8654386e-01  -2.2401378e-01   8.0594095e+00
   9.8697170e-01  -2.2444162e-01   8.0692228e+00
   9.8672688e-01  -2.2468644e-01   8.0703348e+00
   9.8774881e-01  -2.2570837e-01   8.0937927e+00
   9.8911781e-01  -2.2707738e-01   8.1252614e+00
   9.8893281e-01  -2.2726238e-01   8.1260989e+00
   9.8970945e-01  -2.2803902e-01   8.1439725e+00
   9.9029448e-01  -2.2862405e-01   8.1574469e+00
   9.9021568e-01  -2.2870285e-01   8.1578029e+00
   9.9054726e-01  -2.2903442e-01   8.1654437e+00
   9.9050260e-01  -2.2907907e-01   8.1656454e+00
   9.9069046e-01  -2.2926693e-01   8.1699756e+00
   9.9083187e-01  -2.2940834e-01   8.1732356e+00
   9.9057823e-01  -2.2966197e-01   8.1743818e+00
