  -1.0000000e+00  -1.0000000e+00   2.9588643e-10   1.0483974e-04
  -1.0000000e+00  -8.9473684e-01   3.1996038e+00   1.0454237e+01
  -1.0000000e+00  -7.8947368e-01   1.1889097e+01   1.7621797e+01
  -1.0000000e+00  -6.8421053e-01   2.3614289e+01   1.9163218e+01
  -1.0000000e+00  -5.7894737e-01   3.5106998e+01   1.4336912e+01
  -1.0000000e+00  -4.7368421e-01   4.3237322e+01   4.1579619e+00
  -1.0000000e+00  -3.6842105e-01   4.5885187e+01  -8.9681574e+00
  -1.0000000e+00  -2.6315789e-01   4.2466234e+01  -2.1999302e+01
  -1.0000000e+00  -1.5789474e-01   3.3971078e+01  -3.2142501e+01
  -1.0000000e+00  -5.2631579e-02   2.2541958e+01  -3.7589623e+01
  -1.0000000e+00   5.2631579e-02   1.0757991e+01  -3.7889496e+01
  -1.0000000e+00   1.5789474e-01   8.7988933e-01  -3.3878647e+01
  -1.0000000e+00   2.6315789e-01  -5.7060291e+00  -2.7243829e+01
  -1.0000000e+00   3.6842105e-01  -8.6959952e+00  -1.9902295e+01
  -1.0000000e+00   4.7368421e-01  -8.7135760e+00  -1.3423943e+01
  -1.0000000e+00   5.7894737e-01  -6.8997421e+00  -8.6762655e+00
  -1.0000000e+00   6.8421053e-01  -4.4288057e+00  -5.7714907e+00
  -1.0000000e+00   7.8947368e-01  -2.1299700e+00  -4.2780090e+00
  -1.0000000e+00   8.9473684e-01  -3.2863501e-01  -3.5693848e+00
  -1.0000000e+00   1.0000000e+00   1.0773645e+00  -3.1537107e+00
  -8.0000000e-01  -1.0000000e+00   2.9588643e-10   9.2641697e-05
  -8.0000000e-01  -8.9473684e-01   3.1872842e+00   9.1226619e+00
  -8.0000000e-01  -7.8947368e-01   1.1703178e+01   1.4718335e+01
  -8.0000000e-01  -6.8421053e-01   2.2761028e+01   1.4408090e+01
  -8.0000000e-01  -5.7894737e-01   3.2759808e+01   7.7112611e+00
  -8.0000000e-01  -4.7368421e-01   3.8456053e+01  -3.8516952e+00
  -8.0000000e-01  -3.6842105e-01   3.7972036e+01  -1.7318125e+01
  -8.0000000e-01  -2.6315789e-01   3.1304065e+01  -2.9282716e+01
  -8.0000000e-01  -1.5789474e-01   2.0188123e+01  -3.6971679e+01
  -8.0000000e-01  -5.2631579e-02   7.4158925e+00  -3.9021769e+01
  -8.0000000e-01   5.2631579e-02  -4.1183163e+00  -3.5726146e+01
  -8.0000000e-01   1.5789474e-01  -1.2288165e+01  -2.8718675e+01
  -8.0000000e-01   2.6315789e-01  -1.6236054e+01  -2.0271132e+01
  -8.0000000e-01   3.6842105e-01  -1.6381493e+01  -1.2497230e+01
  -8.0000000e-01   4.7368421e-01  -1.4008202e+01  -6.7547671e+00
  -8.0000000e-01   5.7894737e-01  -1.0646255e+01  -3.4249853e+00
  -8.0000000e-01   6.8421053e-01  -7.5106733e+00  -2.0809624e+00
  -8.0000000e-01   7.8947368e-01  -5.1956540e+00  -1.9063834e+00
  -8.0000000e-01   8.9473684e-01  -3.6910496e+00  -2.1504003e+00
  -8.0000000e-01   1.0000000e+00  -2.6464517e+00  -2.4254483e+00
  -6.0000000e-01  -1.0000000e+00   2.9588643e-10   8.3586747e-05
  -6.0000000e-01  -8.9473684e-01   3.1738250e+00   8.1214224e+00
  -6.0000000e-01  -7.8947368e-01   1.1501547e+01   1.2479469e+01
  -6.0000000e-01  -6.8421053e-01   2.1847224e+01   1.0688031e+01
  -6.0000000e-01  -5.7894737e-01   3.0291816e+01   2.5890667e+00
  -6.0000000e-01  -4.7368421e-01   3.3553095e+01  -9.7353401e+00
  -6.0000000e-01  -3.6842105e-01   3.0122036e+01  -2.2768026e+01
  -6.0000000e-01  -2.6315789e-01   2.0701807e+01  -3.2839904e+01
  -6.0000000e-01  -1.5789474e-01   7.8261886e+00  -3.7383728e+01
  -6.0000000e-01  -5.2631579e-02  -5.1406175e+00  -3.5693842e+01
  -6.0000000e-01   5.2631579e-02  -1.5196751e+01  -2.8953163e+01
  -6.0000000e-01   1.5789474e-01  -2.0624936e+01  -1.9593446e+01
  -6.0000000e-01   2.6315789e-01  -2.1333200e+01  -1.0307307e+01
  -6.0000000e-01   3.6842105e-01  -1.8566141e+01  -3.1301142e+00
  -6.0000000e-01   4.7368421e-01  -1.4193381e+01   1.0711829e+00
  -6.0000000e-01   5.7894737e-01  -9.9218389e+00   2.5753475e+00
  -6.0000000e-01   6.8421053e-01  -6.7565674e+00   2.3598440e+00
  -6.0000000e-01   7.8947368e-01  -4.8786247e+00   1.4976368e+00
  -6.0000000e-01   8.9473684e-01  -3.9015331e+00   6.8671666e-01
  -6.0000000e-01   1.0000000e+00  -3.3077936e+00   9.1942421e-02
  -4.0000000e-01  -1.0000000e+00   2.9588643e-10   7.6326521e-05
  -4.0000000e-01  -8.9473684e-01   3.1592350e+00   7.3088164e+00
  -4.0000000e-01  -7.8947368e-01   1.1284726e+01   1.0623709e+01
  -4.0000000e-01  -6.8421053e-01   2.0878100e+01   7.5867021e+00
  -4.0000000e-01  -5.7894737e-01   2.7727399e+01  -1.5757767e+00
  -4.0000000e-01  -4.7368421e-01   2.8600966e+01  -1.4174867e+01
  -4.0000000e-01  -3.6842105e-01   2.2492204e+01  -2.6169230e+01
  -4.0000000e-01  -2.6315789e-01   1.0921681e+01  -3.3763134e+01
  -4.0000000e-01  -1.5789474e-01  -2.7736350e+00  -3.4810712e+01
  -4.0000000e-01  -5.2631579e-02  -1.4802300e+01  -2.9468482e+01
  -4.0000000e-01   5.2631579e-02  -2.2322608e+01  -1.9897055e+01
  -4.0000000e-01   1.5789474e-01  -2.4316651e+01  -9.2313479e+00
  -4.0000000e-01   2.6315789e-01  -2.1644723e+01  -3.2487692e-01
  -4.0000000e-01   3.6842105e-01  -1.6372409e+01   5.1898223e+00
  -4.0000000e-01   4.7368421e-01  -1.0761667e+01   7.1893341e+00
  -4.0000000e-01   5.7894737e-01  -6.4055950e+00   6.6917385e+00
  -4.0000000e-01   6.8421053e-01  -3.8469751e+00   5.1183144e+00
  -4.0000000e-01   7.8947368e-01  -2.7447959e+00   3.5877529e+00
  -4.0000000e-01   8.9473684e-01  -2.3877934e+00   2.5583174e+00
  -4.0000000e-01   1.0000000e+00  -2.2253393e+00   1.9082163e+00
  -2.0000000e-01  -1.0000000e+00   2.9588643e-10   7.0309881e-05
  -2.0000000e-01  -8.9473684e-01   3.1435237e+00   6.6270021e+00
  -2.0000000e-01  -7.8947368e-01   1.1053274e+01   9.0368949e+00
  -2.0000000e-01  -6.8421053e-01   1.9859169e+01   4.9374894e+00
  -2.0000000e-01  -5.7894737e-01   2.5091609e+01  -5.0000690e+00
  -2.0000000e-01  -4.7368421e-01   2.3671407e+01  -1.7449213e+01
  -2.0000000e-01  -3.6842105e-01   1.5229292e+01  -2.7905048e+01
  -2.0000000e-01  -2.6315789e-01   2.1875363e+00  -3.2617638e+01
  -2.0000000e-01  -1.5789474e-01  -1.1365725e+01  -3.0092556e+01
  -2.0000000e-01  -5.2631579e-02  -2.1426570e+01  -2.1522946e+01
  -2.0000000e-01   5.2631579e-02  -2.5624902e+01  -1.0054076e+01
  -2.0000000e-01   1.5789474e-01  -2.3914245e+01   6.7633996e-01
  -2.0000000e-01   2.6315789e-01  -1.8204456e+01   7.9940649e+00
  -2.0000000e-01   3.6842105e-01  -1.1248602e+01   1.1001646e+01
  -2.0000000e-01   4.7368421e-01  -5.3975106e+00   1.0493689e+01
  -2.0000000e-01   5.7894737e-01  -1.8045721e+00   8.1766199e+00
  -2.0000000e-01   6.8421053e-01  -3.5310275e-01   5.6919314e+00
  -2.0000000e-01   7.8947368e-01  -1.7927319e-01   3.9478352e+00
  -2.0000000e-01   8.9473684e-01  -3.9041768e-01   3.0144085e+00
  -2.0000000e-01   1.0000000e+00  -5.5613759e-01   2.4957028e+00
   0.0000000e+00  -1.0000000e+00   2.9588643e-10   6.5218518e-05
   0.0000000e+00  -8.9473684e-01   3.1267014e+00   6.0426045e+00
   0.0000000e+00  -7.8947368e-01   1.0807790e+01   7.6535295e+00
   0.0000000e+00  -6.8421053e-01   1.8796189e+01   2.6457638e+00
   0.0000000e+00  -5.7894737e-01   2.2409876e+01  -7.8078056e+00
   0.0000000e+00  -4.7368421e-01   1.8834079e+01  -1.9728891e+01
   0.0000000e+00  -3.6842105e-01   8.4661392e+00  -2.8241195e+01
   0.0000000e+00  -2.6315789e-01  -5.3220008e+00  -2.9843062e+01
   0.0000000e+00  -1.5789474e-01  -1.7807500e+01  -2.3921188e+01
   0.0000000e+00  -5.2631579e-02  -2.5052259e+01  -1.2826548e+01
   0.0000000e+00   5.2631579e-02  -2.5487808e+01  -5.9642130e-01
   0.0000000e+00   1.5789474e-01  -2.0253977e+01   8.9326735e+00
   0.0000000e+00   2.6315789e-01  -1.2284054e+01   1.3654643e+01
   0.0000000e+00   3.6842105e-01  -4.7493039e+00   1.3694407e+01
   0.0000000e+00   4.7368421e-01   2.9134858e-01   1.0812470e+01
   0.0000000e+00   5.7894737e-01   2.4257336e+00   7.2068622e+00
   0.0000000e+00   6.8421053e-01   2.5172710e+00   4.4277895e+00
   0.0000000e+00   7.8947368e-01   1.8269368e+00   2.9274737e+00
   0.0000000e+00   8.9473684e-01   1.2191934e+00   2.3227104e+00
   0.0000000e+00   1.0000000e+00   8.7326144e-01   2.0348411e+00
   2.0000000e-01  -1.0000000e+00   2.9588643e-10   6.0843039e-05
   2.0000000e-01  -8.9473684e-01   3.1087790e+00   5.5336858e+00
   2.0000000e-01  -7.8947368e-01   1.0548902e+01   6.4307905e+00
   2.0000000e-01  -6.8421053e-01   1.7695132e+01   6.5008242e-01
   2.0000000e-01  -5.7894737e-01   1.9707704e+01  -1.0081547e+01
   2.0000000e-01  -4.7368421e-01   1.4155315e+01  -2.1139212e+01
   2.0000000e-01  -3.6842105e-01   2.3185020e+00  -2.7398640e+01
   2.0000000e-01  -2.6315789e-01  -1.1478455e+01  -2.5831036e+01
   2.0000000e-01  -1.5789474e-01  -2.2061576e+01  -1.6915455e+01
   2.0000000e-01  -5.2631579e-02  -2.5886861e+01  -4.2067313e+00
   2.0000000e-01   5.2631579e-02  -2.2503578e+01   7.5685843e+00
   2.0000000e-01   1.5789474e-01  -1.4356101e+01   1.4766216e+01
   2.0000000e-01   2.6315789e-01  -5.2290861e+00   1.6239871e+01
   2.0000000e-01   3.6842105e-01   1.6774908e+00   1.3322855e+01
   2.0000000e-01   4.7368421e-01   5.0005694e+00   8.6285329e+00
   2.0000000e-01   5.7894737e-01   5.2801510e+00   4.5163510e+00
   2.0000000e-01   6.8421053e-01   4.0645200e+00   2.1007099e+00
   2.0000000e-01   7.8947368e-01   2.7707754e+00   1.2057732e+00
   2.0000000e-01   8.9473684e-01   2.0069321e+00   1.0419678e+00
   2.0000000e-01   1.0000000e+00   1.6316619e+00   9.9861868e-01
   4.0000000e-01  -1.0000000e+00   2.9588643e-10   5.7036377e-05
   4.0000000e-01  -8.9473684e-01   3.0897683e+00   5.0848495e+00
   4.0000000e-01  -7.8947368e-01   1.0277275e+01   5.3387903e+00
   4.0000000e-01  -6.8421053e-01   1.6562135e+01  -1.0923114e+00
   4.0000000e-01  -5.7894737e-01   1.7010372e+01  -1.1881489e+01
   4.0000000e-01  -4.7368421e-01   9.6969655e+00  -2.1783191e+01
   4.0000000e-01  -3.6842105e-01  -3.1175862e+00  -2.5578075e+01
   4.0000000e-01  -2.6315789e-01  -1.6206368e+01  -2.0946514e+01
   4.0000000e-01  -1.5789474e-01  -2.4192523e+01  -9.6334325e+00
   4.0000000e-01  -5.2631579e-02  -2.4283537e+01   3.6499018e+00
   4.0000000e-01   5.2631579e-02  -1.7411570e+01   1.3800138e+01
   4.0000000e-01   1.5789474e-01  -7.3127254e+00   1.7811738e+01
   4.0000000e-01   2.6315789e-01   1.6998946e+00   1.5836872e+01
   4.0000000e-01   3.6842105e-01   6.8680132e+00   1.0451356e+01
   4.0000000e-01   4.7368421e-01   7.8822870e+00   4.8369024e+00
   4.0000000e-01   5.7894737e-01   6.2956621e+00   1.0934882e+00
   4.0000000e-01   6.8421053e-01   4.1188845e+00  -4.0557747e-01
   4.0000000e-01   7.8947368e-01   2.6111548e+00  -5.0875474e-01
   4.0000000e-01   8.9473684e-01   1.9365114e+00  -2.5134784e-01
   4.0000000e-01   1.0000000e+00   1.6502313e+00  -1.0459480e-01
   6.0000000e-01  -1.0000000e+00   2.9588643e-10   5.3690865e-05
   6.0000000e-01  -8.9473684e-01   3.0696817e+00   4.6848329e+00
   6.0000000e-01  -7.8947368e-01   9.9936039e+00   4.3557929e+00
   6.0000000e-01  -6.8421053e-01   1.5403463e+01  -2.6125906e+00
   6.0000000e-01  -5.7894737e-01   1.4342635e+01  -1.3254715e+01
   6.0000000e-01  -4.7368421e-01   5.5153319e+00  -2.1752197e+01
   6.0000000e-01  -3.6842105e-01  -7.7678316e+00  -2.2969658e+01
   6.0000000e-01  -2.6315789e-01  -1.9484029e+01  -1.5532351e+01
   6.0000000e-01  -1.5789474e-01  -2.4358562e+01  -2.5678007e+00
   6.0000000e-01  -5.2631579e-02  -2.0709783e+01   1.0209421e+01
   6.0000000e-01   5.2631579e-02  -1.1029038e+01   1.7728390e+01
   6.0000000e-01   1.5789474e-01  -1.7664855e-01   1.8079252e+01
   6.0000000e-01   2.6315789e-01   7.4627918e+00   1.2939550e+01
   6.0000000e-01   3.6842105e-01   1.0063322e+01   5.9750420e+00
   6.0000000e-01   4.7368421e-01   8.6072299e+00   4.9964036e-01
   6.0000000e-01   5.7894737e-01   5.5320734e+00  -2.0881637e+00
   6.0000000e-01   6.8421053e-01   2.9520730e+00  -2.3468788e+00
   6.0000000e-01   7.8947368e-01   1.6489947e+00  -1.6848504e+00
   6.0000000e-01   8.9473684e-01   1.2520435e+00  -1.1382857e+00
   6.0000000e-01   1.0000000e+00   1.1188186e+00  -8.9466516e-01
   8.0000000e-01  -1.0000000e+00   2.9588643e-10   5.0725295e-05
   8.0000000e-01  -8.9473684e-01   3.0485322e+00   4.3251479e+00
   8.0000000e-01  -7.8947368e-01   9.6986099e+00   3.4655153e+00
   8.0000000e-01  -6.8421053e-01   1.4225466e+01  -3.9343414e+00
   8.0000000e-01  -5.7894737e-01   1.1728443e+01  -1.4240329e+01
   8.0000000e-01  -4.7368421e-01   1.6602414e+00  -2.1131429e+01
   8.0000000e-01  -3.6842105e-01  -1.1581033e+01  -1.9756563e+01
   8.0000000e-01  -2.6315789e-01  -2.1342072e+01  -9.9072889e+00
   8.0000000e-01  -1.5789474e-01  -2.2798771e+01   3.8635985e+00
   8.0000000e-01  -5.2631579e-02  -1.5710175e+01   1.5101226e+01
   8.0000000e-01   5.2631579e-02  -4.1798165e+00   1.9247023e+01
   8.0000000e-01   1.5789474e-01   6.1377113e+00   1.5899686e+01
   8.0000000e-01   2.6315789e-01   1.1337319e+01   8.3241976e+00
   8.0000000e-01   3.6842105e-01   1.0960663e+01   9.2712482e-01
   8.0000000e-01   4.7368421e-01   7.3348294e+00  -3.3811746e+00
   8.0000000e-01   5.7894737e-01   3.4583796e+00  -4.2806968e+00
   8.0000000e-01   6.8421053e-01   1.1128768e+00  -3.2768941e+00
   8.0000000e-01   7.8947368e-01   3.5638364e-01  -2.0738719e+00
   8.0000000e-01   8.9473684e-01   3.2531365e-01  -1.4363403e+00
   8.0000000e-01   1.0000000e+00   3.5020863e-01  -1.1949342e+00
   1.0000000e+00  -1.0000000e+00   2.9588643e-10   4.8076976e-05
   1.0000000e+00  -8.9473684e-01   3.0263336e+00   3.9992485e+00
   1.0000000e+00  -7.8947368e-01   9.3930420e+00   2.6554765e+00
   1.0000000e+00  -6.8421053e-01   1.3034535e+01  -5.0760055e+00
   1.0000000e+00  -5.7894737e-01   9.1906637e+00  -1.4872521e+01
   1.0000000e+00  -4.7368421e-01  -1.8257437e+00  -2.0002778e+01
   1.0000000e+00  -3.6842105e-01  -1.4529739e+01  -1.6115463e+01
   1.0000000e+00  -2.6315789e-01  -2.1860075e+01  -4.3612248e+00
   1.0000000e+00  -1.5789474e-01  -1.9816651e+01   9.3272128e+00
   1.0000000e+00  -5.2631579e-02  -9.8659540e+00   1.8122201e+01
   1.0000000e+00   5.2631579e-02   2.3730121e+00   1.8490029e+01
   1.0000000e+00   1.5789474e-01   1.0931918e+01   1.1848452e+01
   1.0000000e+00   2.6315789e-01   1.2969168e+01   2.9089382e+00
   1.0000000e+00   3.6842105e-01   9.6941665e+00  -3.7056051e+00
   1.0000000e+00   4.7368421e-01   4.6056398e+00  -6.0438096e+00
   1.0000000e+00   5.7894737e-01   7.7779021e-01  -5.0890612e+00
   1.0000000e+00   6.8421053e-01  -7.6721687e-01  -3.1032563e+00
   1.0000000e+00   7.8947368e-01  -7.9680901e-01  -1.7160113e+00
   1.0000000e+00   8.9473684e-01  -4.8870311e-01  -1.1916851e+00
   1.0000000e+00   1.0000000e+00  -3.4862564e-01  -1.0291015e+00
