  -1.0000000e+00   2.5242900e-01
  -9.9973209e-01   2.5214100e-01
  -9.9942332e-01   2.5180900e-01
  -3.2183603e-01   2.9798900e-01
  -3.2090516e-01   2.9625700e-01
  -3.2040113e-01   2.9531900e-01
   8.7494409e-02   3.3960300e-01
   8.8125580e-02   3.3773100e-01
   8.9442412e-02   3.3382000e-01
   3.5044761e-01   3.8951000e-01
   3.5101521e-01   3.8699800e-01
   5.3090355e-01   4.3886400e-01
   5.3153472e-01   4.3488700e-01
   5.3264268e-01   4.2789300e-01
   6.6193288e-01   4.7156800e-01
   6.6306808e-01   4.6169900e-01
   6.6313165e-01   4.6114400e-01
   7.5763479e-01   5.1353200e-01
   7.5822963e-01   5.0664100e-01
   7.5836586e-01   5.0506200e-01
   8.3164075e-01   5.3564800e-01
   8.3176789e-01   5.3372600e-01
   8.8835989e-01   5.6806400e-01
   9.7003526e-01   6.1288600e-01
   1.0000000e+00   6.2416900e-01
