 -1.0000000e+000 -1.0000000e+000  7.0000000e+000
 -9.5000000e-001 -1.0000000e+000  7.0000000e+000
 -9.0000000e-001 -1.0000000e+000  7.0000000e+000
 -8.5000000e-001 -1.0000000e+000  7.0000000e+000
 -8.0000000e-001 -1.0000000e+000  8.0000000e+000
 -7.5000000e-001 -1.0000000e+000  8.0000000e+000
 -7.0000000e-001 -1.0000000e+000  8.0000000e+000
 -6.5000000e-001 -1.0000000e+000  8.0000000e+000
 -6.0000000e-001 -1.0000000e+000  9.0000000e+000
 -5.5000000e-001 -1.0000000e+000  9.0000000e+000
 -5.0000000e-001 -1.0000000e+000  9.0000000e+000
 -4.5000000e-001 -1.0000000e+000  9.0000000e+000
 -4.0000000e-001 -1.0000000e+000  1.0000000e+001
 -3.5000000e-001 -1.0000000e+000  1.0000000e+001
 -3.0000000e-001 -1.0000000e+000  1.0000000e+001
 -2.5000000e-001 -1.0000000e+000  1.0000000e+001
 -2.0000000e-001 -1.0000000e+000  1.1000000e+001
 -1.5000000e-001 -1.0000000e+000  1.1000000e+001
 -1.0000000e-001 -1.0000000e+000  1.1000000e+001
 -5.0000000e-002 -1.0000000e+000  1.1000000e+001
  0.0000000e+000 -1.0000000e+000  1.2000000e+001
  5.0000000e-002 -1.0000000e+000  1.2000000e+001
  1.0000000e-001 -1.0000000e+000  1.2000000e+001
  1.5000000e-001 -1.0000000e+000  1.2000000e+001
  2.0000000e-001 -1.0000000e+000  1.2000000e+001
  2.5000000e-001 -1.0000000e+000  1.3000000e+001
  3.0000000e-001 -1.0000000e+000  1.3000000e+001
  3.5000000e-001 -1.0000000e+000  1.3000000e+001
  4.0000000e-001 -1.0000000e+000  1.3000000e+001
  4.5000000e-001 -1.0000000e+000  1.4000000e+001
  5.0000000e-001 -1.0000000e+000  1.4000000e+001
  5.5000000e-001 -1.0000000e+000  1.4000000e+001
  6.0000000e-001 -1.0000000e+000  1.5000000e+001
  6.5000000e-001 -1.0000000e+000  1.5000000e+001
  7.0000000e-001 -1.0000000e+000  1.5000000e+001
  7.5000000e-001 -1.0000000e+000  1.5000000e+001
  8.0000000e-001 -1.0000000e+000  1.6000000e+001
  8.5000000e-001 -1.0000000e+000  1.6000000e+001
  9.0000000e-001 -1.0000000e+000  1.6000000e+001
  9.5000000e-001 -1.0000000e+000  1.6000000e+001
  1.0000000e+000 -1.0000000e+000  1.7000000e+001
 -1.0000000e+000 -9.5000000e-001  7.0000000e+000
 -9.5000000e-001 -9.5000000e-001  7.0000000e+000
 -9.0000000e-001 -9.5000000e-001  7.0000000e+000
 -8.5000000e-001 -9.5000000e-001  7.0000000e+000
 -8.0000000e-001 -9.5000000e-001  8.0000000e+000
 -7.5000000e-001 -9.5000000e-001  8.0000000e+000
 -7.0000000e-001 -9.5000000e-001  8.0000000e+000
 -6.5000000e-001 -9.5000000e-001  8.0000000e+000
 -6.0000000e-001 -9.5000000e-001  9.0000000e+000
 -5.5000000e-001 -9.5000000e-001  9.0000000e+000
 -5.0000000e-001 -9.5000000e-001  9.0000000e+000
 -4.5000000e-001 -9.5000000e-001  9.0000000e+000
 -4.0000000e-001 -9.5000000e-001  1.0000000e+001
 -3.5000000e-001 -9.5000000e-001  1.0000000e+001
 -3.0000000e-001 -9.5000000e-001  1.0000000e+001
 -2.5000000e-001 -9.5000000e-001  1.0000000e+001
 -2.0000000e-001 -9.5000000e-001  1.1000000e+001
 -1.5000000e-001 -9.5000000e-001  1.1000000e+001
 -1.0000000e-001 -9.5000000e-001  1.1000000e+001
 -5.0000000e-002 -9.5000000e-001  1.1000000e+001
  0.0000000e+000 -9.5000000e-001  1.2000000e+001
  5.0000000e-002 -9.5000000e-001  1.2000000e+001
  1.0000000e-001 -9.5000000e-001  1.2000000e+001
  1.5000000e-001 -9.5000000e-001  1.2000000e+001
  2.0000000e-001 -9.5000000e-001  1.2000000e+001
  2.5000000e-001 -9.5000000e-001  1.3000000e+001
  3.0000000e-001 -9.5000000e-001  1.3000000e+001
  3.5000000e-001 -9.5000000e-001  1.3000000e+001
  4.0000000e-001 -9.5000000e-001  1.3000000e+001
  4.5000000e-001 -9.5000000e-001  1.4000000e+001
  5.0000000e-001 -9.5000000e-001  1.4000000e+001
  5.5000000e-001 -9.5000000e-001  1.4000000e+001
  6.0000000e-001 -9.5000000e-001  1.5000000e+001
  6.5000000e-001 -9.5000000e-001  1.5000000e+001
  7.0000000e-001 -9.5000000e-001  1.5000000e+001
  7.5000000e-001 -9.5000000e-001  1.5000000e+001
  8.0000000e-001 -9.5000000e-001  1.6000000e+001
  8.5000000e-001 -9.5000000e-001  1.6000000e+001
  9.0000000e-001 -9.5000000e-001  1.6000000e+001
  9.5000000e-001 -9.5000000e-001  1.6000000e+001
  1.0000000e+000 -9.5000000e-001  1.7000000e+001
 -1.0000000e+000 -9.0000000e-001  7.0000000e+000
 -9.5000000e-001 -9.0000000e-001  7.0000000e+000
 -9.0000000e-001 -9.0000000e-001  7.0000000e+000
 -8.5000000e-001 -9.0000000e-001  7.0000000e+000
 -8.0000000e-001 -9.0000000e-001  8.0000000e+000
 -7.5000000e-001 -9.0000000e-001  8.0000000e+000
 -7.0000000e-001 -9.0000000e-001  8.0000000e+000
 -6.5000000e-001 -9.0000000e-001  8.0000000e+000
 -6.0000000e-001 -9.0000000e-001  9.0000000e+000
 -5.5000000e-001 -9.0000000e-001  9.0000000e+000
 -5.0000000e-001 -9.0000000e-001  9.0000000e+000
 -4.5000000e-001 -9.0000000e-001  9.0000000e+000
 -4.0000000e-001 -9.0000000e-001  1.0000000e+001
 -3.5000000e-001 -9.0000000e-001  1.0000000e+001
 -3.0000000e-001 -9.0000000e-001  1.0000000e+001
 -2.5000000e-001 -9.0000000e-001  1.0000000e+001
 -2.0000000e-001 -9.0000000e-001  1.1000000e+001
 -1.5000000e-001 -9.0000000e-001  1.1000000e+001
 -1.0000000e-001 -9.0000000e-001  1.1000000e+001
 -5.0000000e-002 -9.0000000e-001  1.1000000e+001
  0.0000000e+000 -9.0000000e-001  1.2000000e+001
  5.0000000e-002 -9.0000000e-001  1.2000000e+001
  1.0000000e-001 -9.0000000e-001  1.2000000e+001
  1.5000000e-001 -9.0000000e-001  1.2000000e+001
  2.0000000e-001 -9.0000000e-001  1.2000000e+001
  2.5000000e-001 -9.0000000e-001  1.3000000e+001
  3.0000000e-001 -9.0000000e-001  1.3000000e+001
  3.5000000e-001 -9.0000000e-001  1.3000000e+001
  4.0000000e-001 -9.0000000e-001  1.3000000e+001
  4.5000000e-001 -9.0000000e-001  1.4000000e+001
  5.0000000e-001 -9.0000000e-001  1.4000000e+001
  5.5000000e-001 -9.0000000e-001  1.4000000e+001
  6.0000000e-001 -9.0000000e-001  1.5000000e+001
  6.5000000e-001 -9.0000000e-001  1.5000000e+001
  7.0000000e-001 -9.0000000e-001  1.5000000e+001
  7.5000000e-001 -9.0000000e-001  1.5000000e+001
  8.0000000e-001 -9.0000000e-001  1.6000000e+001
  8.5000000e-001 -9.0000000e-001  1.6000000e+001
  9.0000000e-001 -9.0000000e-001  1.6000000e+001
  9.5000000e-001 -9.0000000e-001  1.6000000e+001
  1.0000000e+000 -9.0000000e-001  1.7000000e+001
 -1.0000000e+000 -8.5000000e-001  7.0000000e+000
 -9.5000000e-001 -8.5000000e-001  7.0000000e+000
 -9.0000000e-001 -8.5000000e-001  7.0000000e+000
 -8.5000000e-001 -8.5000000e-001  7.0000000e+000
 -8.0000000e-001 -8.5000000e-001  8.0000000e+000
 -7.5000000e-001 -8.5000000e-001  8.0000000e+000
 -7.0000000e-001 -8.5000000e-001  8.0000000e+000
 -6.5000000e-001 -8.5000000e-001  8.0000000e+000
 -6.0000000e-001 -8.5000000e-001  9.0000000e+000
 -5.5000000e-001 -8.5000000e-001  9.0000000e+000
 -5.0000000e-001 -8.5000000e-001  9.0000000e+000
 -4.5000000e-001 -8.5000000e-001  9.0000000e+000
 -4.0000000e-001 -8.5000000e-001  1.0000000e+001
 -3.5000000e-001 -8.5000000e-001  1.0000000e+001
 -3.0000000e-001 -8.5000000e-001  1.0000000e+001
 -2.5000000e-001 -8.5000000e-001  1.0000000e+001
 -2.0000000e-001 -8.5000000e-001  1.1000000e+001
 -1.5000000e-001 -8.5000000e-001  1.1000000e+001
 -1.0000000e-001 -8.5000000e-001  1.1000000e+001
 -5.0000000e-002 -8.5000000e-001  1.1000000e+001
  0.0000000e+000 -8.5000000e-001  1.2000000e+001
  5.0000000e-002 -8.5000000e-001  1.2000000e+001
  1.0000000e-001 -8.5000000e-001  1.2000000e+001
  1.5000000e-001 -8.5000000e-001  1.2000000e+001
  2.0000000e-001 -8.5000000e-001  1.2000000e+001
  2.5000000e-001 -8.5000000e-001  1.3000000e+001
  3.0000000e-001 -8.5000000e-001  1.3000000e+001
  3.5000000e-001 -8.5000000e-001  1.3000000e+001
  4.0000000e-001 -8.5000000e-001  1.3000000e+001
  4.5000000e-001 -8.5000000e-001  1.4000000e+001
  5.0000000e-001 -8.5000000e-001  1.4000000e+001
  5.5000000e-001 -8.5000000e-001  1.4000000e+001
  6.0000000e-001 -8.5000000e-001  1.5000000e+001
  6.5000000e-001 -8.5000000e-001  1.5000000e+001
  7.0000000e-001 -8.5000000e-001  1.5000000e+001
  7.5000000e-001 -8.5000000e-001  1.5000000e+001
  8.0000000e-001 -8.5000000e-001  1.6000000e+001
  8.5000000e-001 -8.5000000e-001  1.6000000e+001
  9.0000000e-001 -8.5000000e-001  1.6000000e+001
  9.5000000e-001 -8.5000000e-001  1.6000000e+001
  1.0000000e+000 -8.5000000e-001  1.7000000e+001
 -1.0000000e+000 -8.0000000e-001  9.5000000e+000
 -9.5000000e-001 -8.0000000e-001  9.5000000e+000
 -9.0000000e-001 -8.0000000e-001  9.5000000e+000
 -8.5000000e-001 -8.0000000e-001  9.5000000e+000
 -8.0000000e-001 -8.0000000e-001  1.0000000e+001
 -7.5000000e-001 -8.0000000e-001  1.0000000e+001
 -7.0000000e-001 -8.0000000e-001  1.0000000e+001
 -6.5000000e-001 -8.0000000e-001  1.0000000e+001
 -6.0000000e-001 -8.0000000e-001  1.0500000e+001
 -5.5000000e-001 -8.0000000e-001  1.0500000e+001
 -5.0000000e-001 -8.0000000e-001  1.0500000e+001
 -4.5000000e-001 -8.0000000e-001  1.0500000e+001
 -4.0000000e-001 -8.0000000e-001  1.1000000e+001
 -3.5000000e-001 -8.0000000e-001  1.1000000e+001
 -3.0000000e-001 -8.0000000e-001  1.1000000e+001
 -2.5000000e-001 -8.0000000e-001  1.1000000e+001
 -2.0000000e-001 -8.0000000e-001  1.1500000e+001
 -1.5000000e-001 -8.0000000e-001  1.1500000e+001
 -1.0000000e-001 -8.0000000e-001  1.1500000e+001
 -5.0000000e-002 -8.0000000e-001  1.1500000e+001
  0.0000000e+000 -8.0000000e-001  1.2000000e+001
  5.0000000e-002 -8.0000000e-001  1.2000000e+001
  1.0000000e-001 -8.0000000e-001  1.2000000e+001
  1.5000000e-001 -8.0000000e-001  1.2000000e+001
  2.0000000e-001 -8.0000000e-001  1.2000000e+001
  2.5000000e-001 -8.0000000e-001  1.2500000e+001
  3.0000000e-001 -8.0000000e-001  1.2500000e+001
  3.5000000e-001 -8.0000000e-001  1.2500000e+001
  4.0000000e-001 -8.0000000e-001  1.2500000e+001
  4.5000000e-001 -8.0000000e-001  1.3000000e+001
  5.0000000e-001 -8.0000000e-001  1.3000000e+001
  5.5000000e-001 -8.0000000e-001  1.3000000e+001
  6.0000000e-001 -8.0000000e-001  1.3500000e+001
  6.5000000e-001 -8.0000000e-001  1.3500000e+001
  7.0000000e-001 -8.0000000e-001  1.3500000e+001
  7.5000000e-001 -8.0000000e-001  1.3500000e+001
  8.0000000e-001 -8.0000000e-001  1.4000000e+001
  8.5000000e-001 -8.0000000e-001  1.4000000e+001
  9.0000000e-001 -8.0000000e-001  1.4000000e+001
  9.5000000e-001 -8.0000000e-001  1.4000000e+001
  1.0000000e+000 -8.0000000e-001  1.4500000e+001
 -1.0000000e+000 -7.5000000e-001  9.5000000e+000
 -9.5000000e-001 -7.5000000e-001  9.5000000e+000
 -9.0000000e-001 -7.5000000e-001  9.5000000e+000
 -8.5000000e-001 -7.5000000e-001  9.5000000e+000
 -8.0000000e-001 -7.5000000e-001  1.0000000e+001
 -7.5000000e-001 -7.5000000e-001  1.0000000e+001
 -7.0000000e-001 -7.5000000e-001  1.0000000e+001
 -6.5000000e-001 -7.5000000e-001  1.0000000e+001
 -6.0000000e-001 -7.5000000e-001  1.0500000e+001
 -5.5000000e-001 -7.5000000e-001  1.0500000e+001
 -5.0000000e-001 -7.5000000e-001  1.0500000e+001
 -4.5000000e-001 -7.5000000e-001  1.0500000e+001
 -4.0000000e-001 -7.5000000e-001  1.1000000e+001
 -3.5000000e-001 -7.5000000e-001  1.1000000e+001
 -3.0000000e-001 -7.5000000e-001  1.1000000e+001
 -2.5000000e-001 -7.5000000e-001  1.1000000e+001
 -2.0000000e-001 -7.5000000e-001  1.1500000e+001
 -1.5000000e-001 -7.5000000e-001  1.1500000e+001
 -1.0000000e-001 -7.5000000e-001  1.1500000e+001
 -5.0000000e-002 -7.5000000e-001  1.1500000e+001
  0.0000000e+000 -7.5000000e-001  1.2000000e+001
  5.0000000e-002 -7.5000000e-001  1.2000000e+001
  1.0000000e-001 -7.5000000e-001  1.2000000e+001
  1.5000000e-001 -7.5000000e-001  1.2000000e+001
  2.0000000e-001 -7.5000000e-001  1.2000000e+001
  2.5000000e-001 -7.5000000e-001  1.2500000e+001
  3.0000000e-001 -7.5000000e-001  1.2500000e+001
  3.5000000e-001 -7.5000000e-001  1.2500000e+001
  4.0000000e-001 -7.5000000e-001  1.2500000e+001
  4.5000000e-001 -7.5000000e-001  1.3000000e+001
  5.0000000e-001 -7.5000000e-001  1.3000000e+001
  5.5000000e-001 -7.5000000e-001  1.3000000e+001
  6.0000000e-001 -7.5000000e-001  1.3500000e+001
  6.5000000e-001 -7.5000000e-001  1.3500000e+001
  7.0000000e-001 -7.5000000e-001  1.3500000e+001
  7.5000000e-001 -7.5000000e-001  1.3500000e+001
  8.0000000e-001 -7.5000000e-001  1.4000000e+001
  8.5000000e-001 -7.5000000e-001  1.4000000e+001
  9.0000000e-001 -7.5000000e-001  1.4000000e+001
  9.5000000e-001 -7.5000000e-001  1.4000000e+001
  1.0000000e+000 -7.5000000e-001  1.4500000e+001
 -1.0000000e+000 -7.0000000e-001  9.5000000e+000
 -9.5000000e-001 -7.0000000e-001  9.5000000e+000
 -9.0000000e-001 -7.0000000e-001  9.5000000e+000
 -8.5000000e-001 -7.0000000e-001  9.5000000e+000
 -8.0000000e-001 -7.0000000e-001  1.0000000e+001
 -7.5000000e-001 -7.0000000e-001  1.0000000e+001
 -7.0000000e-001 -7.0000000e-001  1.0000000e+001
 -6.5000000e-001 -7.0000000e-001  1.0000000e+001
 -6.0000000e-001 -7.0000000e-001  1.0500000e+001
 -5.5000000e-001 -7.0000000e-001  1.0500000e+001
 -5.0000000e-001 -7.0000000e-001  1.0500000e+001
 -4.5000000e-001 -7.0000000e-001  1.0500000e+001
 -4.0000000e-001 -7.0000000e-001  1.1000000e+001
 -3.5000000e-001 -7.0000000e-001  1.1000000e+001
 -3.0000000e-001 -7.0000000e-001  1.1000000e+001
 -2.5000000e-001 -7.0000000e-001  1.1000000e+001
 -2.0000000e-001 -7.0000000e-001  1.1500000e+001
 -1.5000000e-001 -7.0000000e-001  1.1500000e+001
 -1.0000000e-001 -7.0000000e-001  1.1500000e+001
 -5.0000000e-002 -7.0000000e-001  1.1500000e+001
  0.0000000e+000 -7.0000000e-001  1.2000000e+001
  5.0000000e-002 -7.0000000e-001  1.2000000e+001
  1.0000000e-001 -7.0000000e-001  1.2000000e+001
  1.5000000e-001 -7.0000000e-001  1.2000000e+001
  2.0000000e-001 -7.0000000e-001  1.2000000e+001
  2.5000000e-001 -7.0000000e-001  1.2500000e+001
  3.0000000e-001 -7.0000000e-001  1.2500000e+001
  3.5000000e-001 -7.0000000e-001  1.2500000e+001
  4.0000000e-001 -7.0000000e-001  1.2500000e+001
  4.5000000e-001 -7.0000000e-001  1.3000000e+001
  5.0000000e-001 -7.0000000e-001  1.3000000e+001
  5.5000000e-001 -7.0000000e-001  1.3000000e+001
  6.0000000e-001 -7.0000000e-001  1.3500000e+001
  6.5000000e-001 -7.0000000e-001  1.3500000e+001
  7.0000000e-001 -7.0000000e-001  1.3500000e+001
  7.5000000e-001 -7.0000000e-001  1.3500000e+001
  8.0000000e-001 -7.0000000e-001  1.4000000e+001
  8.5000000e-001 -7.0000000e-001  1.4000000e+001
  9.0000000e-001 -7.0000000e-001  1.4000000e+001
  9.5000000e-001 -7.0000000e-001  1.4000000e+001
  1.0000000e+000 -7.0000000e-001  1.4500000e+001
 -1.0000000e+000 -6.5000000e-001  9.5000000e+000
 -9.5000000e-001 -6.5000000e-001  9.5000000e+000
 -9.0000000e-001 -6.5000000e-001  9.5000000e+000
 -8.5000000e-001 -6.5000000e-001  9.5000000e+000
 -8.0000000e-001 -6.5000000e-001  1.0000000e+001
 -7.5000000e-001 -6.5000000e-001  1.0000000e+001
 -7.0000000e-001 -6.5000000e-001  1.0000000e+001
 -6.5000000e-001 -6.5000000e-001  1.0000000e+001
 -6.0000000e-001 -6.5000000e-001  1.0500000e+001
 -5.5000000e-001 -6.5000000e-001  1.0500000e+001
 -5.0000000e-001 -6.5000000e-001  1.0500000e+001
 -4.5000000e-001 -6.5000000e-001  1.0500000e+001
 -4.0000000e-001 -6.5000000e-001  1.1000000e+001
 -3.5000000e-001 -6.5000000e-001  1.1000000e+001
 -3.0000000e-001 -6.5000000e-001  1.1000000e+001
 -2.5000000e-001 -6.5000000e-001  1.1000000e+001
 -2.0000000e-001 -6.5000000e-001  1.1500000e+001
 -1.5000000e-001 -6.5000000e-001  1.1500000e+001
 -1.0000000e-001 -6.5000000e-001  1.1500000e+001
 -5.0000000e-002 -6.5000000e-001  1.1500000e+001
  0.0000000e+000 -6.5000000e-001  1.2000000e+001
  5.0000000e-002 -6.5000000e-001  1.2000000e+001
  1.0000000e-001 -6.5000000e-001  1.2000000e+001
  1.5000000e-001 -6.5000000e-001  1.2000000e+001
  2.0000000e-001 -6.5000000e-001  1.2000000e+001
  2.5000000e-001 -6.5000000e-001  1.2500000e+001
  3.0000000e-001 -6.5000000e-001  1.2500000e+001
  3.5000000e-001 -6.5000000e-001  1.2500000e+001
  4.0000000e-001 -6.5000000e-001  1.2500000e+001
  4.5000000e-001 -6.5000000e-001  1.3000000e+001
  5.0000000e-001 -6.5000000e-001  1.3000000e+001
  5.5000000e-001 -6.5000000e-001  1.3000000e+001
  6.0000000e-001 -6.5000000e-001  1.3500000e+001
  6.5000000e-001 -6.5000000e-001  1.3500000e+001
  7.0000000e-001 -6.5000000e-001  1.3500000e+001
  7.5000000e-001 -6.5000000e-001  1.3500000e+001
  8.0000000e-001 -6.5000000e-001  1.4000000e+001
  8.5000000e-001 -6.5000000e-001  1.4000000e+001
  9.0000000e-001 -6.5000000e-001  1.4000000e+001
  9.5000000e-001 -6.5000000e-001  1.4000000e+001
  1.0000000e+000 -6.5000000e-001  1.4500000e+001
 -1.0000000e+000 -6.0000000e-001  1.0333333e+001
 -9.5000000e-001 -6.0000000e-001  1.0333333e+001
 -9.0000000e-001 -6.0000000e-001  1.0333333e+001
 -8.5000000e-001 -6.0000000e-001  1.0333333e+001
 -8.0000000e-001 -6.0000000e-001  1.0666667e+001
 -7.5000000e-001 -6.0000000e-001  1.0666667e+001
 -7.0000000e-001 -6.0000000e-001  1.0666667e+001
 -6.5000000e-001 -6.0000000e-001  1.0666667e+001
 -6.0000000e-001 -6.0000000e-001  1.1000000e+001
 -5.5000000e-001 -6.0000000e-001  1.1000000e+001
 -5.0000000e-001 -6.0000000e-001  1.1000000e+001
 -4.5000000e-001 -6.0000000e-001  1.1000000e+001
 -4.0000000e-001 -6.0000000e-001  1.1333333e+001
 -3.5000000e-001 -6.0000000e-001  1.1333333e+001
 -3.0000000e-001 -6.0000000e-001  1.1333333e+001
 -2.5000000e-001 -6.0000000e-001  1.1333333e+001
 -2.0000000e-001 -6.0000000e-001  1.1666667e+001
 -1.5000000e-001 -6.0000000e-001  1.1666667e+001
 -1.0000000e-001 -6.0000000e-001  1.1666667e+001
 -5.0000000e-002 -6.0000000e-001  1.1666667e+001
  0.0000000e+000 -6.0000000e-001  1.2000000e+001
  5.0000000e-002 -6.0000000e-001  1.2000000e+001
  1.0000000e-001 -6.0000000e-001  1.2000000e+001
  1.5000000e-001 -6.0000000e-001  1.2000000e+001
  2.0000000e-001 -6.0000000e-001  1.2000000e+001
  2.5000000e-001 -6.0000000e-001  1.2333333e+001
  3.0000000e-001 -6.0000000e-001  1.2333333e+001
  3.5000000e-001 -6.0000000e-001  1.2333333e+001
  4.0000000e-001 -6.0000000e-001  1.2333333e+001
  4.5000000e-001 -6.0000000e-001  1.2666667e+001
  5.0000000e-001 -6.0000000e-001  1.2666667e+001
  5.5000000e-001 -6.0000000e-001  1.2666667e+001
  6.0000000e-001 -6.0000000e-001  1.3000000e+001
  6.5000000e-001 -6.0000000e-001  1.3000000e+001
  7.0000000e-001 -6.0000000e-001  1.3000000e+001
  7.5000000e-001 -6.0000000e-001  1.3000000e+001
  8.0000000e-001 -6.0000000e-001  1.3333333e+001
  8.5000000e-001 -6.0000000e-001  1.3333333e+001
  9.0000000e-001 -6.0000000e-001  1.3333333e+001
  9.5000000e-001 -6.0000000e-001  1.3333333e+001
  1.0000000e+000 -6.0000000e-001  1.3666667e+001
 -1.0000000e+000 -5.5000000e-001  1.0333333e+001
 -9.5000000e-001 -5.5000000e-001  1.0333333e+001
 -9.0000000e-001 -5.5000000e-001  1.0333333e+001
 -8.5000000e-001 -5.5000000e-001  1.0333333e+001
 -8.0000000e-001 -5.5000000e-001  1.0666667e+001
 -7.5000000e-001 -5.5000000e-001  1.0666667e+001
 -7.0000000e-001 -5.5000000e-001  1.0666667e+001
 -6.5000000e-001 -5.5000000e-001  1.0666667e+001
 -6.0000000e-001 -5.5000000e-001  1.1000000e+001
 -5.5000000e-001 -5.5000000e-001  1.1000000e+001
 -5.0000000e-001 -5.5000000e-001  1.1000000e+001
 -4.5000000e-001 -5.5000000e-001  1.1000000e+001
 -4.0000000e-001 -5.5000000e-001  1.1333333e+001
 -3.5000000e-001 -5.5000000e-001  1.1333333e+001
 -3.0000000e-001 -5.5000000e-001  1.1333333e+001
 -2.5000000e-001 -5.5000000e-001  1.1333333e+001
 -2.0000000e-001 -5.5000000e-001  1.1666667e+001
 -1.5000000e-001 -5.5000000e-001  1.1666667e+001
 -1.0000000e-001 -5.5000000e-001  1.1666667e+001
 -5.0000000e-002 -5.5000000e-001  1.1666667e+001
  0.0000000e+000 -5.5000000e-001  1.2000000e+001
  5.0000000e-002 -5.5000000e-001  1.2000000e+001
  1.0000000e-001 -5.5000000e-001  1.2000000e+001
  1.5000000e-001 -5.5000000e-001  1.2000000e+001
  2.0000000e-001 -5.5000000e-001  1.2000000e+001
  2.5000000e-001 -5.5000000e-001  1.2333333e+001
  3.0000000e-001 -5.5000000e-001  1.2333333e+001
  3.5000000e-001 -5.5000000e-001  1.2333333e+001
  4.0000000e-001 -5.5000000e-001  1.2333333e+001
  4.5000000e-001 -5.5000000e-001  1.2666667e+001
  5.0000000e-001 -5.5000000e-001  1.2666667e+001
  5.5000000e-001 -5.5000000e-001  1.2666667e+001
  6.0000000e-001 -5.5000000e-001  1.3000000e+001
  6.5000000e-001 -5.5000000e-001  1.3000000e+001
  7.0000000e-001 -5.5000000e-001  1.3000000e+001
  7.5000000e-001 -5.5000000e-001  1.3000000e+001
  8.0000000e-001 -5.5000000e-001  1.3333333e+001
  8.5000000e-001 -5.5000000e-001  1.3333333e+001
  9.0000000e-001 -5.5000000e-001  1.3333333e+001
  9.5000000e-001 -5.5000000e-001  1.3333333e+001
  1.0000000e+000 -5.5000000e-001  1.3666667e+001
 -1.0000000e+000 -5.0000000e-001  1.0333333e+001
 -9.5000000e-001 -5.0000000e-001  1.0333333e+001
 -9.0000000e-001 -5.0000000e-001  1.0333333e+001
 -8.5000000e-001 -5.0000000e-001  1.0333333e+001
 -8.0000000e-001 -5.0000000e-001  1.0666667e+001
 -7.5000000e-001 -5.0000000e-001  1.0666667e+001
 -7.0000000e-001 -5.0000000e-001  1.0666667e+001
 -6.5000000e-001 -5.0000000e-001  1.0666667e+001
 -6.0000000e-001 -5.0000000e-001  1.1000000e+001
 -5.5000000e-001 -5.0000000e-001  1.1000000e+001
 -5.0000000e-001 -5.0000000e-001  1.1000000e+001
 -4.5000000e-001 -5.0000000e-001  1.1000000e+001
 -4.0000000e-001 -5.0000000e-001  1.1333333e+001
 -3.5000000e-001 -5.0000000e-001  1.1333333e+001
 -3.0000000e-001 -5.0000000e-001  1.1333333e+001
 -2.5000000e-001 -5.0000000e-001  1.1333333e+001
 -2.0000000e-001 -5.0000000e-001  1.1666667e+001
 -1.5000000e-001 -5.0000000e-001  1.1666667e+001
 -1.0000000e-001 -5.0000000e-001  1.1666667e+001
 -5.0000000e-002 -5.0000000e-001  1.1666667e+001
  0.0000000e+000 -5.0000000e-001  1.2000000e+001
  5.0000000e-002 -5.0000000e-001  1.2000000e+001
  1.0000000e-001 -5.0000000e-001  1.2000000e+001
  1.5000000e-001 -5.0000000e-001  1.2000000e+001
  2.0000000e-001 -5.0000000e-001  1.2000000e+001
  2.5000000e-001 -5.0000000e-001  1.2333333e+001
  3.0000000e-001 -5.0000000e-001  1.2333333e+001
  3.5000000e-001 -5.0000000e-001  1.2333333e+001
  4.0000000e-001 -5.0000000e-001  1.2333333e+001
  4.5000000e-001 -5.0000000e-001  1.2666667e+001
  5.0000000e-001 -5.0000000e-001  1.2666667e+001
  5.5000000e-001 -5.0000000e-001  1.2666667e+001
  6.0000000e-001 -5.0000000e-001  1.3000000e+001
  6.5000000e-001 -5.0000000e-001  1.3000000e+001
  7.0000000e-001 -5.0000000e-001  1.3000000e+001
  7.5000000e-001 -5.0000000e-001  1.3000000e+001
  8.0000000e-001 -5.0000000e-001  1.3333333e+001
  8.5000000e-001 -5.0000000e-001  1.3333333e+001
  9.0000000e-001 -5.0000000e-001  1.3333333e+001
  9.5000000e-001 -5.0000000e-001  1.3333333e+001
  1.0000000e+000 -5.0000000e-001  1.3666667e+001
 -1.0000000e+000 -4.5000000e-001  1.0333333e+001
 -9.5000000e-001 -4.5000000e-001  1.0333333e+001
 -9.0000000e-001 -4.5000000e-001  1.0333333e+001
 -8.5000000e-001 -4.5000000e-001  1.0333333e+001
 -8.0000000e-001 -4.5000000e-001  1.0666667e+001
 -7.5000000e-001 -4.5000000e-001  1.0666667e+001
 -7.0000000e-001 -4.5000000e-001  1.0666667e+001
 -6.5000000e-001 -4.5000000e-001  1.0666667e+001
 -6.0000000e-001 -4.5000000e-001  1.1000000e+001
 -5.5000000e-001 -4.5000000e-001  1.1000000e+001
 -5.0000000e-001 -4.5000000e-001  1.1000000e+001
 -4.5000000e-001 -4.5000000e-001  1.1000000e+001
 -4.0000000e-001 -4.5000000e-001  1.1333333e+001
 -3.5000000e-001 -4.5000000e-001  1.1333333e+001
 -3.0000000e-001 -4.5000000e-001  1.1333333e+001
 -2.5000000e-001 -4.5000000e-001  1.1333333e+001
 -2.0000000e-001 -4.5000000e-001  1.1666667e+001
 -1.5000000e-001 -4.5000000e-001  1.1666667e+001
 -1.0000000e-001 -4.5000000e-001  1.1666667e+001
 -5.0000000e-002 -4.5000000e-001  1.1666667e+001
  0.0000000e+000 -4.5000000e-001  1.2000000e+001
  5.0000000e-002 -4.5000000e-001  1.2000000e+001
  1.0000000e-001 -4.5000000e-001  1.2000000e+001
  1.5000000e-001 -4.5000000e-001  1.2000000e+001
  2.0000000e-001 -4.5000000e-001  1.2000000e+001
  2.5000000e-001 -4.5000000e-001  1.2333333e+001
  3.0000000e-001 -4.5000000e-001  1.2333333e+001
  3.5000000e-001 -4.5000000e-001  1.2333333e+001
  4.0000000e-001 -4.5000000e-001  1.2333333e+001
  4.5000000e-001 -4.5000000e-001  1.2666667e+001
  5.0000000e-001 -4.5000000e-001  1.2666667e+001
  5.5000000e-001 -4.5000000e-001  1.2666667e+001
  6.0000000e-001 -4.5000000e-001  1.3000000e+001
  6.5000000e-001 -4.5000000e-001  1.3000000e+001
  7.0000000e-001 -4.5000000e-001  1.3000000e+001
  7.5000000e-001 -4.5000000e-001  1.3000000e+001
  8.0000000e-001 -4.5000000e-001  1.3333333e+001
  8.5000000e-001 -4.5000000e-001  1.3333333e+001
  9.0000000e-001 -4.5000000e-001  1.3333333e+001
  9.5000000e-001 -4.5000000e-001  1.3333333e+001
  1.0000000e+000 -4.5000000e-001  1.3666667e+001
 -1.0000000e+000 -4.0000000e-001  1.0750000e+001
 -9.5000000e-001 -4.0000000e-001  1.0750000e+001
 -9.0000000e-001 -4.0000000e-001  1.0750000e+001
 -8.5000000e-001 -4.0000000e-001  1.0750000e+001
 -8.0000000e-001 -4.0000000e-001  1.1000000e+001
 -7.5000000e-001 -4.0000000e-001  1.1000000e+001
 -7.0000000e-001 -4.0000000e-001  1.1000000e+001
 -6.5000000e-001 -4.0000000e-001  1.1000000e+001
 -6.0000000e-001 -4.0000000e-001  1.1250000e+001
 -5.5000000e-001 -4.0000000e-001  1.1250000e+001
 -5.0000000e-001 -4.0000000e-001  1.1250000e+001
 -4.5000000e-001 -4.0000000e-001  1.1250000e+001
 -4.0000000e-001 -4.0000000e-001  1.1500000e+001
 -3.5000000e-001 -4.0000000e-001  1.1500000e+001
 -3.0000000e-001 -4.0000000e-001  1.1500000e+001
 -2.5000000e-001 -4.0000000e-001  1.1500000e+001
 -2.0000000e-001 -4.0000000e-001  1.1750000e+001
 -1.5000000e-001 -4.0000000e-001  1.1750000e+001
 -1.0000000e-001 -4.0000000e-001  1.1750000e+001
 -5.0000000e-002 -4.0000000e-001  1.1750000e+001
  0.0000000e+000 -4.0000000e-001  1.2000000e+001
  5.0000000e-002 -4.0000000e-001  1.2000000e+001
  1.0000000e-001 -4.0000000e-001  1.2000000e+001
  1.5000000e-001 -4.0000000e-001  1.2000000e+001
  2.0000000e-001 -4.0000000e-001  1.2000000e+001
  2.5000000e-001 -4.0000000e-001  1.2250000e+001
  3.0000000e-001 -4.0000000e-001  1.2250000e+001
  3.5000000e-001 -4.0000000e-001  1.2250000e+001
  4.0000000e-001 -4.0000000e-001  1.2250000e+001
  4.5000000e-001 -4.0000000e-001  1.2500000e+001
  5.0000000e-001 -4.0000000e-001  1.2500000e+001
  5.5000000e-001 -4.0000000e-001  1.2500000e+001
  6.0000000e-001 -4.0000000e-001  1.2750000e+001
  6.5000000e-001 -4.0000000e-001  1.2750000e+001
  7.0000000e-001 -4.0000000e-001  1.2750000e+001
  7.5000000e-001 -4.0000000e-001  1.2750000e+001
  8.0000000e-001 -4.0000000e-001  1.3000000e+001
  8.5000000e-001 -4.0000000e-001  1.3000000e+001
  9.0000000e-001 -4.0000000e-001  1.3000000e+001
  9.5000000e-001 -4.0000000e-001  1.3000000e+001
  1.0000000e+000 -4.0000000e-001  1.3250000e+001
 -1.0000000e+000 -3.5000000e-001  1.0750000e+001
 -9.5000000e-001 -3.5000000e-001  1.0750000e+001
 -9.0000000e-001 -3.5000000e-001  1.0750000e+001
 -8.5000000e-001 -3.5000000e-001  1.0750000e+001
 -8.0000000e-001 -3.5000000e-001  1.1000000e+001
 -7.5000000e-001 -3.5000000e-001  1.1000000e+001
 -7.0000000e-001 -3.5000000e-001  1.1000000e+001
 -6.5000000e-001 -3.5000000e-001  1.1000000e+001
 -6.0000000e-001 -3.5000000e-001  1.1250000e+001
 -5.5000000e-001 -3.5000000e-001  1.1250000e+001
 -5.0000000e-001 -3.5000000e-001  1.1250000e+001
 -4.5000000e-001 -3.5000000e-001  1.1250000e+001
 -4.0000000e-001 -3.5000000e-001  1.1500000e+001
 -3.5000000e-001 -3.5000000e-001  1.1500000e+001
 -3.0000000e-001 -3.5000000e-001  1.1500000e+001
 -2.5000000e-001 -3.5000000e-001  1.1500000e+001
 -2.0000000e-001 -3.5000000e-001  1.1750000e+001
 -1.5000000e-001 -3.5000000e-001  1.1750000e+001
 -1.0000000e-001 -3.5000000e-001  1.1750000e+001
 -5.0000000e-002 -3.5000000e-001  1.1750000e+001
  0.0000000e+000 -3.5000000e-001  1.2000000e+001
  5.0000000e-002 -3.5000000e-001  1.2000000e+001
  1.0000000e-001 -3.5000000e-001  1.2000000e+001
  1.5000000e-001 -3.5000000e-001  1.2000000e+001
  2.0000000e-001 -3.5000000e-001  1.2000000e+001
  2.5000000e-001 -3.5000000e-001  1.2250000e+001
  3.0000000e-001 -3.5000000e-001  1.2250000e+001
  3.5000000e-001 -3.5000000e-001  1.2250000e+001
  4.0000000e-001 -3.5000000e-001  1.2250000e+001
  4.5000000e-001 -3.5000000e-001  1.2500000e+001
  5.0000000e-001 -3.5000000e-001  1.2500000e+001
  5.5000000e-001 -3.5000000e-001  1.2500000e+001
  6.0000000e-001 -3.5000000e-001  1.2750000e+001
  6.5000000e-001 -3.5000000e-001  1.2750000e+001
  7.0000000e-001 -3.5000000e-001  1.2750000e+001
  7.5000000e-001 -3.5000000e-001  1.2750000e+001
  8.0000000e-001 -3.5000000e-001  1.3000000e+001
  8.5000000e-001 -3.5000000e-001  1.3000000e+001
  9.0000000e-001 -3.5000000e-001  1.3000000e+001
  9.5000000e-001 -3.5000000e-001  1.3000000e+001
  1.0000000e+000 -3.5000000e-001  1.3250000e+001
 -1.0000000e+000 -3.0000000e-001  1.0750000e+001
 -9.5000000e-001 -3.0000000e-001  1.0750000e+001
 -9.0000000e-001 -3.0000000e-001  1.0750000e+001
 -8.5000000e-001 -3.0000000e-001  1.0750000e+001
 -8.0000000e-001 -3.0000000e-001  1.1000000e+001
 -7.5000000e-001 -3.0000000e-001  1.1000000e+001
 -7.0000000e-001 -3.0000000e-001  1.1000000e+001
 -6.5000000e-001 -3.0000000e-001  1.1000000e+001
 -6.0000000e-001 -3.0000000e-001  1.1250000e+001
 -5.5000000e-001 -3.0000000e-001  1.1250000e+001
 -5.0000000e-001 -3.0000000e-001  1.1250000e+001
 -4.5000000e-001 -3.0000000e-001  1.1250000e+001
 -4.0000000e-001 -3.0000000e-001  1.1500000e+001
 -3.5000000e-001 -3.0000000e-001  1.1500000e+001
 -3.0000000e-001 -3.0000000e-001  1.1500000e+001
 -2.5000000e-001 -3.0000000e-001  1.1500000e+001
 -2.0000000e-001 -3.0000000e-001  1.1750000e+001
 -1.5000000e-001 -3.0000000e-001  1.1750000e+001
 -1.0000000e-001 -3.0000000e-001  1.1750000e+001
 -5.0000000e-002 -3.0000000e-001  1.1750000e+001
  0.0000000e+000 -3.0000000e-001  1.2000000e+001
  5.0000000e-002 -3.0000000e-001  1.2000000e+001
  1.0000000e-001 -3.0000000e-001  1.2000000e+001
  1.5000000e-001 -3.0000000e-001  1.2000000e+001
  2.0000000e-001 -3.0000000e-001  1.2000000e+001
  2.5000000e-001 -3.0000000e-001  1.2250000e+001
  3.0000000e-001 -3.0000000e-001  1.2250000e+001
  3.5000000e-001 -3.0000000e-001  1.2250000e+001
  4.0000000e-001 -3.0000000e-001  1.2250000e+001
  4.5000000e-001 -3.0000000e-001  1.2500000e+001
  5.0000000e-001 -3.0000000e-001  1.2500000e+001
  5.5000000e-001 -3.0000000e-001  1.2500000e+001
  6.0000000e-001 -3.0000000e-001  1.2750000e+001
  6.5000000e-001 -3.0000000e-001  1.2750000e+001
  7.0000000e-001 -3.0000000e-001  1.2750000e+001
  7.5000000e-001 -3.0000000e-001  1.2750000e+001
  8.0000000e-001 -3.0000000e-001  1.3000000e+001
  8.5000000e-001 -3.0000000e-001  1.3000000e+001
  9.0000000e-001 -3.0000000e-001  1.3000000e+001
  9.5000000e-001 -3.0000000e-001  1.3000000e+001
  1.0000000e+000 -3.0000000e-001  1.3250000e+001
 -1.0000000e+000 -2.5000000e-001  1.0750000e+001
 -9.5000000e-001 -2.5000000e-001  1.0750000e+001
 -9.0000000e-001 -2.5000000e-001  1.0750000e+001
 -8.5000000e-001 -2.5000000e-001  1.0750000e+001
 -8.0000000e-001 -2.5000000e-001  1.1000000e+001
 -7.5000000e-001 -2.5000000e-001  1.1000000e+001
 -7.0000000e-001 -2.5000000e-001  1.1000000e+001
 -6.5000000e-001 -2.5000000e-001  1.1000000e+001
 -6.0000000e-001 -2.5000000e-001  1.1250000e+001
 -5.5000000e-001 -2.5000000e-001  1.1250000e+001
 -5.0000000e-001 -2.5000000e-001  1.1250000e+001
 -4.5000000e-001 -2.5000000e-001  1.1250000e+001
 -4.0000000e-001 -2.5000000e-001  1.1500000e+001
 -3.5000000e-001 -2.5000000e-001  1.1500000e+001
 -3.0000000e-001 -2.5000000e-001  1.1500000e+001
 -2.5000000e-001 -2.5000000e-001  1.1500000e+001
 -2.0000000e-001 -2.5000000e-001  1.1750000e+001
 -1.5000000e-001 -2.5000000e-001  1.1750000e+001
 -1.0000000e-001 -2.5000000e-001  1.1750000e+001
 -5.0000000e-002 -2.5000000e-001  1.1750000e+001
  0.0000000e+000 -2.5000000e-001  1.2000000e+001
  5.0000000e-002 -2.5000000e-001  1.2000000e+001
  1.0000000e-001 -2.5000000e-001  1.2000000e+001
  1.5000000e-001 -2.5000000e-001  1.2000000e+001
  2.0000000e-001 -2.5000000e-001  1.2000000e+001
  2.5000000e-001 -2.5000000e-001  1.2250000e+001
  3.0000000e-001 -2.5000000e-001  1.2250000e+001
  3.5000000e-001 -2.5000000e-001  1.2250000e+001
  4.0000000e-001 -2.5000000e-001  1.2250000e+001
  4.5000000e-001 -2.5000000e-001  1.2500000e+001
  5.0000000e-001 -2.5000000e-001  1.2500000e+001
  5.5000000e-001 -2.5000000e-001  1.2500000e+001
  6.0000000e-001 -2.5000000e-001  1.2750000e+001
  6.5000000e-001 -2.5000000e-001  1.2750000e+001
  7.0000000e-001 -2.5000000e-001  1.2750000e+001
  7.5000000e-001 -2.5000000e-001  1.2750000e+001
  8.0000000e-001 -2.5000000e-001  1.3000000e+001
  8.5000000e-001 -2.5000000e-001  1.3000000e+001
  9.0000000e-001 -2.5000000e-001  1.3000000e+001
  9.5000000e-001 -2.5000000e-001  1.3000000e+001
  1.0000000e+000 -2.5000000e-001  1.3250000e+001
 -1.0000000e+000 -2.0000000e-001  1.1000000e+001
 -9.5000000e-001 -2.0000000e-001  1.1000000e+001
 -9.0000000e-001 -2.0000000e-001  1.1000000e+001
 -8.5000000e-001 -2.0000000e-001  1.1000000e+001
 -8.0000000e-001 -2.0000000e-001  1.1200000e+001
 -7.5000000e-001 -2.0000000e-001  1.1200000e+001
 -7.0000000e-001 -2.0000000e-001  1.1200000e+001
 -6.5000000e-001 -2.0000000e-001  1.1200000e+001
 -6.0000000e-001 -2.0000000e-001  1.1400000e+001
 -5.5000000e-001 -2.0000000e-001  1.1400000e+001
 -5.0000000e-001 -2.0000000e-001  1.1400000e+001
 -4.5000000e-001 -2.0000000e-001  1.1400000e+001
 -4.0000000e-001 -2.0000000e-001  1.1600000e+001
 -3.5000000e-001 -2.0000000e-001  1.1600000e+001
 -3.0000000e-001 -2.0000000e-001  1.1600000e+001
 -2.5000000e-001 -2.0000000e-001  1.1600000e+001
 -2.0000000e-001 -2.0000000e-001  1.1800000e+001
 -1.5000000e-001 -2.0000000e-001  1.1800000e+001
 -1.0000000e-001 -2.0000000e-001  1.1800000e+001
 -5.0000000e-002 -2.0000000e-001  1.1800000e+001
  0.0000000e+000 -2.0000000e-001  1.2000000e+001
  5.0000000e-002 -2.0000000e-001  1.2000000e+001
  1.0000000e-001 -2.0000000e-001  1.2000000e+001
  1.5000000e-001 -2.0000000e-001  1.2000000e+001
  2.0000000e-001 -2.0000000e-001  1.2000000e+001
  2.5000000e-001 -2.0000000e-001  1.2200000e+001
  3.0000000e-001 -2.0000000e-001  1.2200000e+001
  3.5000000e-001 -2.0000000e-001  1.2200000e+001
  4.0000000e-001 -2.0000000e-001  1.2200000e+001
  4.5000000e-001 -2.0000000e-001  1.2400000e+001
  5.0000000e-001 -2.0000000e-001  1.2400000e+001
  5.5000000e-001 -2.0000000e-001  1.2400000e+001
  6.0000000e-001 -2.0000000e-001  1.2600000e+001
  6.5000000e-001 -2.0000000e-001  1.2600000e+001
  7.0000000e-001 -2.0000000e-001  1.2600000e+001
  7.5000000e-001 -2.0000000e-001  1.2600000e+001
  8.0000000e-001 -2.0000000e-001  1.2800000e+001
  8.5000000e-001 -2.0000000e-001  1.2800000e+001
  9.0000000e-001 -2.0000000e-001  1.2800000e+001
  9.5000000e-001 -2.0000000e-001  1.2800000e+001
  1.0000000e+000 -2.0000000e-001  1.3000000e+001
 -1.0000000e+000 -1.5000000e-001  1.1000000e+001
 -9.5000000e-001 -1.5000000e-001  1.1000000e+001
 -9.0000000e-001 -1.5000000e-001  1.1000000e+001
 -8.5000000e-001 -1.5000000e-001  1.1000000e+001
 -8.0000000e-001 -1.5000000e-001  1.1200000e+001
 -7.5000000e-001 -1.5000000e-001  1.1200000e+001
 -7.0000000e-001 -1.5000000e-001  1.1200000e+001
 -6.5000000e-001 -1.5000000e-001  1.1200000e+001
 -6.0000000e-001 -1.5000000e-001  1.1400000e+001
 -5.5000000e-001 -1.5000000e-001  1.1400000e+001
 -5.0000000e-001 -1.5000000e-001  1.1400000e+001
 -4.5000000e-001 -1.5000000e-001  1.1400000e+001
 -4.0000000e-001 -1.5000000e-001  1.1600000e+001
 -3.5000000e-001 -1.5000000e-001  1.1600000e+001
 -3.0000000e-001 -1.5000000e-001  1.1600000e+001
 -2.5000000e-001 -1.5000000e-001  1.1600000e+001
 -2.0000000e-001 -1.5000000e-001  1.1800000e+001
 -1.5000000e-001 -1.5000000e-001  1.1800000e+001
 -1.0000000e-001 -1.5000000e-001  1.1800000e+001
 -5.0000000e-002 -1.5000000e-001  1.1800000e+001
  0.0000000e+000 -1.5000000e-001  1.2000000e+001
  5.0000000e-002 -1.5000000e-001  1.2000000e+001
  1.0000000e-001 -1.5000000e-001  1.2000000e+001
  1.5000000e-001 -1.5000000e-001  1.2000000e+001
  2.0000000e-001 -1.5000000e-001  1.2000000e+001
  2.5000000e-001 -1.5000000e-001  1.2200000e+001
  3.0000000e-001 -1.5000000e-001  1.2200000e+001
  3.5000000e-001 -1.5000000e-001  1.2200000e+001
  4.0000000e-001 -1.5000000e-001  1.2200000e+001
  4.5000000e-001 -1.5000000e-001  1.2400000e+001
  5.0000000e-001 -1.5000000e-001  1.2400000e+001
  5.5000000e-001 -1.5000000e-001  1.2400000e+001
  6.0000000e-001 -1.5000000e-001  1.2600000e+001
  6.5000000e-001 -1.5000000e-001  1.2600000e+001
  7.0000000e-001 -1.5000000e-001  1.2600000e+001
  7.5000000e-001 -1.5000000e-001  1.2600000e+001
  8.0000000e-001 -1.5000000e-001  1.2800000e+001
  8.5000000e-001 -1.5000000e-001  1.2800000e+001
  9.0000000e-001 -1.5000000e-001  1.2800000e+001
  9.5000000e-001 -1.5000000e-001  1.2800000e+001
  1.0000000e+000 -1.5000000e-001  1.3000000e+001
 -1.0000000e+000 -1.0000000e-001  1.1000000e+001
 -9.5000000e-001 -1.0000000e-001  1.1000000e+001
 -9.0000000e-001 -1.0000000e-001  1.1000000e+001
 -8.5000000e-001 -1.0000000e-001  1.1000000e+001
 -8.0000000e-001 -1.0000000e-001  1.1200000e+001
 -7.5000000e-001 -1.0000000e-001  1.1200000e+001
 -7.0000000e-001 -1.0000000e-001  1.1200000e+001
 -6.5000000e-001 -1.0000000e-001  1.1200000e+001
 -6.0000000e-001 -1.0000000e-001  1.1400000e+001
 -5.5000000e-001 -1.0000000e-001  1.1400000e+001
 -5.0000000e-001 -1.0000000e-001  1.1400000e+001
 -4.5000000e-001 -1.0000000e-001  1.1400000e+001
 -4.0000000e-001 -1.0000000e-001  1.1600000e+001
 -3.5000000e-001 -1.0000000e-001  1.1600000e+001
 -3.0000000e-001 -1.0000000e-001  1.1600000e+001
 -2.5000000e-001 -1.0000000e-001  1.1600000e+001
 -2.0000000e-001 -1.0000000e-001  1.1800000e+001
 -1.5000000e-001 -1.0000000e-001  1.1800000e+001
 -1.0000000e-001 -1.0000000e-001  1.1800000e+001
 -5.0000000e-002 -1.0000000e-001  1.1800000e+001
  0.0000000e+000 -1.0000000e-001  1.2000000e+001
  5.0000000e-002 -1.0000000e-001  1.2000000e+001
  1.0000000e-001 -1.0000000e-001  1.2000000e+001
  1.5000000e-001 -1.0000000e-001  1.2000000e+001
  2.0000000e-001 -1.0000000e-001  1.2000000e+001
  2.5000000e-001 -1.0000000e-001  1.2200000e+001
  3.0000000e-001 -1.0000000e-001  1.2200000e+001
  3.5000000e-001 -1.0000000e-001  1.2200000e+001
  4.0000000e-001 -1.0000000e-001  1.2200000e+001
  4.5000000e-001 -1.0000000e-001  1.2400000e+001
  5.0000000e-001 -1.0000000e-001  1.2400000e+001
  5.5000000e-001 -1.0000000e-001  1.2400000e+001
  6.0000000e-001 -1.0000000e-001  1.2600000e+001
  6.5000000e-001 -1.0000000e-001  1.2600000e+001
  7.0000000e-001 -1.0000000e-001  1.2600000e+001
  7.5000000e-001 -1.0000000e-001  1.2600000e+001
  8.0000000e-001 -1.0000000e-001  1.2800000e+001
  8.5000000e-001 -1.0000000e-001  1.2800000e+001
  9.0000000e-001 -1.0000000e-001  1.2800000e+001
  9.5000000e-001 -1.0000000e-001  1.2800000e+001
  1.0000000e+000 -1.0000000e-001  1.3000000e+001
 -1.0000000e+000 -5.0000000e-002  1.1000000e+001
 -9.5000000e-001 -5.0000000e-002  1.1000000e+001
 -9.0000000e-001 -5.0000000e-002  1.1000000e+001
 -8.5000000e-001 -5.0000000e-002  1.1000000e+001
 -8.0000000e-001 -5.0000000e-002  1.1200000e+001
 -7.5000000e-001 -5.0000000e-002  1.1200000e+001
 -7.0000000e-001 -5.0000000e-002  1.1200000e+001
 -6.5000000e-001 -5.0000000e-002  1.1200000e+001
 -6.0000000e-001 -5.0000000e-002  1.1400000e+001
 -5.5000000e-001 -5.0000000e-002  1.1400000e+001
 -5.0000000e-001 -5.0000000e-002  1.1400000e+001
 -4.5000000e-001 -5.0000000e-002  1.1400000e+001
 -4.0000000e-001 -5.0000000e-002  1.1600000e+001
 -3.5000000e-001 -5.0000000e-002  1.1600000e+001
 -3.0000000e-001 -5.0000000e-002  1.1600000e+001
 -2.5000000e-001 -5.0000000e-002  1.1600000e+001
 -2.0000000e-001 -5.0000000e-002  1.1800000e+001
 -1.5000000e-001 -5.0000000e-002  1.1800000e+001
 -1.0000000e-001 -5.0000000e-002  1.1800000e+001
 -5.0000000e-002 -5.0000000e-002  1.1800000e+001
  0.0000000e+000 -5.0000000e-002  1.2000000e+001
  5.0000000e-002 -5.0000000e-002  1.2000000e+001
  1.0000000e-001 -5.0000000e-002  1.2000000e+001
  1.5000000e-001 -5.0000000e-002  1.2000000e+001
  2.0000000e-001 -5.0000000e-002  1.2000000e+001
  2.5000000e-001 -5.0000000e-002  1.2200000e+001
  3.0000000e-001 -5.0000000e-002  1.2200000e+001
  3.5000000e-001 -5.0000000e-002  1.2200000e+001
  4.0000000e-001 -5.0000000e-002  1.2200000e+001
  4.5000000e-001 -5.0000000e-002  1.2400000e+001
  5.0000000e-001 -5.0000000e-002  1.2400000e+001
  5.5000000e-001 -5.0000000e-002  1.2400000e+001
  6.0000000e-001 -5.0000000e-002  1.2600000e+001
  6.5000000e-001 -5.0000000e-002  1.2600000e+001
  7.0000000e-001 -5.0000000e-002  1.2600000e+001
  7.5000000e-001 -5.0000000e-002  1.2600000e+001
  8.0000000e-001 -5.0000000e-002  1.2800000e+001
  8.5000000e-001 -5.0000000e-002  1.2800000e+001
  9.0000000e-001 -5.0000000e-002  1.2800000e+001
  9.5000000e-001 -5.0000000e-002  1.2800000e+001
  1.0000000e+000 -5.0000000e-002  1.3000000e+001
 -1.0000000e+000  0.0000000e+000  1.1166667e+001
 -9.5000000e-001  0.0000000e+000  1.1166667e+001
 -9.0000000e-001  0.0000000e+000  1.1166667e+001
 -8.5000000e-001  0.0000000e+000  1.1166667e+001
 -8.0000000e-001  0.0000000e+000  1.1333333e+001
 -7.5000000e-001  0.0000000e+000  1.1333333e+001
 -7.0000000e-001  0.0000000e+000  1.1333333e+001
 -6.5000000e-001  0.0000000e+000  1.1333333e+001
 -6.0000000e-001  0.0000000e+000  1.1500000e+001
 -5.5000000e-001  0.0000000e+000  1.1500000e+001
 -5.0000000e-001  0.0000000e+000  1.1500000e+001
 -4.5000000e-001  0.0000000e+000  1.1500000e+001
 -4.0000000e-001  0.0000000e+000  1.1666667e+001
 -3.5000000e-001  0.0000000e+000  1.1666667e+001
 -3.0000000e-001  0.0000000e+000  1.1666667e+001
 -2.5000000e-001  0.0000000e+000  1.1666667e+001
 -2.0000000e-001  0.0000000e+000  1.1833333e+001
 -1.5000000e-001  0.0000000e+000  1.1833333e+001
 -1.0000000e-001  0.0000000e+000  1.1833333e+001
 -5.0000000e-002  0.0000000e+000  1.1833333e+001
  0.0000000e+000  0.0000000e+000  1.2000000e+001
  5.0000000e-002  0.0000000e+000  1.2000000e+001
  1.0000000e-001  0.0000000e+000  1.2000000e+001
  1.5000000e-001  0.0000000e+000  1.2000000e+001
  2.0000000e-001  0.0000000e+000  1.2000000e+001
  2.5000000e-001  0.0000000e+000  1.2166667e+001
  3.0000000e-001  0.0000000e+000  1.2166667e+001
  3.5000000e-001  0.0000000e+000  1.2166667e+001
  4.0000000e-001  0.0000000e+000  1.2166667e+001
  4.5000000e-001  0.0000000e+000  1.2333333e+001
  5.0000000e-001  0.0000000e+000  1.2333333e+001
  5.5000000e-001  0.0000000e+000  1.2333333e+001
  6.0000000e-001  0.0000000e+000  1.2500000e+001
  6.5000000e-001  0.0000000e+000  1.2500000e+001
  7.0000000e-001  0.0000000e+000  1.2500000e+001
  7.5000000e-001  0.0000000e+000  1.2500000e+001
  8.0000000e-001  0.0000000e+000  1.2666667e+001
  8.5000000e-001  0.0000000e+000  1.2666667e+001
  9.0000000e-001  0.0000000e+000  1.2666667e+001
  9.5000000e-001  0.0000000e+000  1.2666667e+001
  1.0000000e+000  0.0000000e+000  1.2833333e+001
 -1.0000000e+000  5.0000000e-002  1.1166667e+001
 -9.5000000e-001  5.0000000e-002  1.1166667e+001
 -9.0000000e-001  5.0000000e-002  1.1166667e+001
 -8.5000000e-001  5.0000000e-002  1.1166667e+001
 -8.0000000e-001  5.0000000e-002  1.1333333e+001
 -7.5000000e-001  5.0000000e-002  1.1333333e+001
 -7.0000000e-001  5.0000000e-002  1.1333333e+001
 -6.5000000e-001  5.0000000e-002  1.1333333e+001
 -6.0000000e-001  5.0000000e-002  1.1500000e+001
 -5.5000000e-001  5.0000000e-002  1.1500000e+001
 -5.0000000e-001  5.0000000e-002  1.1500000e+001
 -4.5000000e-001  5.0000000e-002  1.1500000e+001
 -4.0000000e-001  5.0000000e-002  1.1666667e+001
 -3.5000000e-001  5.0000000e-002  1.1666667e+001
 -3.0000000e-001  5.0000000e-002  1.1666667e+001
 -2.5000000e-001  5.0000000e-002  1.1666667e+001
 -2.0000000e-001  5.0000000e-002  1.1833333e+001
 -1.5000000e-001  5.0000000e-002  1.1833333e+001
 -1.0000000e-001  5.0000000e-002  1.1833333e+001
 -5.0000000e-002  5.0000000e-002  1.1833333e+001
  0.0000000e+000  5.0000000e-002  1.2000000e+001
  5.0000000e-002  5.0000000e-002  1.2000000e+001
  1.0000000e-001  5.0000000e-002  1.2000000e+001
  1.5000000e-001  5.0000000e-002  1.2000000e+001
  2.0000000e-001  5.0000000e-002  1.2000000e+001
  2.5000000e-001  5.0000000e-002  1.2166667e+001
  3.0000000e-001  5.0000000e-002  1.2166667e+001
  3.5000000e-001  5.0000000e-002  1.2166667e+001
  4.0000000e-001  5.0000000e-002  1.2166667e+001
  4.5000000e-001  5.0000000e-002  1.2333333e+001
  5.0000000e-001  5.0000000e-002  1.2333333e+001
  5.5000000e-001  5.0000000e-002  1.2333333e+001
  6.0000000e-001  5.0000000e-002  1.2500000e+001
  6.5000000e-001  5.0000000e-002  1.2500000e+001
  7.0000000e-001  5.0000000e-002  1.2500000e+001
  7.5000000e-001  5.0000000e-002  1.2500000e+001
  8.0000000e-001  5.0000000e-002  1.2666667e+001
  8.5000000e-001  5.0000000e-002  1.2666667e+001
  9.0000000e-001  5.0000000e-002  1.2666667e+001
  9.5000000e-001  5.0000000e-002  1.2666667e+001
  1.0000000e+000  5.0000000e-002  1.2833333e+001
 -1.0000000e+000  1.0000000e-001  1.1166667e+001
 -9.5000000e-001  1.0000000e-001  1.1166667e+001
 -9.0000000e-001  1.0000000e-001  1.1166667e+001
 -8.5000000e-001  1.0000000e-001  1.1166667e+001
 -8.0000000e-001  1.0000000e-001  1.1333333e+001
 -7.5000000e-001  1.0000000e-001  1.1333333e+001
 -7.0000000e-001  1.0000000e-001  1.1333333e+001
 -6.5000000e-001  1.0000000e-001  1.1333333e+001
 -6.0000000e-001  1.0000000e-001  1.1500000e+001
 -5.5000000e-001  1.0000000e-001  1.1500000e+001
 -5.0000000e-001  1.0000000e-001  1.1500000e+001
 -4.5000000e-001  1.0000000e-001  1.1500000e+001
 -4.0000000e-001  1.0000000e-001  1.1666667e+001
 -3.5000000e-001  1.0000000e-001  1.1666667e+001
 -3.0000000e-001  1.0000000e-001  1.1666667e+001
 -2.5000000e-001  1.0000000e-001  1.1666667e+001
 -2.0000000e-001  1.0000000e-001  1.1833333e+001
 -1.5000000e-001  1.0000000e-001  1.1833333e+001
 -1.0000000e-001  1.0000000e-001  1.1833333e+001
 -5.0000000e-002  1.0000000e-001  1.1833333e+001
  0.0000000e+000  1.0000000e-001  1.2000000e+001
  5.0000000e-002  1.0000000e-001  1.2000000e+001
  1.0000000e-001  1.0000000e-001  1.2000000e+001
  1.5000000e-001  1.0000000e-001  1.2000000e+001
  2.0000000e-001  1.0000000e-001  1.2000000e+001
  2.5000000e-001  1.0000000e-001  1.2166667e+001
  3.0000000e-001  1.0000000e-001  1.2166667e+001
  3.5000000e-001  1.0000000e-001  1.2166667e+001
  4.0000000e-001  1.0000000e-001  1.2166667e+001
  4.5000000e-001  1.0000000e-001  1.2333333e+001
  5.0000000e-001  1.0000000e-001  1.2333333e+001
  5.5000000e-001  1.0000000e-001  1.2333333e+001
  6.0000000e-001  1.0000000e-001  1.2500000e+001
  6.5000000e-001  1.0000000e-001  1.2500000e+001
  7.0000000e-001  1.0000000e-001  1.2500000e+001
  7.5000000e-001  1.0000000e-001  1.2500000e+001
  8.0000000e-001  1.0000000e-001  1.2666667e+001
  8.5000000e-001  1.0000000e-001  1.2666667e+001
  9.0000000e-001  1.0000000e-001  1.2666667e+001
  9.5000000e-001  1.0000000e-001  1.2666667e+001
  1.0000000e+000  1.0000000e-001  1.2833333e+001
 -1.0000000e+000  1.5000000e-001  1.1166667e+001
 -9.5000000e-001  1.5000000e-001  1.1166667e+001
 -9.0000000e-001  1.5000000e-001  1.1166667e+001
 -8.5000000e-001  1.5000000e-001  1.1166667e+001
 -8.0000000e-001  1.5000000e-001  1.1333333e+001
 -7.5000000e-001  1.5000000e-001  1.1333333e+001
 -7.0000000e-001  1.5000000e-001  1.1333333e+001
 -6.5000000e-001  1.5000000e-001  1.1333333e+001
 -6.0000000e-001  1.5000000e-001  1.1500000e+001
 -5.5000000e-001  1.5000000e-001  1.1500000e+001
 -5.0000000e-001  1.5000000e-001  1.1500000e+001
 -4.5000000e-001  1.5000000e-001  1.1500000e+001
 -4.0000000e-001  1.5000000e-001  1.1666667e+001
 -3.5000000e-001  1.5000000e-001  1.1666667e+001
 -3.0000000e-001  1.5000000e-001  1.1666667e+001
 -2.5000000e-001  1.5000000e-001  1.1666667e+001
 -2.0000000e-001  1.5000000e-001  1.1833333e+001
 -1.5000000e-001  1.5000000e-001  1.1833333e+001
 -1.0000000e-001  1.5000000e-001  1.1833333e+001
 -5.0000000e-002  1.5000000e-001  1.1833333e+001
  0.0000000e+000  1.5000000e-001  1.2000000e+001
  5.0000000e-002  1.5000000e-001  1.2000000e+001
  1.0000000e-001  1.5000000e-001  1.2000000e+001
  1.5000000e-001  1.5000000e-001  1.2000000e+001
  2.0000000e-001  1.5000000e-001  1.2000000e+001
  2.5000000e-001  1.5000000e-001  1.2166667e+001
  3.0000000e-001  1.5000000e-001  1.2166667e+001
  3.5000000e-001  1.5000000e-001  1.2166667e+001
  4.0000000e-001  1.5000000e-001  1.2166667e+001
  4.5000000e-001  1.5000000e-001  1.2333333e+001
  5.0000000e-001  1.5000000e-001  1.2333333e+001
  5.5000000e-001  1.5000000e-001  1.2333333e+001
  6.0000000e-001  1.5000000e-001  1.2500000e+001
  6.5000000e-001  1.5000000e-001  1.2500000e+001
  7.0000000e-001  1.5000000e-001  1.2500000e+001
  7.5000000e-001  1.5000000e-001  1.2500000e+001
  8.0000000e-001  1.5000000e-001  1.2666667e+001
  8.5000000e-001  1.5000000e-001  1.2666667e+001
  9.0000000e-001  1.5000000e-001  1.2666667e+001
  9.5000000e-001  1.5000000e-001  1.2666667e+001
  1.0000000e+000  1.5000000e-001  1.2833333e+001
 -1.0000000e+000  2.0000000e-001  1.1166667e+001
 -9.5000000e-001  2.0000000e-001  1.1166667e+001
 -9.0000000e-001  2.0000000e-001  1.1166667e+001
 -8.5000000e-001  2.0000000e-001  1.1166667e+001
 -8.0000000e-001  2.0000000e-001  1.1333333e+001
 -7.5000000e-001  2.0000000e-001  1.1333333e+001
 -7.0000000e-001  2.0000000e-001  1.1333333e+001
 -6.5000000e-001  2.0000000e-001  1.1333333e+001
 -6.0000000e-001  2.0000000e-001  1.1500000e+001
 -5.5000000e-001  2.0000000e-001  1.1500000e+001
 -5.0000000e-001  2.0000000e-001  1.1500000e+001
 -4.5000000e-001  2.0000000e-001  1.1500000e+001
 -4.0000000e-001  2.0000000e-001  1.1666667e+001
 -3.5000000e-001  2.0000000e-001  1.1666667e+001
 -3.0000000e-001  2.0000000e-001  1.1666667e+001
 -2.5000000e-001  2.0000000e-001  1.1666667e+001
 -2.0000000e-001  2.0000000e-001  1.1833333e+001
 -1.5000000e-001  2.0000000e-001  1.1833333e+001
 -1.0000000e-001  2.0000000e-001  1.1833333e+001
 -5.0000000e-002  2.0000000e-001  1.1833333e+001
  0.0000000e+000  2.0000000e-001  1.2000000e+001
  5.0000000e-002  2.0000000e-001  1.2000000e+001
  1.0000000e-001  2.0000000e-001  1.2000000e+001
  1.5000000e-001  2.0000000e-001  1.2000000e+001
  2.0000000e-001  2.0000000e-001  1.2000000e+001
  2.5000000e-001  2.0000000e-001  1.2166667e+001
  3.0000000e-001  2.0000000e-001  1.2166667e+001
  3.5000000e-001  2.0000000e-001  1.2166667e+001
  4.0000000e-001  2.0000000e-001  1.2166667e+001
  4.5000000e-001  2.0000000e-001  1.2333333e+001
  5.0000000e-001  2.0000000e-001  1.2333333e+001
  5.5000000e-001  2.0000000e-001  1.2333333e+001
  6.0000000e-001  2.0000000e-001  1.2500000e+001
  6.5000000e-001  2.0000000e-001  1.2500000e+001
  7.0000000e-001  2.0000000e-001  1.2500000e+001
  7.5000000e-001  2.0000000e-001  1.2500000e+001
  8.0000000e-001  2.0000000e-001  1.2666667e+001
  8.5000000e-001  2.0000000e-001  1.2666667e+001
  9.0000000e-001  2.0000000e-001  1.2666667e+001
  9.5000000e-001  2.0000000e-001  1.2666667e+001
  1.0000000e+000  2.0000000e-001  1.2833333e+001
 -1.0000000e+000  2.5000000e-001  1.1285714e+001
 -9.5000000e-001  2.5000000e-001  1.1285714e+001
 -9.0000000e-001  2.5000000e-001  1.1285714e+001
 -8.5000000e-001  2.5000000e-001  1.1285714e+001
 -8.0000000e-001  2.5000000e-001  1.1428571e+001
 -7.5000000e-001  2.5000000e-001  1.1428571e+001
 -7.0000000e-001  2.5000000e-001  1.1428571e+001
 -6.5000000e-001  2.5000000e-001  1.1428571e+001
 -6.0000000e-001  2.5000000e-001  1.1571429e+001
 -5.5000000e-001  2.5000000e-001  1.1571429e+001
 -5.0000000e-001  2.5000000e-001  1.1571429e+001
 -4.5000000e-001  2.5000000e-001  1.1571429e+001
 -4.0000000e-001  2.5000000e-001  1.1714286e+001
 -3.5000000e-001  2.5000000e-001  1.1714286e+001
 -3.0000000e-001  2.5000000e-001  1.1714286e+001
 -2.5000000e-001  2.5000000e-001  1.1714286e+001
 -2.0000000e-001  2.5000000e-001  1.1857143e+001
 -1.5000000e-001  2.5000000e-001  1.1857143e+001
 -1.0000000e-001  2.5000000e-001  1.1857143e+001
 -5.0000000e-002  2.5000000e-001  1.1857143e+001
  0.0000000e+000  2.5000000e-001  1.2000000e+001
  5.0000000e-002  2.5000000e-001  1.2000000e+001
  1.0000000e-001  2.5000000e-001  1.2000000e+001
  1.5000000e-001  2.5000000e-001  1.2000000e+001
  2.0000000e-001  2.5000000e-001  1.2000000e+001
  2.5000000e-001  2.5000000e-001  1.2142857e+001
  3.0000000e-001  2.5000000e-001  1.2142857e+001
  3.5000000e-001  2.5000000e-001  1.2142857e+001
  4.0000000e-001  2.5000000e-001  1.2142857e+001
  4.5000000e-001  2.5000000e-001  1.2285714e+001
  5.0000000e-001  2.5000000e-001  1.2285714e+001
  5.5000000e-001  2.5000000e-001  1.2285714e+001
  6.0000000e-001  2.5000000e-001  1.2428571e+001
  6.5000000e-001  2.5000000e-001  1.2428571e+001
  7.0000000e-001  2.5000000e-001  1.2428571e+001
  7.5000000e-001  2.5000000e-001  1.2428571e+001
  8.0000000e-001  2.5000000e-001  1.2571429e+001
  8.5000000e-001  2.5000000e-001  1.2571429e+001
  9.0000000e-001  2.5000000e-001  1.2571429e+001
  9.5000000e-001  2.5000000e-001  1.2571429e+001
  1.0000000e+000  2.5000000e-001  1.2714286e+001
 -1.0000000e+000  3.0000000e-001  1.1285714e+001
 -9.5000000e-001  3.0000000e-001  1.1285714e+001
 -9.0000000e-001  3.0000000e-001  1.1285714e+001
 -8.5000000e-001  3.0000000e-001  1.1285714e+001
 -8.0000000e-001  3.0000000e-001  1.1428571e+001
 -7.5000000e-001  3.0000000e-001  1.1428571e+001
 -7.0000000e-001  3.0000000e-001  1.1428571e+001
 -6.5000000e-001  3.0000000e-001  1.1428571e+001
 -6.0000000e-001  3.0000000e-001  1.1571429e+001
 -5.5000000e-001  3.0000000e-001  1.1571429e+001
 -5.0000000e-001  3.0000000e-001  1.1571429e+001
 -4.5000000e-001  3.0000000e-001  1.1571429e+001
 -4.0000000e-001  3.0000000e-001  1.1714286e+001
 -3.5000000e-001  3.0000000e-001  1.1714286e+001
 -3.0000000e-001  3.0000000e-001  1.1714286e+001
 -2.5000000e-001  3.0000000e-001  1.1714286e+001
 -2.0000000e-001  3.0000000e-001  1.1857143e+001
 -1.5000000e-001  3.0000000e-001  1.1857143e+001
 -1.0000000e-001  3.0000000e-001  1.1857143e+001
 -5.0000000e-002  3.0000000e-001  1.1857143e+001
  0.0000000e+000  3.0000000e-001  1.2000000e+001
  5.0000000e-002  3.0000000e-001  1.2000000e+001
  1.0000000e-001  3.0000000e-001  1.2000000e+001
  1.5000000e-001  3.0000000e-001  1.2000000e+001
  2.0000000e-001  3.0000000e-001  1.2000000e+001
  2.5000000e-001  3.0000000e-001  1.2142857e+001
  3.0000000e-001  3.0000000e-001  1.2142857e+001
  3.5000000e-001  3.0000000e-001  1.2142857e+001
  4.0000000e-001  3.0000000e-001  1.2142857e+001
  4.5000000e-001  3.0000000e-001  1.2285714e+001
  5.0000000e-001  3.0000000e-001  1.2285714e+001
  5.5000000e-001  3.0000000e-001  1.2285714e+001
  6.0000000e-001  3.0000000e-001  1.2428571e+001
  6.5000000e-001  3.0000000e-001  1.2428571e+001
  7.0000000e-001  3.0000000e-001  1.2428571e+001
  7.5000000e-001  3.0000000e-001  1.2428571e+001
  8.0000000e-001  3.0000000e-001  1.2571429e+001
  8.5000000e-001  3.0000000e-001  1.2571429e+001
  9.0000000e-001  3.0000000e-001  1.2571429e+001
  9.5000000e-001  3.0000000e-001  1.2571429e+001
  1.0000000e+000  3.0000000e-001  1.2714286e+001
 -1.0000000e+000  3.5000000e-001  1.1285714e+001
 -9.5000000e-001  3.5000000e-001  1.1285714e+001
 -9.0000000e-001  3.5000000e-001  1.1285714e+001
 -8.5000000e-001  3.5000000e-001  1.1285714e+001
 -8.0000000e-001  3.5000000e-001  1.1428571e+001
 -7.5000000e-001  3.5000000e-001  1.1428571e+001
 -7.0000000e-001  3.5000000e-001  1.1428571e+001
 -6.5000000e-001  3.5000000e-001  1.1428571e+001
 -6.0000000e-001  3.5000000e-001  1.1571429e+001
 -5.5000000e-001  3.5000000e-001  1.1571429e+001
 -5.0000000e-001  3.5000000e-001  1.1571429e+001
 -4.5000000e-001  3.5000000e-001  1.1571429e+001
 -4.0000000e-001  3.5000000e-001  1.1714286e+001
 -3.5000000e-001  3.5000000e-001  1.1714286e+001
 -3.0000000e-001  3.5000000e-001  1.1714286e+001
 -2.5000000e-001  3.5000000e-001  1.1714286e+001
 -2.0000000e-001  3.5000000e-001  1.1857143e+001
 -1.5000000e-001  3.5000000e-001  1.1857143e+001
 -1.0000000e-001  3.5000000e-001  1.1857143e+001
 -5.0000000e-002  3.5000000e-001  1.1857143e+001
  0.0000000e+000  3.5000000e-001  1.2000000e+001
  5.0000000e-002  3.5000000e-001  1.2000000e+001
  1.0000000e-001  3.5000000e-001  1.2000000e+001
  1.5000000e-001  3.5000000e-001  1.2000000e+001
  2.0000000e-001  3.5000000e-001  1.2000000e+001
  2.5000000e-001  3.5000000e-001  1.2142857e+001
  3.0000000e-001  3.5000000e-001  1.2142857e+001
  3.5000000e-001  3.5000000e-001  1.2142857e+001
  4.0000000e-001  3.5000000e-001  1.2142857e+001
  4.5000000e-001  3.5000000e-001  1.2285714e+001
  5.0000000e-001  3.5000000e-001  1.2285714e+001
  5.5000000e-001  3.5000000e-001  1.2285714e+001
  6.0000000e-001  3.5000000e-001  1.2428571e+001
  6.5000000e-001  3.5000000e-001  1.2428571e+001
  7.0000000e-001  3.5000000e-001  1.2428571e+001
  7.5000000e-001  3.5000000e-001  1.2428571e+001
  8.0000000e-001  3.5000000e-001  1.2571429e+001
  8.5000000e-001  3.5000000e-001  1.2571429e+001
  9.0000000e-001  3.5000000e-001  1.2571429e+001
  9.5000000e-001  3.5000000e-001  1.2571429e+001
  1.0000000e+000  3.5000000e-001  1.2714286e+001
 -1.0000000e+000  4.0000000e-001  1.1285714e+001
 -9.5000000e-001  4.0000000e-001  1.1285714e+001
 -9.0000000e-001  4.0000000e-001  1.1285714e+001
 -8.5000000e-001  4.0000000e-001  1.1285714e+001
 -8.0000000e-001  4.0000000e-001  1.1428571e+001
 -7.5000000e-001  4.0000000e-001  1.1428571e+001
 -7.0000000e-001  4.0000000e-001  1.1428571e+001
 -6.5000000e-001  4.0000000e-001  1.1428571e+001
 -6.0000000e-001  4.0000000e-001  1.1571429e+001
 -5.5000000e-001  4.0000000e-001  1.1571429e+001
 -5.0000000e-001  4.0000000e-001  1.1571429e+001
 -4.5000000e-001  4.0000000e-001  1.1571429e+001
 -4.0000000e-001  4.0000000e-001  1.1714286e+001
 -3.5000000e-001  4.0000000e-001  1.1714286e+001
 -3.0000000e-001  4.0000000e-001  1.1714286e+001
 -2.5000000e-001  4.0000000e-001  1.1714286e+001
 -2.0000000e-001  4.0000000e-001  1.1857143e+001
 -1.5000000e-001  4.0000000e-001  1.1857143e+001
 -1.0000000e-001  4.0000000e-001  1.1857143e+001
 -5.0000000e-002  4.0000000e-001  1.1857143e+001
  0.0000000e+000  4.0000000e-001  1.2000000e+001
  5.0000000e-002  4.0000000e-001  1.2000000e+001
  1.0000000e-001  4.0000000e-001  1.2000000e+001
  1.5000000e-001  4.0000000e-001  1.2000000e+001
  2.0000000e-001  4.0000000e-001  1.2000000e+001
  2.5000000e-001  4.0000000e-001  1.2142857e+001
  3.0000000e-001  4.0000000e-001  1.2142857e+001
  3.5000000e-001  4.0000000e-001  1.2142857e+001
  4.0000000e-001  4.0000000e-001  1.2142857e+001
  4.5000000e-001  4.0000000e-001  1.2285714e+001
  5.0000000e-001  4.0000000e-001  1.2285714e+001
  5.5000000e-001  4.0000000e-001  1.2285714e+001
  6.0000000e-001  4.0000000e-001  1.2428571e+001
  6.5000000e-001  4.0000000e-001  1.2428571e+001
  7.0000000e-001  4.0000000e-001  1.2428571e+001
  7.5000000e-001  4.0000000e-001  1.2428571e+001
  8.0000000e-001  4.0000000e-001  1.2571429e+001
  8.5000000e-001  4.0000000e-001  1.2571429e+001
  9.0000000e-001  4.0000000e-001  1.2571429e+001
  9.5000000e-001  4.0000000e-001  1.2571429e+001
  1.0000000e+000  4.0000000e-001  1.2714286e+001
 -1.0000000e+000  4.5000000e-001  1.1375000e+001
 -9.5000000e-001  4.5000000e-001  1.1375000e+001
 -9.0000000e-001  4.5000000e-001  1.1375000e+001
 -8.5000000e-001  4.5000000e-001  1.1375000e+001
 -8.0000000e-001  4.5000000e-001  1.1500000e+001
 -7.5000000e-001  4.5000000e-001  1.1500000e+001
 -7.0000000e-001  4.5000000e-001  1.1500000e+001
 -6.5000000e-001  4.5000000e-001  1.1500000e+001
 -6.0000000e-001  4.5000000e-001  1.1625000e+001
 -5.5000000e-001  4.5000000e-001  1.1625000e+001
 -5.0000000e-001  4.5000000e-001  1.1625000e+001
 -4.5000000e-001  4.5000000e-001  1.1625000e+001
 -4.0000000e-001  4.5000000e-001  1.1750000e+001
 -3.5000000e-001  4.5000000e-001  1.1750000e+001
 -3.0000000e-001  4.5000000e-001  1.1750000e+001
 -2.5000000e-001  4.5000000e-001  1.1750000e+001
 -2.0000000e-001  4.5000000e-001  1.1875000e+001
 -1.5000000e-001  4.5000000e-001  1.1875000e+001
 -1.0000000e-001  4.5000000e-001  1.1875000e+001
 -5.0000000e-002  4.5000000e-001  1.1875000e+001
  0.0000000e+000  4.5000000e-001  1.2000000e+001
  5.0000000e-002  4.5000000e-001  1.2000000e+001
  1.0000000e-001  4.5000000e-001  1.2000000e+001
  1.5000000e-001  4.5000000e-001  1.2000000e+001
  2.0000000e-001  4.5000000e-001  1.2000000e+001
  2.5000000e-001  4.5000000e-001  1.2125000e+001
  3.0000000e-001  4.5000000e-001  1.2125000e+001
  3.5000000e-001  4.5000000e-001  1.2125000e+001
  4.0000000e-001  4.5000000e-001  1.2125000e+001
  4.5000000e-001  4.5000000e-001  1.2250000e+001
  5.0000000e-001  4.5000000e-001  1.2250000e+001
  5.5000000e-001  4.5000000e-001  1.2250000e+001
  6.0000000e-001  4.5000000e-001  1.2375000e+001
  6.5000000e-001  4.5000000e-001  1.2375000e+001
  7.0000000e-001  4.5000000e-001  1.2375000e+001
  7.5000000e-001  4.5000000e-001  1.2375000e+001
  8.0000000e-001  4.5000000e-001  1.2500000e+001
  8.5000000e-001  4.5000000e-001  1.2500000e+001
  9.0000000e-001  4.5000000e-001  1.2500000e+001
  9.5000000e-001  4.5000000e-001  1.2500000e+001
  1.0000000e+000  4.5000000e-001  1.2625000e+001
 -1.0000000e+000  5.0000000e-001  1.1375000e+001
 -9.5000000e-001  5.0000000e-001  1.1375000e+001
 -9.0000000e-001  5.0000000e-001  1.1375000e+001
 -8.5000000e-001  5.0000000e-001  1.1375000e+001
 -8.0000000e-001  5.0000000e-001  1.1500000e+001
 -7.5000000e-001  5.0000000e-001  1.1500000e+001
 -7.0000000e-001  5.0000000e-001  1.1500000e+001
 -6.5000000e-001  5.0000000e-001  1.1500000e+001
 -6.0000000e-001  5.0000000e-001  1.1625000e+001
 -5.5000000e-001  5.0000000e-001  1.1625000e+001
 -5.0000000e-001  5.0000000e-001  1.1625000e+001
 -4.5000000e-001  5.0000000e-001  1.1625000e+001
 -4.0000000e-001  5.0000000e-001  1.1750000e+001
 -3.5000000e-001  5.0000000e-001  1.1750000e+001
 -3.0000000e-001  5.0000000e-001  1.1750000e+001
 -2.5000000e-001  5.0000000e-001  1.1750000e+001
 -2.0000000e-001  5.0000000e-001  1.1875000e+001
 -1.5000000e-001  5.0000000e-001  1.1875000e+001
 -1.0000000e-001  5.0000000e-001  1.1875000e+001
 -5.0000000e-002  5.0000000e-001  1.1875000e+001
  0.0000000e+000  5.0000000e-001  1.2000000e+001
  5.0000000e-002  5.0000000e-001  1.2000000e+001
  1.0000000e-001  5.0000000e-001  1.2000000e+001
  1.5000000e-001  5.0000000e-001  1.2000000e+001
  2.0000000e-001  5.0000000e-001  1.2000000e+001
  2.5000000e-001  5.0000000e-001  1.2125000e+001
  3.0000000e-001  5.0000000e-001  1.2125000e+001
  3.5000000e-001  5.0000000e-001  1.2125000e+001
  4.0000000e-001  5.0000000e-001  1.2125000e+001
  4.5000000e-001  5.0000000e-001  1.2250000e+001
  5.0000000e-001  5.0000000e-001  1.2250000e+001
  5.5000000e-001  5.0000000e-001  1.2250000e+001
  6.0000000e-001  5.0000000e-001  1.2375000e+001
  6.5000000e-001  5.0000000e-001  1.2375000e+001
  7.0000000e-001  5.0000000e-001  1.2375000e+001
  7.5000000e-001  5.0000000e-001  1.2375000e+001
  8.0000000e-001  5.0000000e-001  1.2500000e+001
  8.5000000e-001  5.0000000e-001  1.2500000e+001
  9.0000000e-001  5.0000000e-001  1.2500000e+001
  9.5000000e-001  5.0000000e-001  1.2500000e+001
  1.0000000e+000  5.0000000e-001  1.2625000e+001
 -1.0000000e+000  5.5000000e-001  1.1375000e+001
 -9.5000000e-001  5.5000000e-001  1.1375000e+001
 -9.0000000e-001  5.5000000e-001  1.1375000e+001
 -8.5000000e-001  5.5000000e-001  1.1375000e+001
 -8.0000000e-001  5.5000000e-001  1.1500000e+001
 -7.5000000e-001  5.5000000e-001  1.1500000e+001
 -7.0000000e-001  5.5000000e-001  1.1500000e+001
 -6.5000000e-001  5.5000000e-001  1.1500000e+001
 -6.0000000e-001  5.5000000e-001  1.1625000e+001
 -5.5000000e-001  5.5000000e-001  1.1625000e+001
 -5.0000000e-001  5.5000000e-001  1.1625000e+001
 -4.5000000e-001  5.5000000e-001  1.1625000e+001
 -4.0000000e-001  5.5000000e-001  1.1750000e+001
 -3.5000000e-001  5.5000000e-001  1.1750000e+001
 -3.0000000e-001  5.5000000e-001  1.1750000e+001
 -2.5000000e-001  5.5000000e-001  1.1750000e+001
 -2.0000000e-001  5.5000000e-001  1.1875000e+001
 -1.5000000e-001  5.5000000e-001  1.1875000e+001
 -1.0000000e-001  5.5000000e-001  1.1875000e+001
 -5.0000000e-002  5.5000000e-001  1.1875000e+001
  0.0000000e+000  5.5000000e-001  1.2000000e+001
  5.0000000e-002  5.5000000e-001  1.2000000e+001
  1.0000000e-001  5.5000000e-001  1.2000000e+001
  1.5000000e-001  5.5000000e-001  1.2000000e+001
  2.0000000e-001  5.5000000e-001  1.2000000e+001
  2.5000000e-001  5.5000000e-001  1.2125000e+001
  3.0000000e-001  5.5000000e-001  1.2125000e+001
  3.5000000e-001  5.5000000e-001  1.2125000e+001
  4.0000000e-001  5.5000000e-001  1.2125000e+001
  4.5000000e-001  5.5000000e-001  1.2250000e+001
  5.0000000e-001  5.5000000e-001  1.2250000e+001
  5.5000000e-001  5.5000000e-001  1.2250000e+001
  6.0000000e-001  5.5000000e-001  1.2375000e+001
  6.5000000e-001  5.5000000e-001  1.2375000e+001
  7.0000000e-001  5.5000000e-001  1.2375000e+001
  7.5000000e-001  5.5000000e-001  1.2375000e+001
  8.0000000e-001  5.5000000e-001  1.2500000e+001
  8.5000000e-001  5.5000000e-001  1.2500000e+001
  9.0000000e-001  5.5000000e-001  1.2500000e+001
  9.5000000e-001  5.5000000e-001  1.2500000e+001
  1.0000000e+000  5.5000000e-001  1.2625000e+001
 -1.0000000e+000  6.0000000e-001  1.1444444e+001
 -9.5000000e-001  6.0000000e-001  1.1444444e+001
 -9.0000000e-001  6.0000000e-001  1.1444444e+001
 -8.5000000e-001  6.0000000e-001  1.1444444e+001
 -8.0000000e-001  6.0000000e-001  1.1555556e+001
 -7.5000000e-001  6.0000000e-001  1.1555556e+001
 -7.0000000e-001  6.0000000e-001  1.1555556e+001
 -6.5000000e-001  6.0000000e-001  1.1555556e+001
 -6.0000000e-001  6.0000000e-001  1.1666667e+001
 -5.5000000e-001  6.0000000e-001  1.1666667e+001
 -5.0000000e-001  6.0000000e-001  1.1666667e+001
 -4.5000000e-001  6.0000000e-001  1.1666667e+001
 -4.0000000e-001  6.0000000e-001  1.1777778e+001
 -3.5000000e-001  6.0000000e-001  1.1777778e+001
 -3.0000000e-001  6.0000000e-001  1.1777778e+001
 -2.5000000e-001  6.0000000e-001  1.1777778e+001
 -2.0000000e-001  6.0000000e-001  1.1888889e+001
 -1.5000000e-001  6.0000000e-001  1.1888889e+001
 -1.0000000e-001  6.0000000e-001  1.1888889e+001
 -5.0000000e-002  6.0000000e-001  1.1888889e+001
  0.0000000e+000  6.0000000e-001  1.2000000e+001
  5.0000000e-002  6.0000000e-001  1.2000000e+001
  1.0000000e-001  6.0000000e-001  1.2000000e+001
  1.5000000e-001  6.0000000e-001  1.2000000e+001
  2.0000000e-001  6.0000000e-001  1.2000000e+001
  2.5000000e-001  6.0000000e-001  1.2111111e+001
  3.0000000e-001  6.0000000e-001  1.2111111e+001
  3.5000000e-001  6.0000000e-001  1.2111111e+001
  4.0000000e-001  6.0000000e-001  1.2111111e+001
  4.5000000e-001  6.0000000e-001  1.2222222e+001
  5.0000000e-001  6.0000000e-001  1.2222222e+001
  5.5000000e-001  6.0000000e-001  1.2222222e+001
  6.0000000e-001  6.0000000e-001  1.2333333e+001
  6.5000000e-001  6.0000000e-001  1.2333333e+001
  7.0000000e-001  6.0000000e-001  1.2333333e+001
  7.5000000e-001  6.0000000e-001  1.2333333e+001
  8.0000000e-001  6.0000000e-001  1.2444444e+001
  8.5000000e-001  6.0000000e-001  1.2444444e+001
  9.0000000e-001  6.0000000e-001  1.2444444e+001
  9.5000000e-001  6.0000000e-001  1.2444444e+001
  1.0000000e+000  6.0000000e-001  1.2555556e+001
 -1.0000000e+000  6.5000000e-001  1.1444444e+001
 -9.5000000e-001  6.5000000e-001  1.1444444e+001
 -9.0000000e-001  6.5000000e-001  1.1444444e+001
 -8.5000000e-001  6.5000000e-001  1.1444444e+001
 -8.0000000e-001  6.5000000e-001  1.1555556e+001
 -7.5000000e-001  6.5000000e-001  1.1555556e+001
 -7.0000000e-001  6.5000000e-001  1.1555556e+001
 -6.5000000e-001  6.5000000e-001  1.1555556e+001
 -6.0000000e-001  6.5000000e-001  1.1666667e+001
 -5.5000000e-001  6.5000000e-001  1.1666667e+001
 -5.0000000e-001  6.5000000e-001  1.1666667e+001
 -4.5000000e-001  6.5000000e-001  1.1666667e+001
 -4.0000000e-001  6.5000000e-001  1.1777778e+001
 -3.5000000e-001  6.5000000e-001  1.1777778e+001
 -3.0000000e-001  6.5000000e-001  1.1777778e+001
 -2.5000000e-001  6.5000000e-001  1.1777778e+001
 -2.0000000e-001  6.5000000e-001  1.1888889e+001
 -1.5000000e-001  6.5000000e-001  1.1888889e+001
 -1.0000000e-001  6.5000000e-001  1.1888889e+001
 -5.0000000e-002  6.5000000e-001  1.1888889e+001
  0.0000000e+000  6.5000000e-001  1.2000000e+001
  5.0000000e-002  6.5000000e-001  1.2000000e+001
  1.0000000e-001  6.5000000e-001  1.2000000e+001
  1.5000000e-001  6.5000000e-001  1.2000000e+001
  2.0000000e-001  6.5000000e-001  1.2000000e+001
  2.5000000e-001  6.5000000e-001  1.2111111e+001
  3.0000000e-001  6.5000000e-001  1.2111111e+001
  3.5000000e-001  6.5000000e-001  1.2111111e+001
  4.0000000e-001  6.5000000e-001  1.2111111e+001
  4.5000000e-001  6.5000000e-001  1.2222222e+001
  5.0000000e-001  6.5000000e-001  1.2222222e+001
  5.5000000e-001  6.5000000e-001  1.2222222e+001
  6.0000000e-001  6.5000000e-001  1.2333333e+001
  6.5000000e-001  6.5000000e-001  1.2333333e+001
  7.0000000e-001  6.5000000e-001  1.2333333e+001
  7.5000000e-001  6.5000000e-001  1.2333333e+001
  8.0000000e-001  6.5000000e-001  1.2444444e+001
  8.5000000e-001  6.5000000e-001  1.2444444e+001
  9.0000000e-001  6.5000000e-001  1.2444444e+001
  9.5000000e-001  6.5000000e-001  1.2444444e+001
  1.0000000e+000  6.5000000e-001  1.2555556e+001
 -1.0000000e+000  7.0000000e-001  1.1444444e+001
 -9.5000000e-001  7.0000000e-001  1.1444444e+001
 -9.0000000e-001  7.0000000e-001  1.1444444e+001
 -8.5000000e-001  7.0000000e-001  1.1444444e+001
 -8.0000000e-001  7.0000000e-001  1.1555556e+001
 -7.5000000e-001  7.0000000e-001  1.1555556e+001
 -7.0000000e-001  7.0000000e-001  1.1555556e+001
 -6.5000000e-001  7.0000000e-001  1.1555556e+001
 -6.0000000e-001  7.0000000e-001  1.1666667e+001
 -5.5000000e-001  7.0000000e-001  1.1666667e+001
 -5.0000000e-001  7.0000000e-001  1.1666667e+001
 -4.5000000e-001  7.0000000e-001  1.1666667e+001
 -4.0000000e-001  7.0000000e-001  1.1777778e+001
 -3.5000000e-001  7.0000000e-001  1.1777778e+001
 -3.0000000e-001  7.0000000e-001  1.1777778e+001
 -2.5000000e-001  7.0000000e-001  1.1777778e+001
 -2.0000000e-001  7.0000000e-001  1.1888889e+001
 -1.5000000e-001  7.0000000e-001  1.1888889e+001
 -1.0000000e-001  7.0000000e-001  1.1888889e+001
 -5.0000000e-002  7.0000000e-001  1.1888889e+001
  0.0000000e+000  7.0000000e-001  1.2000000e+001
  5.0000000e-002  7.0000000e-001  1.2000000e+001
  1.0000000e-001  7.0000000e-001  1.2000000e+001
  1.5000000e-001  7.0000000e-001  1.2000000e+001
  2.0000000e-001  7.0000000e-001  1.2000000e+001
  2.5000000e-001  7.0000000e-001  1.2111111e+001
  3.0000000e-001  7.0000000e-001  1.2111111e+001
  3.5000000e-001  7.0000000e-001  1.2111111e+001
  4.0000000e-001  7.0000000e-001  1.2111111e+001
  4.5000000e-001  7.0000000e-001  1.2222222e+001
  5.0000000e-001  7.0000000e-001  1.2222222e+001
  5.5000000e-001  7.0000000e-001  1.2222222e+001
  6.0000000e-001  7.0000000e-001  1.2333333e+001
  6.5000000e-001  7.0000000e-001  1.2333333e+001
  7.0000000e-001  7.0000000e-001  1.2333333e+001
  7.5000000e-001  7.0000000e-001  1.2333333e+001
  8.0000000e-001  7.0000000e-001  1.2444444e+001
  8.5000000e-001  7.0000000e-001  1.2444444e+001
  9.0000000e-001  7.0000000e-001  1.2444444e+001
  9.5000000e-001  7.0000000e-001  1.2444444e+001
  1.0000000e+000  7.0000000e-001  1.2555556e+001
 -1.0000000e+000  7.5000000e-001  1.1444444e+001
 -9.5000000e-001  7.5000000e-001  1.1444444e+001
 -9.0000000e-001  7.5000000e-001  1.1444444e+001
 -8.5000000e-001  7.5000000e-001  1.1444444e+001
 -8.0000000e-001  7.5000000e-001  1.1555556e+001
 -7.5000000e-001  7.5000000e-001  1.1555556e+001
 -7.0000000e-001  7.5000000e-001  1.1555556e+001
 -6.5000000e-001  7.5000000e-001  1.1555556e+001
 -6.0000000e-001  7.5000000e-001  1.1666667e+001
 -5.5000000e-001  7.5000000e-001  1.1666667e+001
 -5.0000000e-001  7.5000000e-001  1.1666667e+001
 -4.5000000e-001  7.5000000e-001  1.1666667e+001
 -4.0000000e-001  7.5000000e-001  1.1777778e+001
 -3.5000000e-001  7.5000000e-001  1.1777778e+001
 -3.0000000e-001  7.5000000e-001  1.1777778e+001
 -2.5000000e-001  7.5000000e-001  1.1777778e+001
 -2.0000000e-001  7.5000000e-001  1.1888889e+001
 -1.5000000e-001  7.5000000e-001  1.1888889e+001
 -1.0000000e-001  7.5000000e-001  1.1888889e+001
 -5.0000000e-002  7.5000000e-001  1.1888889e+001
  0.0000000e+000  7.5000000e-001  1.2000000e+001
  5.0000000e-002  7.5000000e-001  1.2000000e+001
  1.0000000e-001  7.5000000e-001  1.2000000e+001
  1.5000000e-001  7.5000000e-001  1.2000000e+001
  2.0000000e-001  7.5000000e-001  1.2000000e+001
  2.5000000e-001  7.5000000e-001  1.2111111e+001
  3.0000000e-001  7.5000000e-001  1.2111111e+001
  3.5000000e-001  7.5000000e-001  1.2111111e+001
  4.0000000e-001  7.5000000e-001  1.2111111e+001
  4.5000000e-001  7.5000000e-001  1.2222222e+001
  5.0000000e-001  7.5000000e-001  1.2222222e+001
  5.5000000e-001  7.5000000e-001  1.2222222e+001
  6.0000000e-001  7.5000000e-001  1.2333333e+001
  6.5000000e-001  7.5000000e-001  1.2333333e+001
  7.0000000e-001  7.5000000e-001  1.2333333e+001
  7.5000000e-001  7.5000000e-001  1.2333333e+001
  8.0000000e-001  7.5000000e-001  1.2444444e+001
  8.5000000e-001  7.5000000e-001  1.2444444e+001
  9.0000000e-001  7.5000000e-001  1.2444444e+001
  9.5000000e-001  7.5000000e-001  1.2444444e+001
  1.0000000e+000  7.5000000e-001  1.2555556e+001
 -1.0000000e+000  8.0000000e-001  1.1500000e+001
 -9.5000000e-001  8.0000000e-001  1.1500000e+001
 -9.0000000e-001  8.0000000e-001  1.1500000e+001
 -8.5000000e-001  8.0000000e-001  1.1500000e+001
 -8.0000000e-001  8.0000000e-001  1.1600000e+001
 -7.5000000e-001  8.0000000e-001  1.1600000e+001
 -7.0000000e-001  8.0000000e-001  1.1600000e+001
 -6.5000000e-001  8.0000000e-001  1.1600000e+001
 -6.0000000e-001  8.0000000e-001  1.1700000e+001
 -5.5000000e-001  8.0000000e-001  1.1700000e+001
 -5.0000000e-001  8.0000000e-001  1.1700000e+001
 -4.5000000e-001  8.0000000e-001  1.1700000e+001
 -4.0000000e-001  8.0000000e-001  1.1800000e+001
 -3.5000000e-001  8.0000000e-001  1.1800000e+001
 -3.0000000e-001  8.0000000e-001  1.1800000e+001
 -2.5000000e-001  8.0000000e-001  1.1800000e+001
 -2.0000000e-001  8.0000000e-001  1.1900000e+001
 -1.5000000e-001  8.0000000e-001  1.1900000e+001
 -1.0000000e-001  8.0000000e-001  1.1900000e+001
 -5.0000000e-002  8.0000000e-001  1.1900000e+001
  0.0000000e+000  8.0000000e-001  1.2000000e+001
  5.0000000e-002  8.0000000e-001  1.2000000e+001
  1.0000000e-001  8.0000000e-001  1.2000000e+001
  1.5000000e-001  8.0000000e-001  1.2000000e+001
  2.0000000e-001  8.0000000e-001  1.2000000e+001
  2.5000000e-001  8.0000000e-001  1.2100000e+001
  3.0000000e-001  8.0000000e-001  1.2100000e+001
  3.5000000e-001  8.0000000e-001  1.2100000e+001
  4.0000000e-001  8.0000000e-001  1.2100000e+001
  4.5000000e-001  8.0000000e-001  1.2200000e+001
  5.0000000e-001  8.0000000e-001  1.2200000e+001
  5.5000000e-001  8.0000000e-001  1.2200000e+001
  6.0000000e-001  8.0000000e-001  1.2300000e+001
  6.5000000e-001  8.0000000e-001  1.2300000e+001
  7.0000000e-001  8.0000000e-001  1.2300000e+001
  7.5000000e-001  8.0000000e-001  1.2300000e+001
  8.0000000e-001  8.0000000e-001  1.2400000e+001
  8.5000000e-001  8.0000000e-001  1.2400000e+001
  9.0000000e-001  8.0000000e-001  1.2400000e+001
  9.5000000e-001  8.0000000e-001  1.2400000e+001
  1.0000000e+000  8.0000000e-001  1.2500000e+001
 -1.0000000e+000  8.5000000e-001  1.1500000e+001
 -9.5000000e-001  8.5000000e-001  1.1500000e+001
 -9.0000000e-001  8.5000000e-001  1.1500000e+001
 -8.5000000e-001  8.5000000e-001  1.1500000e+001
 -8.0000000e-001  8.5000000e-001  1.1600000e+001
 -7.5000000e-001  8.5000000e-001  1.1600000e+001
 -7.0000000e-001  8.5000000e-001  1.1600000e+001
 -6.5000000e-001  8.5000000e-001  1.1600000e+001
 -6.0000000e-001  8.5000000e-001  1.1700000e+001
 -5.5000000e-001  8.5000000e-001  1.1700000e+001
 -5.0000000e-001  8.5000000e-001  1.1700000e+001
 -4.5000000e-001  8.5000000e-001  1.1700000e+001
 -4.0000000e-001  8.5000000e-001  1.1800000e+001
 -3.5000000e-001  8.5000000e-001  1.1800000e+001
 -3.0000000e-001  8.5000000e-001  1.1800000e+001
 -2.5000000e-001  8.5000000e-001  1.1800000e+001
 -2.0000000e-001  8.5000000e-001  1.1900000e+001
 -1.5000000e-001  8.5000000e-001  1.1900000e+001
 -1.0000000e-001  8.5000000e-001  1.1900000e+001
 -5.0000000e-002  8.5000000e-001  1.1900000e+001
  0.0000000e+000  8.5000000e-001  1.2000000e+001
  5.0000000e-002  8.5000000e-001  1.2000000e+001
  1.0000000e-001  8.5000000e-001  1.2000000e+001
  1.5000000e-001  8.5000000e-001  1.2000000e+001
  2.0000000e-001  8.5000000e-001  1.2000000e+001
  2.5000000e-001  8.5000000e-001  1.2100000e+001
  3.0000000e-001  8.5000000e-001  1.2100000e+001
  3.5000000e-001  8.5000000e-001  1.2100000e+001
  4.0000000e-001  8.5000000e-001  1.2100000e+001
  4.5000000e-001  8.5000000e-001  1.2200000e+001
  5.0000000e-001  8.5000000e-001  1.2200000e+001
  5.5000000e-001  8.5000000e-001  1.2200000e+001
  6.0000000e-001  8.5000000e-001  1.2300000e+001
  6.5000000e-001  8.5000000e-001  1.2300000e+001
  7.0000000e-001  8.5000000e-001  1.2300000e+001
  7.5000000e-001  8.5000000e-001  1.2300000e+001
  8.0000000e-001  8.5000000e-001  1.2400000e+001
  8.5000000e-001  8.5000000e-001  1.2400000e+001
  9.0000000e-001  8.5000000e-001  1.2400000e+001
  9.5000000e-001  8.5000000e-001  1.2400000e+001
  1.0000000e+000  8.5000000e-001  1.2500000e+001
 -1.0000000e+000  9.0000000e-001  1.1500000e+001
 -9.5000000e-001  9.0000000e-001  1.1500000e+001
 -9.0000000e-001  9.0000000e-001  1.1500000e+001
 -8.5000000e-001  9.0000000e-001  1.1500000e+001
 -8.0000000e-001  9.0000000e-001  1.1600000e+001
 -7.5000000e-001  9.0000000e-001  1.1600000e+001
 -7.0000000e-001  9.0000000e-001  1.1600000e+001
 -6.5000000e-001  9.0000000e-001  1.1600000e+001
 -6.0000000e-001  9.0000000e-001  1.1700000e+001
 -5.5000000e-001  9.0000000e-001  1.1700000e+001
 -5.0000000e-001  9.0000000e-001  1.1700000e+001
 -4.5000000e-001  9.0000000e-001  1.1700000e+001
 -4.0000000e-001  9.0000000e-001  1.1800000e+001
 -3.5000000e-001  9.0000000e-001  1.1800000e+001
 -3.0000000e-001  9.0000000e-001  1.1800000e+001
 -2.5000000e-001  9.0000000e-001  1.1800000e+001
 -2.0000000e-001  9.0000000e-001  1.1900000e+001
 -1.5000000e-001  9.0000000e-001  1.1900000e+001
 -1.0000000e-001  9.0000000e-001  1.1900000e+001
 -5.0000000e-002  9.0000000e-001  1.1900000e+001
  0.0000000e+000  9.0000000e-001  1.2000000e+001
  5.0000000e-002  9.0000000e-001  1.2000000e+001
  1.0000000e-001  9.0000000e-001  1.2000000e+001
  1.5000000e-001  9.0000000e-001  1.2000000e+001
  2.0000000e-001  9.0000000e-001  1.2000000e+001
  2.5000000e-001  9.0000000e-001  1.2100000e+001
  3.0000000e-001  9.0000000e-001  1.2100000e+001
  3.5000000e-001  9.0000000e-001  1.2100000e+001
  4.0000000e-001  9.0000000e-001  1.2100000e+001
  4.5000000e-001  9.0000000e-001  1.2200000e+001
  5.0000000e-001  9.0000000e-001  1.2200000e+001
  5.5000000e-001  9.0000000e-001  1.2200000e+001
  6.0000000e-001  9.0000000e-001  1.2300000e+001
  6.5000000e-001  9.0000000e-001  1.2300000e+001
  7.0000000e-001  9.0000000e-001  1.2300000e+001
  7.5000000e-001  9.0000000e-001  1.2300000e+001
  8.0000000e-001  9.0000000e-001  1.2400000e+001
  8.5000000e-001  9.0000000e-001  1.2400000e+001
  9.0000000e-001  9.0000000e-001  1.2400000e+001
  9.5000000e-001  9.0000000e-001  1.2400000e+001
  1.0000000e+000  9.0000000e-001  1.2500000e+001
 -1.0000000e+000  9.5000000e-001  1.1500000e+001
 -9.5000000e-001  9.5000000e-001  1.1500000e+001
 -9.0000000e-001  9.5000000e-001  1.1500000e+001
 -8.5000000e-001  9.5000000e-001  1.1500000e+001
 -8.0000000e-001  9.5000000e-001  1.1600000e+001
 -7.5000000e-001  9.5000000e-001  1.1600000e+001
 -7.0000000e-001  9.5000000e-001  1.1600000e+001
 -6.5000000e-001  9.5000000e-001  1.1600000e+001
 -6.0000000e-001  9.5000000e-001  1.1700000e+001
 -5.5000000e-001  9.5000000e-001  1.1700000e+001
 -5.0000000e-001  9.5000000e-001  1.1700000e+001
 -4.5000000e-001  9.5000000e-001  1.1700000e+001
 -4.0000000e-001  9.5000000e-001  1.1800000e+001
 -3.5000000e-001  9.5000000e-001  1.1800000e+001
 -3.0000000e-001  9.5000000e-001  1.1800000e+001
 -2.5000000e-001  9.5000000e-001  1.1800000e+001
 -2.0000000e-001  9.5000000e-001  1.1900000e+001
 -1.5000000e-001  9.5000000e-001  1.1900000e+001
 -1.0000000e-001  9.5000000e-001  1.1900000e+001
 -5.0000000e-002  9.5000000e-001  1.1900000e+001
  0.0000000e+000  9.5000000e-001  1.2000000e+001
  5.0000000e-002  9.5000000e-001  1.2000000e+001
  1.0000000e-001  9.5000000e-001  1.2000000e+001
  1.5000000e-001  9.5000000e-001  1.2000000e+001
  2.0000000e-001  9.5000000e-001  1.2000000e+001
  2.5000000e-001  9.5000000e-001  1.2100000e+001
  3.0000000e-001  9.5000000e-001  1.2100000e+001
  3.5000000e-001  9.5000000e-001  1.2100000e+001
  4.0000000e-001  9.5000000e-001  1.2100000e+001
  4.5000000e-001  9.5000000e-001  1.2200000e+001
  5.0000000e-001  9.5000000e-001  1.2200000e+001
  5.5000000e-001  9.5000000e-001  1.2200000e+001
  6.0000000e-001  9.5000000e-001  1.2300000e+001
  6.5000000e-001  9.5000000e-001  1.2300000e+001
  7.0000000e-001  9.5000000e-001  1.2300000e+001
  7.5000000e-001  9.5000000e-001  1.2300000e+001
  8.0000000e-001  9.5000000e-001  1.2400000e+001
  8.5000000e-001  9.5000000e-001  1.2400000e+001
  9.0000000e-001  9.5000000e-001  1.2400000e+001
  9.5000000e-001  9.5000000e-001  1.2400000e+001
  1.0000000e+000  9.5000000e-001  1.2500000e+001
 -1.0000000e+000  1.0000000e+000  1.1545455e+001
 -9.5000000e-001  1.0000000e+000  1.1545455e+001
 -9.0000000e-001  1.0000000e+000  1.1545455e+001
 -8.5000000e-001  1.0000000e+000  1.1545455e+001
 -8.0000000e-001  1.0000000e+000  1.1636364e+001
 -7.5000000e-001  1.0000000e+000  1.1636364e+001
 -7.0000000e-001  1.0000000e+000  1.1636364e+001
 -6.5000000e-001  1.0000000e+000  1.1636364e+001
 -6.0000000e-001  1.0000000e+000  1.1727273e+001
 -5.5000000e-001  1.0000000e+000  1.1727273e+001
 -5.0000000e-001  1.0000000e+000  1.1727273e+001
 -4.5000000e-001  1.0000000e+000  1.1727273e+001
 -4.0000000e-001  1.0000000e+000  1.1818182e+001
 -3.5000000e-001  1.0000000e+000  1.1818182e+001
 -3.0000000e-001  1.0000000e+000  1.1818182e+001
 -2.5000000e-001  1.0000000e+000  1.1818182e+001
 -2.0000000e-001  1.0000000e+000  1.1909091e+001
 -1.5000000e-001  1.0000000e+000  1.1909091e+001
 -1.0000000e-001  1.0000000e+000  1.1909091e+001
 -5.0000000e-002  1.0000000e+000  1.1909091e+001
  0.0000000e+000  1.0000000e+000  1.2000000e+001
  5.0000000e-002  1.0000000e+000  1.2000000e+001
  1.0000000e-001  1.0000000e+000  1.2000000e+001
  1.5000000e-001  1.0000000e+000  1.2000000e+001
  2.0000000e-001  1.0000000e+000  1.2000000e+001
  2.5000000e-001  1.0000000e+000  1.2090909e+001
  3.0000000e-001  1.0000000e+000  1.2090909e+001
  3.5000000e-001  1.0000000e+000  1.2090909e+001
  4.0000000e-001  1.0000000e+000  1.2090909e+001
  4.5000000e-001  1.0000000e+000  1.2181818e+001
  5.0000000e-001  1.0000000e+000  1.2181818e+001
  5.5000000e-001  1.0000000e+000  1.2181818e+001
  6.0000000e-001  1.0000000e+000  1.2272727e+001
  6.5000000e-001  1.0000000e+000  1.2272727e+001
  7.0000000e-001  1.0000000e+000  1.2272727e+001
  7.5000000e-001  1.0000000e+000  1.2272727e+001
  8.0000000e-001  1.0000000e+000  1.2363636e+001
  8.5000000e-001  1.0000000e+000  1.2363636e+001
  9.0000000e-001  1.0000000e+000  1.2363636e+001
  9.5000000e-001  1.0000000e+000  1.2363636e+001
  1.0000000e+000  1.0000000e+000  1.2454545e+001
