  -2.4675325e-01   1.0000000e+00  -1.0000000e+00
   1.2987013e-02   1.0000000e+00  -1.0000000e+00
  -4.5454545e-01   9.5555556e-01  -1.0000000e+00
   2.7272727e-01   9.5555556e-01  -1.0000000e+00
   4.5454545e-01   8.6666667e-01  -1.0000000e+00
  -1.1688312e-01   8.2222222e-01  -8.1382979e-01
   9.0909091e-02   8.2222222e-01  -8.4042553e-01
  -7.6623377e-01   7.7777778e-01  -1.0000000e+00
  -3.7662338e-01   7.7777778e-01  -8.1382979e-01
   2.9870130e-01   7.7777778e-01  -8.6702128e-01
  -5.5844156e-01   7.3333333e-01  -8.9361702e-01
   6.1038961e-01   7.3333333e-01  -1.0000000e+00
  -2.2077922e-01   6.8888889e-01  -7.0744681e-01
  -3.8961039e-02   6.8888889e-01  -7.2340426e-01
   1.1688312e-01   6.4444444e-01  -6.8085106e-01
  -4.5454545e-01   6.0000000e-01  -7.6063830e-01
  -6.8831169e-01   5.5555556e-01  -8.5638298e-01
   2.9870130e-01   5.5555556e-01  -7.0744681e-01
   5.3246753e-01   5.5555556e-01  -8.5638298e-01
  -2.7272727e-01   5.1111111e-01  -4.8404255e-01
  -1.6883117e-01   5.1111111e-01  -3.8829787e-01
  -6.4935065e-02   5.1111111e-01  -4.0957447e-01
   3.8961039e-02   5.1111111e-01  -4.6808511e-01
  -9.4805195e-01   4.6666667e-01  -1.0000000e+00
   7.6623377e-01   4.6666667e-01  -1.0000000e+00
  -3.2467532e-01   4.2222222e-01  -4.1489362e-01
  -2.2077922e-01   4.2222222e-01  -3.3510638e-01
  -1.1688312e-01   4.2222222e-01  -2.5531915e-01
  -1.2987013e-02   4.2222222e-01  -3.3510638e-01
   9.0909091e-02   4.2222222e-01  -3.8829787e-01
   1.6883117e-01   4.2222222e-01  -4.5212766e-01
  -5.5844156e-01   3.7777778e-01  -6.7021277e-01
   5.0649351e-01   3.7777778e-01  -7.4202128e-01
  -3.7662338e-01   3.3333333e-01  -4.2553191e-01
  -2.7272727e-01   3.3333333e-01  -2.6861702e-01
  -1.6883117e-01   3.3333333e-01  -1.2234043e-01
  -6.4935065e-02   3.3333333e-01  -1.2234043e-01
   3.8961039e-02   3.3333333e-01  -1.0904255e-01
   1.1688312e-01   3.3333333e-01  -3.0851064e-01
   6.6233766e-01   3.3333333e-01  -9.0425532e-01
  -8.1818182e-01   2.4444444e-01  -8.2446809e-01
  -4.2857143e-01   2.4444444e-01  -3.0851064e-01
  -3.2467532e-01   2.4444444e-01  -9.5744681e-02
  -2.2077922e-01   2.4444444e-01   1.0638298e-02
  -1.1688312e-01   2.4444444e-01   9.3085106e-02
  -1.2987013e-02   2.4444444e-01   1.5425532e-01
   6.4935065e-02   2.4444444e-01  -4.2553191e-02
   1.6883117e-01   2.4444444e-01  -2.9521277e-01
   2.7272727e-01   2.4444444e-01  -4.0159574e-01
  -6.1038961e-01   2.0000000e-01  -5.7446809e-01
  -2.9870130e-01   2.0000000e-01   1.3829787e-01
  -2.4675325e-01   2.0000000e-01   1.4361702e-01
  -1.9480519e-01   2.0000000e-01   3.2446809e-01
  -1.4285714e-01   2.0000000e-01   2.3936170e-01
  -9.0909091e-02   2.0000000e-01   2.5000000e-01
  -3.8961039e-02   2.0000000e-01   3.2978723e-01
   1.2987013e-02   2.0000000e-01   1.3829787e-01
   6.1038961e-01   2.0000000e-01  -8.4042553e-01
   8.4415584e-01   2.0000000e-01  -1.0000000e+00
  -4.8051948e-01   1.5555556e-01  -3.0851064e-01
  -3.7662338e-01   1.5555556e-01  -1.0638298e-01
  -3.2467532e-01   1.5555556e-01   2.2340426e-01
  -2.7272727e-01   1.5555556e-01   3.2978723e-01
  -2.2077922e-01   1.5555556e-01   4.7340426e-01
  -1.9480519e-01   1.5555556e-01   5.5585106e-01
  -1.6883117e-01   1.5555556e-01   5.4255319e-01
  -1.1688312e-01   1.5555556e-01   3.8297872e-01
  -6.4935065e-02   1.5555556e-01   5.2925532e-01
  -1.2987013e-02   1.5555556e-01   3.1382979e-01
   3.8961039e-02   1.5555556e-01   1.3031915e-01
   9.0909091e-02   1.5555556e-01   9.0425532e-02
   2.2077922e-01   1.5555556e-01  -3.0319149e-01
   3.7662338e-01   1.5555556e-01  -5.7446809e-01
  -2.2077922e-01   1.3333333e-01   6.4893617e-01
  -1.9480519e-01   1.3333333e-01   6.6223404e-01
  -1.6883117e-01   1.3333333e-01   6.4893617e-01
  -6.4935065e-02   1.3333333e-01   6.6223404e-01
  -3.5064935e-01   1.1111111e-01   6.3829787e-02
  -2.9870130e-01   1.1111111e-01   2.6329787e-01
  -2.4675325e-01   1.1111111e-01   5.4787234e-01
  -2.2077922e-01   1.1111111e-01   6.8882979e-01
  -1.9480519e-01   1.1111111e-01   8.0851064e-01
  -1.6883117e-01   1.1111111e-01   8.0851064e-01
  -1.4285714e-01   1.1111111e-01   6.7553191e-01
  -1.1688312e-01   1.1111111e-01   5.2925532e-01
  -9.0909091e-02   1.1111111e-01   6.3563830e-01
  -6.4935065e-02   1.1111111e-01   7.5531915e-01
  -3.8961039e-02   1.1111111e-01   5.6914894e-01
   1.2987013e-02   1.1111111e-01   2.8989362e-01
   6.4935065e-02   1.1111111e-01   2.7659574e-01
   1.1688312e-01   1.1111111e-01   1.3829787e-01
  -2.2077922e-01   8.8888889e-02   6.6223404e-01
  -1.9480519e-01   8.8888889e-02   8.3510638e-01
  -1.6883117e-01   8.8888889e-02   8.8829787e-01
  -1.4285714e-01   8.8888889e-02   7.1808511e-01
  -1.1688312e-01   8.8888889e-02   6.3563830e-01
  -9.0909091e-02   8.8888889e-02   7.8191489e-01
  -6.4935065e-02   8.8888889e-02   7.8191489e-01
  -5.3246753e-01   6.6666667e-02  -3.6170213e-01
  -4.2857143e-01   6.6666667e-02  -1.3031915e-01
  -3.2467532e-01   6.6666667e-02   2.7659574e-01
  -2.7272727e-01   6.6666667e-02   3.4042553e-01
  -2.2077922e-01   6.6666667e-02   6.4893617e-01
  -1.9480519e-01   6.6666667e-02   7.1542553e-01
  -1.6883117e-01   6.6666667e-02   9.4148936e-01
  -1.4285714e-01   6.6666667e-02   7.8191489e-01
  -1.1688312e-01   6.6666667e-02   7.0212766e-01
  -9.0909091e-02   6.6666667e-02   8.3510638e-01
  -6.4935065e-02   6.6666667e-02   7.5531915e-01
  -3.8961039e-02   6.6666667e-02   5.6914894e-01
  -1.2987013e-02   6.6666667e-02   5.3191489e-01
   1.2987013e-02   6.6666667e-02   4.8936170e-01
   3.8961039e-02   6.6666667e-02   4.6808511e-01
   9.0909091e-02   6.6666667e-02   2.7659574e-01
   1.6883117e-01   6.6666667e-02  -1.0904255e-01
   2.7272727e-01   6.6666667e-02  -5.2127660e-01
  -2.2077922e-01   4.4444444e-02   5.6914894e-01
  -1.9480519e-01   4.4444444e-02   7.0212766e-01
  -1.6883117e-01   4.4444444e-02   9.1489362e-01
  -1.4285714e-01   4.4444444e-02   8.5106383e-01
  -1.1688312e-01   4.4444444e-02   8.6170213e-01
  -9.0909091e-02   4.4444444e-02   9.3085106e-01
  -6.4935065e-02   4.4444444e-02   7.5531915e-01
  -3.8961039e-02   4.4444444e-02   6.4893617e-01
  -1.2987013e-02   4.4444444e-02   7.2872340e-01
   1.2987013e-02   4.4444444e-02   6.4893617e-01
  -1.0000000e+00   2.2222222e-02  -1.0000000e+00
  -7.1428571e-01   2.2222222e-02  -6.8085106e-01
  -3.5064935e-01   2.2222222e-02   3.7234043e-02
  -2.9870130e-01   2.2222222e-02   2.2872340e-01
  -2.4675325e-01   2.2222222e-02   4.3617021e-01
  -1.9480519e-01   2.2222222e-02   7.0212766e-01
  -1.6883117e-01   2.2222222e-02   9.0159574e-01
  -1.4285714e-01   2.2222222e-02   9.4148936e-01
  -1.1688312e-01   2.2222222e-02   9.4680851e-01
  -9.0909091e-02   2.2222222e-02   9.1489362e-01
  -6.4935065e-02   2.2222222e-02   8.3510638e-01
  -3.8961039e-02   2.2222222e-02   7.0212766e-01
  -1.2987013e-02   2.2222222e-02   7.5531915e-01
   1.2987013e-02   2.2222222e-02   7.2872340e-01
   6.4935065e-02   2.2222222e-02   3.1382979e-01
  -2.2077922e-01   2.2222222e-02   6.4893617e-01
  -1.9480519e-01   0.0000000e+00   8.0851064e-01
  -1.6883117e-01   0.0000000e+00   9.4148936e-01
  -1.4285714e-01   0.0000000e+00   9.5744681e-01
  -1.1688312e-01   0.0000000e+00   9.6542553e-01
  -9.0909091e-02   0.0000000e+00   9.5212766e-01
  -6.4935065e-02   0.0000000e+00   8.8829787e-01
  -3.8961039e-02   0.0000000e+00   8.6170213e-01
  -1.2987013e-02   0.0000000e+00   7.9521277e-01
   1.2987013e-02   0.0000000e+00   7.1808511e-01
  -5.8441558e-01  -2.2222222e-02  -4.8138298e-01
  -4.8051948e-01  -2.2222222e-02  -2.6329787e-01
  -3.7662338e-01  -2.2222222e-02  -5.8510638e-02
  -3.2467532e-01  -2.2222222e-02   1.8351064e-01
  -2.7272727e-01  -2.2222222e-02   5.2925532e-01
  -2.4675325e-01  -2.2222222e-02   7.2872340e-01
  -2.2077922e-01  -2.2222222e-02   8.2180851e-01
  -1.9480519e-01  -2.2222222e-02   8.8829787e-01
  -1.6883117e-01  -2.2222222e-02   9.5212766e-01
  -1.4285714e-01  -2.2222222e-02   9.8936170e-01
  -1.1688312e-01  -2.2222222e-02   9.9468085e-01
  -9.0909091e-02  -2.2222222e-02   9.6808511e-01
  -6.4935065e-02  -2.2222222e-02   9.4148936e-01
  -3.8961039e-02  -2.2222222e-02   8.6968085e-01
  -1.2987013e-02  -2.2222222e-02   7.9521277e-01
   1.2987013e-02  -2.2222222e-02   6.4893617e-01
   3.8961039e-02  -2.2222222e-02   4.6276596e-01
   9.0909091e-02  -2.2222222e-02   1.1702128e-01
   2.2077922e-01  -2.2222222e-02  -3.3510638e-01
   3.2467532e-01  -2.2222222e-02  -5.3723404e-01
   5.3246753e-01  -2.2222222e-02  -7.5000000e-01
   7.6623377e-01  -2.2222222e-02  -8.8031915e-01
  -2.4675325e-01  -4.4444444e-02   7.5531915e-01
  -2.2077922e-01  -4.4444444e-02   8.3510638e-01
  -1.9480519e-01  -4.4444444e-02   8.6702128e-01
  -1.6883117e-01  -4.4444444e-02   9.4414894e-01
  -1.4285714e-01  -4.4444444e-02   9.4414894e-01
  -1.1688312e-01  -4.4444444e-02   1.0000000e+00
  -9.0909091e-02  -4.4444444e-02   9.1489362e-01
  -6.4935065e-02  -4.4444444e-02   8.6276596e-01
  -3.8961039e-02  -4.4444444e-02   8.0851064e-01
  -1.2987013e-02  -4.4444444e-02   7.2872340e-01
  -2.9870130e-01  -6.6666667e-02   3.5638298e-01
  -2.4675325e-01  -6.6666667e-02   6.2234043e-01
  -2.2077922e-01  -6.6666667e-02   7.2872340e-01
  -1.9480519e-01  -6.6666667e-02   8.0851064e-01
  -1.6883117e-01  -6.6666667e-02   8.5372340e-01
  -1.4285714e-01  -6.6666667e-02   8.4574468e-01
  -1.1688312e-01  -6.6666667e-02   9.6276596e-01
  -9.0909091e-02  -6.6666667e-02   8.6170213e-01
  -6.4935065e-02  -6.6666667e-02   8.0851064e-01
  -3.8961039e-02  -6.6666667e-02   7.0744681e-01
  -1.2987013e-02  -6.6666667e-02   6.2234043e-01
   1.2987013e-02  -6.6666667e-02   5.6914894e-01
   6.4935065e-02  -6.6666667e-02   4.0957447e-01
  -2.2077922e-01  -8.8888889e-02   6.7553191e-01
  -1.9480519e-01  -8.8888889e-02   7.2872340e-01
  -1.6883117e-01  -8.8888889e-02   7.4202128e-01
  -1.4285714e-01  -8.8888889e-02   7.6861702e-01
  -1.1688312e-01  -8.8888889e-02   8.7500000e-01
  -9.0909091e-02  -8.8888889e-02   8.3510638e-01
  -6.4935065e-02  -8.8888889e-02   7.0212766e-01
  -8.4415584e-01  -1.1111111e-01  -8.9361702e-01
  -5.3246753e-01  -1.1111111e-01  -7.0744681e-01
  -4.2857143e-01  -1.1111111e-01  -2.8723404e-01
  -3.2467532e-01  -1.1111111e-01   1.1702128e-01
  -2.7272727e-01  -1.1111111e-01   3.2978723e-01
  -2.2077922e-01  -1.1111111e-01   5.9574468e-01
  -1.9480519e-01  -1.1111111e-01   6.4893617e-01
  -1.6883117e-01  -1.1111111e-01   6.6223404e-01
  -1.4285714e-01  -1.1111111e-01   7.5531915e-01
  -1.1688312e-01  -1.1111111e-01   7.5531915e-01
  -9.0909091e-02  -1.1111111e-01   7.6861702e-01
  -6.4935065e-02  -1.1111111e-01   6.6223404e-01
  -1.2987013e-02  -1.1111111e-01   5.4255319e-01
   3.8961039e-02  -1.1111111e-01   3.8297872e-01
   9.0909091e-02  -1.1111111e-01   3.2978723e-01
   1.6883117e-01  -1.1111111e-01  -6.9148936e-02
   2.7272727e-01  -1.1111111e-01  -3.4840426e-01
   3.7662338e-01  -1.1111111e-01  -5.4787234e-01
  -2.9870130e-01  -1.5555556e-01   9.0425532e-02
  -2.4675325e-01  -1.5555556e-01   2.7659574e-01
  -1.9480519e-01  -1.5555556e-01   4.6276596e-01
  -1.4285714e-01  -1.5555556e-01   5.5585106e-01
  -9.0909091e-02  -1.5555556e-01   5.2925532e-01
  -3.8961039e-02  -1.5555556e-01   4.4680851e-01
   1.2987013e-02  -1.5555556e-01   3.6702128e-01
   6.4935065e-02  -1.5555556e-01   1.9680851e-01
  -6.6233766e-01  -2.0000000e-01  -7.0744681e-01
  -4.8051948e-01  -2.0000000e-01  -5.0797872e-01
  -3.7662338e-01  -2.0000000e-01  -2.6861702e-01
  -2.7272727e-01  -2.0000000e-01   9.0425532e-02
  -2.2077922e-01  -2.0000000e-01   2.7659574e-01
  -1.6883117e-01  -2.0000000e-01   4.0957447e-01
  -1.1688312e-01  -2.0000000e-01   2.5000000e-01
  -6.4935065e-02  -2.0000000e-01   3.0319149e-01
  -1.2987013e-02  -2.0000000e-01   2.3404255e-01
   3.8961039e-02  -2.0000000e-01   1.9680851e-01
   9.0909091e-02  -2.0000000e-01   6.3829787e-02
   2.2077922e-01  -2.0000000e-01  -2.2872340e-01
   3.2467532e-01  -2.0000000e-01  -4.5212766e-01
   4.2857143e-01  -2.0000000e-01  -6.0106383e-01
   6.6233766e-01  -2.0000000e-01  -6.8085106e-01
   9.7402597e-01  -2.0000000e-01  -1.0000000e+00
  -2.4675325e-01  -2.4444444e-01   1.1702128e-01
  -1.9480519e-01  -2.4444444e-01   2.8191489e-01
  -1.4285714e-01  -2.4444444e-01   5.0531915e-02
  -9.0909091e-02  -2.4444444e-01   5.0531915e-02
  -3.8961039e-02  -2.4444444e-01   1.1702128e-01
   1.2987013e-02  -2.4444444e-01   6.3829787e-02
  -8.9610390e-01  -2.8888889e-01  -1.0000000e+00
  -4.2857143e-01  -2.8888889e-01  -4.6276596e-01
  -3.2467532e-01  -2.8888889e-01  -1.6223404e-01
  -2.2077922e-01  -2.8888889e-01   1.4361702e-01
  -1.1688312e-01  -2.8888889e-01  -1.0904255e-01
  -1.2987013e-02  -2.8888889e-01  -1.5957447e-02
   6.4935065e-02  -2.8888889e-01  -9.5744681e-02
   1.6883117e-01  -2.8888889e-01  -2.3936170e-01
   2.7272727e-01  -2.8888889e-01  -3.6170213e-01
   3.7662338e-01  -2.8888889e-01  -5.4787234e-01
  -5.5844156e-01  -3.7777778e-01  -7.2074468e-01
  -3.7662338e-01  -3.7777778e-01  -3.9893617e-01
  -2.7272727e-01  -3.7777778e-01  -2.2872340e-01
  -1.6883117e-01  -3.7777778e-01  -3.6170213e-01
  -6.4935065e-02  -3.7777778e-01  -2.9521277e-01
   1.2987013e-02  -3.7777778e-01  -2.1542553e-01
   1.1688312e-01  -3.7777778e-01  -2.9255319e-01
   2.2077922e-01  -3.7777778e-01  -4.3617021e-01
   3.2467532e-01  -3.7777778e-01  -4.7340426e-01
   5.5844156e-01  -3.7777778e-01  -7.5000000e-01
   8.1818182e-01  -3.7777778e-01  -8.9361702e-01
  -3.8961039e-02  -4.6666667e-01  -4.6808511e-01
   6.4935065e-02  -4.6666667e-01  -4.0957447e-01
  -7.4025974e-01  -5.5555556e-01  -1.0000000e+00
  -5.0649351e-01  -5.5555556e-01  -8.4042553e-01
  -3.2467532e-01  -5.5555556e-01  -7.3404255e-01
  -1.4285714e-01  -5.5555556e-01  -6.7021277e-01
   1.2987013e-02  -5.5555556e-01  -5.5851064e-01
   2.2077922e-01  -5.5555556e-01  -5.5851064e-01
   4.8051948e-01  -5.5555556e-01  -7.2606383e-01
   7.4025974e-01  -5.5555556e-01  -8.7500000e-01
   1.0000000e+00  -5.5555556e-01  -1.0000000e+00
  -2.4675325e-01  -6.8888889e-01  -8.7234043e-01
  -4.5454545e-01  -7.7777778e-01  -1.0000000e+00
  -3.8961039e-02  -7.7777778e-01  -8.4042553e-01
   1.6883117e-01  -7.7777778e-01  -7.8723404e-01
   3.7662338e-01  -7.7777778e-01  -8.1382979e-01
   5.8441558e-01  -7.7777778e-01  -8.9361702e-01
   8.4415584e-01  -8.6666667e-01  -1.0000000e+00
  -1.4285714e-01  -9.1111111e-01  -1.0000000e+00
   6.4935065e-02  -1.0000000e+00  -1.0000000e+00
   2.7272727e-01  -1.0000000e+00  -1.0000000e+00
   4.8051948e-01  -1.0000000e+00  -1.0000000e+00
