  -1.0000000e+00  -1.0000000e+00  -2.9979564e+01  -1.0622487e+07
  -1.0000000e+00  -8.9473684e-01  -2.9257408e+01  -9.5594297e+01
  -1.0000000e+00  -7.8947368e-01  -2.7178949e+01  -4.0284129e+01
  -1.0000000e+00  -6.8421053e-01  -2.3992611e+01  -1.9470230e+01
  -1.0000000e+00  -5.7894737e-01  -2.0064094e+01  -8.1937267e+00
  -1.0000000e+00  -4.7368421e-01  -1.5814848e+01  -1.5208513e+00
  -1.0000000e+00  -3.6842105e-01  -1.1655114e+01   2.2779660e+00
  -1.0000000e+00  -2.6315789e-01  -7.9249110e+00   4.1054385e+00
  -1.0000000e+00  -1.5789474e-01  -4.8537368e+00   4.5924724e+00
  -1.0000000e+00  -5.2631579e-02  -2.5447996e+00   4.2435559e+00
  -1.0000000e+00   5.2631579e-02  -9.8373526e-01   3.4647022e+00
  -1.0000000e+00   1.5789474e-01  -6.6495129e-02   2.5602822e+00
  -1.0000000e+00   2.6315789e-01   3.6234202e-01   1.7300269e+00
  -1.0000000e+00   3.6842105e-01   4.7052191e-01   1.0768711e+00
  -1.0000000e+00   4.7368421e-01   4.0652538e-01   6.2628404e-01
  -1.0000000e+00   5.7894737e-01   2.8041271e-01   3.5261247e-01
  -1.0000000e+00   6.8421053e-01   1.5819547e-01   2.0615574e-01
  -1.0000000e+00   7.8947368e-01   6.7394282e-02   1.3536029e-01
  -1.0000000e+00   8.9473684e-01   9.2750501e-03   1.0073858e-01
  -1.0000000e+00   1.0000000e+00  -2.7289961e-02   7.9884425e-02
  -8.0000000e-01  -1.0000000e+00  -2.9979564e+01  -9.3865664e+06
  -8.0000000e-01  -8.9473684e-01  -2.9144757e+01  -8.3418280e+01
  -8.0000000e-01  -7.8947368e-01  -2.6753931e+01  -3.3646700e+01
  -8.0000000e-01  -6.8421053e-01  -2.3125680e+01  -1.4638921e+01
  -8.0000000e-01  -5.7894737e-01  -1.8722645e+01  -4.4070833e+00
  -8.0000000e-01  -4.7368421e-01  -1.4066011e+01   1.4088286e+00
  -8.0000000e-01  -3.6842105e-01  -9.6451260e+00   4.3989081e+00
  -8.0000000e-01  -2.6315789e-01  -5.8418632e+00   5.4646456e+00
  -8.0000000e-01  -1.5789474e-01  -2.8844488e+00   5.2824582e+00
  -8.0000000e-01  -5.2631579e-02  -8.3719262e-01   4.4052333e+00
  -8.0000000e-01   5.2631579e-02   3.7658826e-01   3.2668805e+00
  -8.0000000e-01   1.5789474e-01   9.2864305e-01   2.1703320e+00
  -8.0000000e-01   2.6315789e-01   1.0310155e+00   1.2872495e+00
  -8.0000000e-01   3.6842105e-01   8.8636796e-01   6.7619868e-01
  -8.0000000e-01   4.7368421e-01   6.5354219e-01   3.1513861e-01
  -8.0000000e-01   5.7894737e-01   4.3267489e-01   1.3919497e-01
  -8.0000000e-01   6.8421053e-01   2.6827876e-01   7.4331285e-02
  -8.0000000e-01   7.8947368e-01   1.6439545e-01   6.0319788e-02
  -8.0000000e-01   8.9473684e-01   1.0417232e-01   6.0690644e-02
  -8.0000000e-01   1.0000000e+00   6.7035405e-02   6.1437323e-02
  -6.0000000e-01  -1.0000000e+00  -2.9979564e+01  -8.4691081e+06
  -6.0000000e-01  -8.9473684e-01  -2.9021685e+01  -7.4262873e+01
  -6.0000000e-01  -7.8947368e-01  -2.6292994e+01  -2.8528563e+01
  -6.0000000e-01  -6.8421053e-01  -2.2197236e+01  -1.0859263e+01
  -6.0000000e-01  -5.7894737e-01  -1.7312157e+01  -1.4796844e+00
  -6.0000000e-01  -4.7368421e-01  -1.2272663e+01   3.5608803e+00
  -6.0000000e-01  -3.6842105e-01  -7.6511786e+00   5.7832159e+00
  -6.0000000e-01  -2.6315789e-01  -3.8633041e+00   6.1284764e+00
  -6.0000000e-01  -1.5789474e-01  -1.1181941e+00   5.3413311e+00
  -6.0000000e-01  -5.2631579e-02   5.8033298e-01   4.0295381e+00
  -6.0000000e-01   5.2631579e-02   1.3896256e+00   2.6475434e+00
  -6.0000000e-01   1.5789474e-01   1.5586707e+00   1.4807189e+00
  -6.0000000e-01   2.6315789e-01   1.3546925e+00   6.5453056e-01
  -6.0000000e-01   3.6842105e-01   1.0045746e+00   1.6936386e-01
  -6.0000000e-01   4.7368421e-01   6.6218160e-01  -4.9975238e-02
  -6.0000000e-01   5.7894737e-01   4.0323387e-01  -1.0466481e-01
  -6.0000000e-01   6.8421053e-01   2.4134235e-01  -8.4292847e-02
  -6.0000000e-01   7.8947368e-01   1.5436434e-01  -4.7386658e-02
  -6.0000000e-01   8.9473684e-01   1.1011278e-01  -1.9381171e-02
  -6.0000000e-01   1.0000000e+00   8.3787391e-02  -2.3289287e-03
  -4.0000000e-01  -1.0000000e+00  -2.9979564e+01  -7.7334934e+06
  -4.0000000e-01  -8.9473684e-01  -2.8888273e+01  -6.6832345e+01
  -4.0000000e-01  -7.8947368e-01  -2.5797332e+01  -2.4286220e+01
  -4.0000000e-01  -6.8421053e-01  -2.1212586e+01  -7.7082478e+00
  -4.0000000e-01  -5.7894737e-01  -1.5846560e+01   9.0057636e-01
  -4.0000000e-01  -4.7368421e-01  -1.0461331e+01   5.1847191e+00
  -4.0000000e-01  -3.6842105e-01  -5.7131555e+00   6.6471421e+00
  -4.0000000e-01  -2.6315789e-01  -2.0381688e+00   6.3007667e+00
  -4.0000000e-01  -1.5789474e-01   3.9629282e-01   4.9737025e+00
  -4.0000000e-01  -5.2631579e-02   1.6710566e+00   3.3267466e+00
  -4.0000000e-01   5.2631579e-02   2.0412303e+00   1.8194322e+00
  -4.0000000e-01   1.5789474e-01   1.8376616e+00   6.9763281e-01
  -4.0000000e-01   2.6315789e-01   1.3744747e+00   2.0630207e-02
  -4.0000000e-01   3.6842105e-01   8.8587644e-01  -2.8081031e-01
  -4.0000000e-01   4.7368421e-01   5.0207755e-01  -3.3541301e-01
  -4.0000000e-01   5.7894737e-01   2.6033005e-01  -2.7195922e-01
  -4.0000000e-01   6.8421053e-01   1.3741268e-01  -1.8282449e-01
  -4.0000000e-01   7.8947368e-01   8.6847963e-02  -1.1351992e-01
  -4.0000000e-01   8.9473684e-01   6.7390578e-02  -7.2203268e-02
  -4.0000000e-01   1.0000000e+00   5.6368503e-02  -4.8335684e-02
  -2.0000000e-01  -1.0000000e+00  -2.9979564e+01  -7.1238804e+06
  -2.0000000e-01  -8.9473684e-01  -2.8744608e+01  -6.0597786e+01
  -2.0000000e-01  -7.8947368e-01  -2.5268225e+01  -2.0658701e+01
  -2.0000000e-01  -6.8421053e-01  -2.0177330e+01  -5.0165924e+00
  -2.0000000e-01  -5.7894737e-01  -1.4340172e+01   2.8576027e+00
  -2.0000000e-01  -4.7368421e-01  -8.6582539e+00   6.3823715e+00
  -2.0000000e-01  -3.6842105e-01  -3.8683319e+00   7.0880504e+00
  -2.0000000e-01  -2.6315789e-01  -4.0823093e-01   6.0869979e+00
  -2.0000000e-01  -1.5789474e-01   1.6239177e+00   4.2995794e+00
  -2.0000000e-01  -5.2631579e-02   2.4188817e+00   2.4297617e+00
  -2.0000000e-01   5.2631579e-02   2.3431996e+00   9.1936769e-01
  -2.0000000e-01   1.5789474e-01   1.8072509e+00  -5.1112465e-02
  -2.0000000e-01   2.6315789e-01   1.1560122e+00  -5.0763597e-01
  -2.0000000e-01   3.6842105e-01   6.0863805e-01  -5.9527580e-01
  -2.0000000e-01   4.7368421e-01   2.5181682e-01  -4.8957521e-01
  -2.0000000e-01   5.7894737e-01   7.3339689e-02  -3.3230635e-01
  -2.0000000e-01   6.8421053e-01   1.2612713e-02  -2.0331390e-01
  -2.0000000e-01   7.8947368e-01   5.6723748e-03  -1.2491327e-01
  -2.0000000e-01   8.9473684e-01   1.1018739e-02  -8.5075505e-02
  -2.0000000e-01   1.0000000e+00   1.4087130e-02  -6.3216891e-02
   0.0000000e+00  -1.0000000e+00  -2.9979564e+01  -6.6080175e+06
   0.0000000e+00  -8.9473684e-01  -2.8590783e+01  -5.5254012e+01
   0.0000000e+00  -7.8947368e-01  -2.4707037e+01  -1.7496273e+01
   0.0000000e+00  -6.8421053e-01  -1.9097321e+01  -2.6881513e+00
   0.0000000e+00  -5.7894737e-01  -1.2807528e+01   4.4622597e+00
   0.0000000e+00  -4.7368421e-01  -6.8889117e+00   7.2162058e+00
   0.0000000e+00  -3.6842105e-01  -2.1504504e+00   7.1734338e+00
   0.0000000e+00  -2.6315789e-01   9.9317453e-01   5.5692155e+00
   0.0000000e+00  -1.5789474e-01   2.5443089e+00   3.4178235e+00
   0.0000000e+00  -5.2631579e-02   2.8281918e+00   1.4480107e+00
   0.0000000e+00   5.2631579e-02   2.3306634e+00   5.4538127e-02
   0.0000000e+00   1.5789474e-01   1.5306366e+00  -6.7506134e-01
   0.0000000e+00   2.6315789e-01   7.8005719e-01  -8.6709176e-01
   0.0000000e+00   3.6842105e-01   2.5697479e-01  -7.4097542e-01
   0.0000000e+00   4.7368421e-01  -1.3592650e-02  -5.0444769e-01
   0.0000000e+00   5.7894737e-01  -9.8584339e-02  -2.9289439e-01
   0.0000000e+00   6.8421053e-01  -8.9916086e-02  -1.5815917e-01
   0.0000000e+00   7.8947368e-01  -5.7806023e-02  -9.2628061e-02
   0.0000000e+00   8.9473684e-01  -3.4409236e-02  -6.5553743e-02
   0.0000000e+00   1.0000000e+00  -2.2119971e-02  -5.1543128e-02
   2.0000000e-01  -1.0000000e+00  -2.9979564e+01  -6.1646888e+06
   2.0000000e-01  -8.9473684e-01  -2.8426900e+01  -5.0600423e+01
   2.0000000e-01  -7.8947368e-01  -2.4115210e+01  -1.4701043e+01
   2.0000000e-01  -6.8421053e-01  -1.7978624e+01  -6.6049732e-01
   2.0000000e-01  -5.7894737e-01  -1.1263202e+01   5.7617319e+00
   2.0000000e-01  -4.7368421e-01  -5.1775678e+00   7.7320566e+00
   2.0000000e-01  -3.6842105e-01  -5.8891350e-01   6.9594197e+00
   2.0000000e-01  -2.6315789e-01   2.1420720e+00   4.8205041e+00
   2.0000000e-01  -1.5789474e-01   3.1521249e+00   2.4168548e+00
   2.0000000e-01  -5.2631579e-02   2.9224114e+00   4.7490499e-01
   2.0000000e-01   5.2631579e-02   2.0577786e+00  -6.9208865e-01
   2.0000000e-01   1.5789474e-01   1.0849214e+00  -1.1159147e+00
   2.0000000e-01   2.6315789e-01   3.3205537e-01  -1.0312579e+00
   2.0000000e-01   3.6842105e-01  -9.0765479e-02  -7.2087151e-01
   2.0000000e-01   4.7368421e-01  -2.3329783e-01  -4.0255776e-01
   2.0000000e-01   5.7894737e-01  -2.1459084e-01  -1.8354921e-01
   2.0000000e-01   6.8421053e-01  -1.4518331e-01  -7.5036662e-02
   2.0000000e-01   7.8947368e-01  -8.7669976e-02  -3.8151815e-02
   2.0000000e-01   8.9473684e-01  -5.6641546e-02  -2.9407406e-02
   2.0000000e-01   1.0000000e+00  -4.1330479e-02  -2.5295307e-02
   4.0000000e-01  -1.0000000e+00  -2.9979564e+01  -5.7789932e+06
   4.0000000e-01  -8.9473684e-01  -2.8253065e+01  -4.6496231e+01
   4.0000000e-01  -7.8947368e-01  -2.3494261e+01  -1.2204687e+01
   4.0000000e-01  -6.8421053e-01  -1.6827475e+01   1.1098112e+00
   4.0000000e-01  -5.7894737e-01  -9.7216427e+00   6.7904216e+00
   4.0000000e-01  -4.7368421e-01  -3.5468440e+00   7.9676038e+00
   4.0000000e-01  -3.6842105e-01   7.9188569e-01   6.4969851e+00
   4.0000000e-01  -2.6315789e-01   3.0243799e+00   3.9089705e+00
   4.0000000e-01  -1.5789474e-01   3.4565915e+00   1.3764104e+00
   4.0000000e-01  -5.2631579e-02   2.7414094e+00  -4.1204357e-01
   4.0000000e-01   5.2631579e-02   1.5921538e+00  -1.2619162e+00
   4.0000000e-01   1.5789474e-01   5.5263838e-01  -1.3460713e+00
   4.0000000e-01   2.6315789e-01  -1.0794604e-01  -1.0056669e+00
   4.0000000e-01   3.6842105e-01  -3.7161367e-01  -5.6550078e-01
   4.0000000e-01   4.7368421e-01  -3.6774221e-01  -2.2566207e-01
   4.0000000e-01   5.7894737e-01  -2.5586227e-01  -4.4440498e-02
   4.0000000e-01   6.8421053e-01  -1.4712519e-01   1.4487093e-02
   4.0000000e-01   7.8947368e-01  -8.2619428e-02   1.6097485e-02
   4.0000000e-01   8.9473684e-01  -5.4654069e-02   7.0937779e-03
   4.0000000e-01   1.0000000e+00  -4.1800848e-02   2.6494172e-03
   6.0000000e-01  -1.0000000e+00  -2.9979564e+01  -5.4400220e+06
   6.0000000e-01  -8.9473684e-01  -2.8069391e+01  -4.2838450e+01
   6.0000000e-01  -7.8947368e-01  -2.2845776e+01  -9.9575157e+00
   6.0000000e-01  -6.8421053e-01  -1.5650240e+01   2.6544466e+00
   6.0000000e-01  -5.7894737e-01  -8.1969974e+00   7.5752374e+00
   6.0000000e-01  -4.7368421e-01  -2.0173344e+00   7.9562673e+00
   6.0000000e-01  -3.6842105e-01   1.9730761e+00   5.8344315e+00
   6.0000000e-01  -2.6315789e-01   3.6360463e+00   2.8985970e+00
   6.0000000e-01  -1.5789474e-01   3.4803149e+00   3.6688352e-01
   6.0000000e-01  -5.2631579e-02   2.3379623e+00  -1.1525587e+00
   6.0000000e-01   5.2631579e-02   1.0085204e+00  -1.6211245e+00
   6.0000000e-01   1.5789474e-01   1.3349711e-02  -1.3662879e+00
   6.0000000e-01   2.6315789e-01  -4.7389928e-01  -8.2168220e-01
   6.0000000e-01   3.6842105e-01  -5.4450509e-01  -3.2329689e-01
   6.0000000e-01   4.7368421e-01  -4.0156388e-01  -2.3310347e-02
   6.0000000e-01   5.7894737e-01  -2.2482923e-01   8.4865148e-02
   6.0000000e-01   6.8421053e-01  -1.0544707e-01   8.3829733e-02
   6.0000000e-01   7.8947368e-01  -5.2175766e-02   5.3310273e-02
   6.0000000e-01   8.9473684e-01  -3.5336362e-02   3.2125781e-02
   6.0000000e-01   1.0000000e+00  -2.8340005e-02   2.2662133e-02
   8.0000000e-01  -1.0000000e+00  -2.9979564e+01  -5.1395469e+06
   8.0000000e-01  -8.9473684e-01  -2.7875999e+01  -3.9549465e+01
   8.0000000e-01  -7.8947368e-01  -2.2171408e+01  -7.9223058e+00
   8.0000000e-01  -6.8421053e-01  -1.4453371e+01   3.9973730e+00
   8.0000000e-01  -5.7894737e-01  -6.7029534e+00   8.1385282e+00
   8.0000000e-01  -4.7368421e-01  -6.0726391e-01   7.7292102e+00
   8.0000000e-01  -3.6842105e-01   2.9416521e+00   5.0182862e+00
   8.0000000e-01  -2.6315789e-01   3.9827883e+00   1.8488661e+00
   8.0000000e-01  -1.5789474e-01   3.2574543e+00  -5.5202518e-01
   8.0000000e-01  -5.2631579e-02   1.7735481e+00  -1.7048029e+00
   8.0000000e-01   5.2631579e-02   3.8221198e-01  -1.7599918e+00
   8.0000000e-01   1.5789474e-01  -4.6384004e-01  -1.2015734e+00
   8.0000000e-01   2.6315789e-01  -7.1993796e-01  -5.2859993e-01
   8.0000000e-01   3.6842105e-01  -5.9305829e-01  -5.0164763e-02
   8.0000000e-01   4.7368421e-01  -3.4220098e-01   1.5774618e-01
   8.0000000e-01   5.7894737e-01  -1.4055215e-01   1.7397198e-01
   8.0000000e-01   6.8421053e-01  -3.9751589e-02   1.1704957e-01
   8.0000000e-01   7.8947368e-01  -1.1276318e-02   6.5619285e-02
   8.0000000e-01   8.9473684e-01  -9.1813114e-03   4.0537763e-02
   8.0000000e-01   1.0000000e+00  -8.8708882e-03   3.0268037e-02
   1.0000000e+00  -1.0000000e+00  -2.9979564e+01  -4.8712161e+06
   1.0000000e+00  -8.9473684e-01  -2.7673013e+01  -3.6569417e+01
   1.0000000e+00  -7.8947368e-01  -2.1472868e+01  -6.0705249e+00
   1.0000000e+00  -6.8421053e-01  -1.3243360e+01   5.1573277e+00
   1.0000000e+00  -5.7894737e-01  -5.2525806e+00   8.4998343e+00
   1.0000000e+00  -4.7368421e-01   6.6779946e-01   7.3163851e+00
   1.0000000e+00  -3.6842105e-01   3.6906414e+00   4.0934247e+00
   1.0000000e+00  -2.6315789e-01   4.0794563e+00   8.1387763e-01
   1.0000000e+00  -1.5789474e-01   2.8313734e+00  -1.3326582e+00
   1.0000000e+00  -5.2631579e-02   1.1137842e+00  -2.0458459e+00
   1.0000000e+00   5.2631579e-02  -2.1699365e-01  -1.6907705e+00
   1.0000000e+00   1.5789474e-01  -8.2614854e-01  -8.9541300e-01
   1.0000000e+00   2.6315789e-01  -8.2356300e-01  -1.8472225e-01
   1.0000000e+00   3.6842105e-01  -5.2453085e-01   2.0050246e-01
   1.0000000e+00   4.7368421e-01  -2.1487269e-01   2.8196942e-01
   1.0000000e+00   5.7894737e-01  -3.1610204e-02   2.0682475e-01
   1.0000000e+00   6.8421053e-01   2.7404732e-02   1.1084729e-01
   1.0000000e+00   7.8947368e-01   2.5211797e-02   5.4296235e-02
   1.0000000e+00   8.9473684e-01   1.3792644e-02   3.3632872e-02
   1.0000000e+00   1.0000000e+00   8.8307905e-03   2.6067446e-02
