  -5.0000000e+00   0.0000000e+00   3.0812910e+02
  -5.0000000e+00   6.8181818e-01   2.8515666e+02
  -5.0000000e+00   1.3636364e+00   2.6311398e+02
  -5.0000000e+00   2.0454545e+00   2.4200105e+02
  -5.0000000e+00   2.7272727e+00   2.2181788e+02
  -5.0000000e+00   3.4090909e+00   2.0256445e+02
  -5.0000000e+00   4.0909091e+00   1.8424078e+02
  -5.0000000e+00   4.7727273e+00   1.6684686e+02
  -5.0000000e+00   5.4545455e+00   1.5038269e+02
  -5.0000000e+00   6.1363636e+00   1.3484827e+02
  -5.0000000e+00   6.8181818e+00   1.2024361e+02
  -5.0000000e+00   7.5000000e+00   1.0656870e+02
  -5.0000000e+00   8.1818182e+00   9.3823538e+01
  -5.0000000e+00   8.8636364e+00   8.2008129e+01
  -5.0000000e+00   9.5454545e+00   7.1122473e+01
  -5.0000000e+00   1.0227273e+01   6.1166569e+01
  -5.0000000e+00   1.0909091e+01   5.2140418e+01
  -5.0000000e+00   1.1590909e+01   4.4044018e+01
  -5.0000000e+00   1.2272727e+01   3.6877370e+01
  -5.0000000e+00   1.2954545e+01   3.0640474e+01
  -5.0000000e+00   1.3636364e+01   2.5333331e+01
  -5.0000000e+00   1.4318182e+01   2.0955939e+01
  -5.0000000e+00   1.5000000e+01   1.7508300e+01
  -4.3181818e+00   0.0000000e+00   2.3983519e+02
  -4.3181818e+00   6.8181818e-01   2.1946171e+02
  -4.3181818e+00   1.3636364e+00   2.0001798e+02
  -4.3181818e+00   2.0454545e+00   1.8150400e+02
  -4.3181818e+00   2.7272727e+00   1.6391977e+02
  -4.3181818e+00   3.4090909e+00   1.4726530e+02
  -4.3181818e+00   4.0909091e+00   1.3154057e+02
  -4.3181818e+00   4.7727273e+00   1.1674560e+02
  -4.3181818e+00   5.4545455e+00   1.0288038e+02
  -4.3181818e+00   6.1363636e+00   8.9944914e+01
  -4.3181818e+00   6.8181818e+00   7.7939199e+01
  -4.3181818e+00   7.5000000e+00   6.6863236e+01
  -4.3181818e+00   8.1818182e+00   5.6717025e+01
  -4.3181818e+00   8.8636364e+00   4.7500566e+01
  -4.3181818e+00   9.5454545e+00   3.9213859e+01
  -4.3181818e+00   1.0227273e+01   3.1856904e+01
  -4.3181818e+00   1.0909091e+01   2.5429701e+01
  -4.3181818e+00   1.1590909e+01   1.9932251e+01
  -4.3181818e+00   1.2272727e+01   1.5364552e+01
  -4.3181818e+00   1.2954545e+01   1.1726606e+01
  -4.3181818e+00   1.3636364e+01   9.0184110e+00
  -4.3181818e+00   1.4318182e+01   7.2399686e+00
  -4.3181818e+00   1.5000000e+01   6.3912782e+00
  -3.6363636e+00   0.0000000e+00   1.8368271e+02
  -3.6363636e+00   6.8181818e-01   1.6574438e+02
  -3.6363636e+00   1.3636364e+00   1.4873582e+02
  -3.6363636e+00   2.0454545e+00   1.3265700e+02
  -3.6363636e+00   2.7272727e+00   1.1750794e+02
  -3.6363636e+00   3.4090909e+00   1.0328862e+02
  -3.6363636e+00   4.0909091e+00   8.9999064e+01
  -3.6363636e+00   4.7727273e+00   7.7639256e+01
  -3.6363636e+00   5.4545455e+00   6.6209200e+01
  -3.6363636e+00   6.1363636e+00   5.5708896e+01
  -3.6363636e+00   6.8181818e+00   4.6138344e+01
  -3.6363636e+00   7.5000000e+00   3.7497544e+01
  -3.6363636e+00   8.1818182e+00   2.9786497e+01
  -3.6363636e+00   8.8636364e+00   2.3005201e+01
  -3.6363636e+00   9.5454545e+00   1.7153657e+01
  -3.6363636e+00   1.0227273e+01   1.2231866e+01
  -3.6363636e+00   1.0909091e+01   8.2398266e+00
  -3.6363636e+00   1.1590909e+01   5.1775392e+00
  -3.6363636e+00   1.2272727e+01   3.0450039e+00
  -3.6363636e+00   1.2954545e+01   1.8422207e+00
  -3.6363636e+00   1.3636364e+01   1.5691895e+00
  -3.6363636e+00   1.4318182e+01   2.2259105e+00
  -3.6363636e+00   1.5000000e+01   3.8123834e+00
  -2.9545455e+00   0.0000000e+00   1.4051428e+02
  -2.9545455e+00   6.8181818e-01   1.2484734e+02
  -2.9545455e+00   1.3636364e+00   1.1011015e+02
  -2.9545455e+00   2.0454545e+00   9.6302710e+01
  -2.9545455e+00   2.7272727e+00   8.3425024e+01
  -2.9545455e+00   3.4090909e+00   7.1477089e+01
  -2.9545455e+00   4.0909091e+00   6.0458907e+01
  -2.9545455e+00   4.7727273e+00   5.0370476e+01
  -2.9545455e+00   5.4545455e+00   4.1211798e+01
  -2.9545455e+00   6.1363636e+00   3.2982872e+01
  -2.9545455e+00   6.8181818e+00   2.5683697e+01
  -2.9545455e+00   7.5000000e+00   1.9314275e+01
  -2.9545455e+00   8.1818182e+00   1.3874605e+01
  -2.9545455e+00   8.8636364e+00   9.3646872e+00
  -2.9545455e+00   9.5454545e+00   5.7845213e+00
  -2.9545455e+00   1.0227273e+01   3.1341074e+00
  -2.9545455e+00   1.0909091e+01   1.4134456e+00
  -2.9545455e+00   1.1590909e+01   6.2253579e-01
  -2.9545455e+00   1.2272727e+01   7.6137810e-01
  -2.9545455e+00   1.2954545e+01   1.8299725e+00
  -2.9545455e+00   1.3636364e+01   3.8283189e+00
  -2.9545455e+00   1.4318182e+01   6.7564174e+00
  -2.9545455e+00   1.5000000e+01   1.0614268e+01
  -2.2727273e+00   0.0000000e+00   1.0956954e+02
  -2.2727273e+00   6.8181818e-01   9.6010194e+01
  -2.2727273e+00   1.3636364e+00   8.3380595e+01
  -2.2727273e+00   2.0454545e+00   7.1680748e+01
  -2.2727273e+00   2.7272727e+00   6.0910653e+01
  -2.2727273e+00   3.4090909e+00   5.1070311e+01
  -2.2727273e+00   4.0909091e+00   4.2159720e+01
  -2.2727273e+00   4.7727273e+00   3.4178881e+01
  -2.2727273e+00   5.4545455e+00   2.7127795e+01
  -2.2727273e+00   6.1363636e+00   2.1006460e+01
  -2.2727273e+00   6.8181818e+00   1.5814878e+01
  -2.2727273e+00   7.5000000e+00   1.1553048e+01
  -2.2727273e+00   8.1818182e+00   8.2209694e+00
  -2.2727273e+00   8.8636364e+00   5.8186432e+00
  -2.2727273e+00   9.5454545e+00   4.3460691e+00
  -2.2727273e+00   1.0227273e+01   3.8032470e+00
  -2.2727273e+00   1.0909091e+01   4.1901770e+00
  -2.2727273e+00   1.1590909e+01   5.5068591e+00
  -2.2727273e+00   1.2272727e+01   7.7532932e+00
  -2.2727273e+00   1.2954545e+01   1.0929479e+01
  -2.2727273e+00   1.3636364e+01   1.5035418e+01
  -2.2727273e+00   1.4318182e+01   2.0071108e+01
  -2.2727273e+00   1.5000000e+01   2.6036550e+01
  -1.5909091e+00   0.0000000e+00   8.8288333e+01
  -1.5909091e+00   6.8181818e-01   7.6672788e+01
  -1.5909091e+00   1.3636364e+00   6.5986995e+01
  -1.5909091e+00   2.0454545e+00   5.6230954e+01
  -1.5909091e+00   2.7272727e+00   4.7404665e+01
  -1.5909091e+00   3.4090909e+00   3.9508129e+01
  -1.5909091e+00   4.0909091e+00   3.2541344e+01
  -1.5909091e+00   4.7727273e+00   2.6504312e+01
  -1.5909091e+00   5.4545455e+00   2.1397031e+01
  -1.5909091e+00   6.1363636e+00   1.7219503e+01
  -1.5909091e+00   6.8181818e+00   1.3971726e+01
  -1.5909091e+00   7.5000000e+00   1.1653702e+01
  -1.5909091e+00   8.1818182e+00   1.0265430e+01
  -1.5909091e+00   8.8636364e+00   9.8069097e+00
  -1.5909091e+00   9.5454545e+00   1.0278142e+01
  -1.5909091e+00   1.0227273e+01   1.1679126e+01
  -1.5909091e+00   1.0909091e+01   1.4009862e+01
  -1.5909091e+00   1.1590909e+01   1.7270350e+01
  -1.5909091e+00   1.2272727e+01   2.1460590e+01
  -1.5909091e+00   1.2954545e+01   2.6580582e+01
  -1.5909091e+00   1.3636364e+01   3.2630327e+01
  -1.5909091e+00   1.4318182e+01   3.9609823e+01
  -1.5909091e+00   1.5000000e+01   4.7519071e+01
  -9.0909091e-01   0.0000000e+00   7.2957429e+01
  -9.0909091e-01   6.8181818e-01   6.3121904e+01
  -9.0909091e-01   1.3636364e+00   5.4216131e+01
  -9.0909091e-01   2.0454545e+00   4.6240111e+01
  -9.0909091e-01   2.7272727e+00   3.9193842e+01
  -9.0909091e-01   3.4090909e+00   3.3077326e+01
  -9.0909091e-01   4.0909091e+00   2.7890562e+01
  -9.0909091e-01   4.7727273e+00   2.3633549e+01
  -9.0909091e-01   5.4545455e+00   2.0306289e+01
  -9.0909091e-01   6.1363636e+00   1.7908781e+01
  -9.0909091e-01   6.8181818e+00   1.6441025e+01
  -9.0909091e-01   7.5000000e+00   1.5903021e+01
  -9.0909091e-01   8.1818182e+00   1.6294769e+01
  -9.0909091e-01   8.8636364e+00   1.7616269e+01
  -9.0909091e-01   9.5454545e+00   1.9867521e+01
  -9.0909091e-01   1.0227273e+01   2.3048526e+01
  -9.0909091e-01   1.0909091e+01   2.7159282e+01
  -9.0909091e-01   1.1590909e+01   3.2199790e+01
  -9.0909091e-01   1.2272727e+01   3.8170051e+01
  -9.0909091e-01   1.2954545e+01   4.5070063e+01
  -9.0909091e-01   1.3636364e+01   5.2899828e+01
  -9.0909091e-01   1.4318182e+01   6.1659345e+01
  -9.0909091e-01   1.5000000e+01   7.1348613e+01
  -2.2727273e-01   0.0000000e+00   5.9911562e+01
  -2.2727273e-01   6.8181818e-01   5.1692272e+01
  -2.2727273e-01   1.3636364e+00   4.4402734e+01
  -2.2727273e-01   2.0454545e+00   3.8042948e+01
  -2.2727273e-01   2.7272727e+00   3.2612914e+01
  -2.2727273e-01   3.4090909e+00   2.8112632e+01
  -2.2727273e-01   4.0909091e+00   2.4542102e+01
  -2.2727273e-01   4.7727273e+00   2.1901325e+01
  -2.2727273e-01   5.4545455e+00   2.0190299e+01
  -2.2727273e-01   6.1363636e+00   1.9409025e+01
  -2.2727273e-01   6.8181818e+00   1.9557504e+01
  -2.2727273e-01   7.5000000e+00   2.0635734e+01
  -2.2727273e-01   8.1818182e+00   2.2643717e+01
  -2.2727273e-01   8.8636364e+00   2.5581452e+01
  -2.2727273e-01   9.5454545e+00   2.9448938e+01
  -2.2727273e-01   1.0227273e+01   3.4246177e+01
  -2.2727273e-01   1.0909091e+01   3.9973168e+01
  -2.2727273e-01   1.1590909e+01   4.6629911e+01
  -2.2727273e-01   1.2272727e+01   5.4216406e+01
  -2.2727273e-01   1.2954545e+01   6.2732653e+01
  -2.2727273e-01   1.3636364e+01   7.2178652e+01
  -2.2727273e-01   1.4318182e+01   8.2554403e+01
  -2.2727273e-01   1.5000000e+01   9.3859906e+01
   4.5454545e-01   0.0000000e+00   4.6751682e+01
   4.5454545e-01   6.8181818e-01   3.9984840e+01
   4.5454545e-01   1.3636364e+00   3.4147751e+01
   4.5454545e-01   2.0454545e+00   2.9240414e+01
   4.5454545e-01   2.7272727e+00   2.5262828e+01
   4.5454545e-01   3.4090909e+00   2.2214995e+01
   4.5454545e-01   4.0909091e+00   2.0096914e+01
   4.5454545e-01   4.7727273e+00   1.8908585e+01
   4.5454545e-01   5.4545455e+00   1.8650008e+01
   4.5454545e-01   6.1363636e+00   1.9321183e+01
   4.5454545e-01   6.8181818e+00   2.0922111e+01
   4.5454545e-01   7.5000000e+00   2.3452790e+01
   4.5454545e-01   8.1818182e+00   2.6913221e+01
   4.5454545e-01   8.8636364e+00   3.1303404e+01
   4.5454545e-01   9.5454545e+00   3.6623340e+01
   4.5454545e-01   1.0227273e+01   4.2873027e+01
   4.5454545e-01   1.0909091e+01   5.0052467e+01
   4.5454545e-01   1.1590909e+01   5.8161659e+01
   4.5454545e-01   1.2272727e+01   6.7200602e+01
   4.5454545e-01   1.2954545e+01   7.7169298e+01
   4.5454545e-01   1.3636364e+01   8.8067746e+01
   4.5454545e-01   1.4318182e+01   9.9895946e+01
   4.5454545e-01   1.5000000e+01   1.1265390e+02
   1.1363636e+00   0.0000000e+00   3.3035745e+01
   1.1363636e+00   6.8181818e-01   2.7557566e+01
   1.1363636e+00   1.3636364e+00   2.3009140e+01
   1.1363636e+00   2.0454545e+00   1.9390466e+01
   1.1363636e+00   2.7272727e+00   1.6701543e+01
   1.1363636e+00   3.4090909e+00   1.4942373e+01
   1.1363636e+00   4.0909091e+00   1.4112955e+01
   1.1363636e+00   4.7727273e+00   1.4213289e+01
   1.1363636e+00   5.4545455e+00   1.5243375e+01
   1.1363636e+00   6.1363636e+00   1.7203213e+01
   1.1363636e+00   6.8181818e+00   2.0092803e+01
   1.1363636e+00   7.5000000e+00   2.3912146e+01
   1.1363636e+00   8.1818182e+00   2.8661240e+01
   1.1363636e+00   8.8636364e+00   3.4340086e+01
   1.1363636e+00   9.5454545e+00   4.0948685e+01
   1.1363636e+00   1.0227273e+01   4.8487035e+01
   1.1363636e+00   1.0909091e+01   5.6955138e+01
   1.1363636e+00   1.1590909e+01   6.6352992e+01
   1.1363636e+00   1.2272727e+01   7.6680599e+01
   1.1363636e+00   1.2954545e+01   8.7937958e+01
   1.1363636e+00   1.3636364e+01   1.0012507e+02
   1.1363636e+00   1.4318182e+01   1.1324193e+02
   1.1363636e+00   1.5000000e+01   1.2728855e+02
   1.8181818e+00   0.0000000e+00   2.0133153e+01
   1.8181818e+00   6.8181818e-01   1.5779851e+01
   1.8181818e+00   1.3636364e+00   1.2356302e+01
   1.8181818e+00   2.0454545e+00   9.8625051e+00
   1.8181818e+00   2.7272727e+00   8.2984601e+00
   1.8181818e+00   3.4090909e+00   7.6641671e+00
   1.8181818e+00   4.0909091e+00   7.9596262e+00
   1.8181818e+00   4.7727273e+00   9.1848374e+00
   1.8181818e+00   5.4545455e+00   1.1339801e+01
   1.8181818e+00   6.1363636e+00   1.4424516e+01
   1.8181818e+00   6.8181818e+00   1.8438983e+01
   1.8181818e+00   7.5000000e+00   2.3383203e+01
   1.8181818e+00   8.1818182e+00   2.9257174e+01
   1.8181818e+00   8.8636364e+00   3.6060898e+01
   1.8181818e+00   9.5454545e+00   4.3794373e+01
   1.8181818e+00   1.0227273e+01   5.2457601e+01
   1.8181818e+00   1.0909091e+01   6.2050581e+01
   1.8181818e+00   1.1590909e+01   7.2573313e+01
   1.8181818e+00   1.2272727e+01   8.4025797e+01
   1.8181818e+00   1.2954545e+01   9.6408033e+01
   1.8181818e+00   1.3636364e+01   1.0972002e+02
   1.8181818e+00   1.4318182e+01   1.2396176e+02
   1.8181818e+00   1.5000000e+01   1.3913325e+02
   2.5000000e+00   0.0000000e+00   1.0307908e+01
   2.5000000e+00   6.8181818e-01   6.9156987e+00
   2.5000000e+00   1.3636364e+00   4.4532410e+00
   2.5000000e+00   2.0454545e+00   2.9205353e+00
   2.5000000e+00   2.7272727e+00   2.3175817e+00
   2.5000000e+00   3.4090909e+00   2.6443802e+00
   2.5000000e+00   4.0909091e+00   3.9009307e+00
   2.5000000e+00   4.7727273e+00   6.0872333e+00
   2.5000000e+00   5.4545455e+00   9.2032880e+00
   2.5000000e+00   6.1363636e+00   1.3249095e+01
   2.5000000e+00   6.8181818e+00   1.8224654e+01
   2.5000000e+00   7.5000000e+00   2.4129964e+01
   2.5000000e+00   8.1818182e+00   3.0965027e+01
   2.5000000e+00   8.8636364e+00   3.8729842e+01
   2.5000000e+00   9.5454545e+00   4.7424409e+01
   2.5000000e+00   1.0227273e+01   5.7048729e+01
   2.5000000e+00   1.0909091e+01   6.7602800e+01
   2.5000000e+00   1.1590909e+01   7.9086623e+01
   2.5000000e+00   1.2272727e+01   9.1500198e+01
   2.5000000e+00   1.2954545e+01   1.0484353e+02
   2.5000000e+00   1.3636364e+01   1.1911661e+02
   2.5000000e+00   1.4318182e+01   1.3431944e+02
   2.5000000e+00   1.5000000e+01   1.5045202e+02
   3.1818182e+00   0.0000000e+00   5.4404674e+00
   3.1818182e+00   6.8181818e-01   2.8455632e+00
   3.1818182e+00   1.3636364e+00   1.1804112e+00
   3.1818182e+00   2.0454545e+00   4.4501117e-01
   3.1818182e+00   2.7272727e+00   6.3936324e-01
   3.1818182e+00   3.4090909e+00   1.7634674e+00
   3.1818182e+00   4.0909091e+00   3.8173236e+00
   3.1818182e+00   4.7727273e+00   6.8009319e+00
   3.1818182e+00   5.4545455e+00   1.0714292e+01
   3.1818182e+00   6.1363636e+00   1.5557405e+01
   3.1818182e+00   6.8181818e+00   2.1330269e+01
   3.1818182e+00   7.5000000e+00   2.8032886e+01
   3.1818182e+00   8.1818182e+00   3.5665254e+01
   3.1818182e+00   8.8636364e+00   4.4227375e+01
   3.1818182e+00   9.5454545e+00   5.3719248e+01
   3.1818182e+00   1.0227273e+01   6.4140872e+01
   3.1818182e+00   1.0909091e+01   7.5492249e+01
   3.1818182e+00   1.1590909e+01   8.7773378e+01
   3.1818182e+00   1.2272727e+01   1.0098426e+02
   3.1818182e+00   1.2954545e+01   1.1512489e+02
   3.1818182e+00   1.3636364e+01   1.3019528e+02
   3.1818182e+00   1.4318182e+01   1.4619541e+02
   3.1818182e+00   1.5000000e+01   1.6312530e+02
   3.8636364e+00   0.0000000e+00   5.9597888e+00
   3.8636364e+00   6.8181818e-01   3.9984046e+00
   3.8636364e+00   1.3636364e+00   2.9667724e+00
   3.8636364e+00   2.0454545e+00   2.8648923e+00
   3.8636364e+00   2.7272727e+00   3.6927643e+00
   3.8636364e+00   3.4090909e+00   5.4503883e+00
   3.8636364e+00   4.0909091e+00   8.1377644e+00
   3.8636364e+00   4.7727273e+00   1.1754893e+01
   3.8636364e+00   5.4545455e+00   1.6301773e+01
   3.8636364e+00   6.1363636e+00   2.1778405e+01
   3.8636364e+00   6.8181818e+00   2.8184790e+01
   3.8636364e+00   7.5000000e+00   3.5520926e+01
   3.8636364e+00   8.1818182e+00   4.3786814e+01
   3.8636364e+00   8.8636364e+00   5.2982455e+01
   3.8636364e+00   9.5454545e+00   6.3107848e+01
   3.8636364e+00   1.0227273e+01   7.4162992e+01
   3.8636364e+00   1.0909091e+01   8.6147889e+01
   3.8636364e+00   1.1590909e+01   9.9062538e+01
   3.8636364e+00   1.2272727e+01   1.1290694e+02
   3.8636364e+00   1.2954545e+01   1.2768109e+02
   3.8636364e+00   1.3636364e+01   1.4338500e+02
   3.8636364e+00   1.4318182e+01   1.6001865e+02
   3.8636364e+00   1.5000000e+01   1.7758206e+02
   4.5454545e+00   0.0000000e+00   1.0463122e+01
   4.5454545e+00   6.8181818e-01   8.9714715e+00
   4.5454545e+00   1.3636364e+00   8.4095734e+00
   4.5454545e+00   2.0454545e+00   8.7774275e+00
   4.5454545e+00   2.7272727e+00   1.0075034e+01
   4.5454545e+00   3.4090909e+00   1.2302392e+01
   4.5454545e+00   4.0909091e+00   1.5459502e+01
   4.5454545e+00   4.7727273e+00   1.9546364e+01
   4.5454545e+00   5.4545455e+00   2.4562979e+01
   4.5454545e+00   6.1363636e+00   3.0509345e+01
   4.5454545e+00   6.8181818e+00   3.7385464e+01
   4.5454545e+00   7.5000000e+00   4.5191334e+01
   4.5454545e+00   8.1818182e+00   5.3926957e+01
   4.5454545e+00   8.8636364e+00   6.3592331e+01
   4.5454545e+00   9.5454545e+00   7.4187458e+01
   4.5454545e+00   1.0227273e+01   8.5712337e+01
   4.5454545e+00   1.0909091e+01   9.8166968e+01
   4.5454545e+00   1.1590909e+01   1.1155135e+02
   4.5454545e+00   1.2272727e+01   1.2586549e+02
   4.5454545e+00   1.2954545e+01   1.4110937e+02
   4.5454545e+00   1.3636364e+01   1.5728301e+02
   4.5454545e+00   1.4318182e+01   1.7438640e+02
   4.5454545e+00   1.5000000e+01   1.9241955e+02
   5.2272727e+00   0.0000000e+00   1.6193529e+01
   5.2272727e+00   6.8181818e-01   1.5007827e+01
   5.2272727e+00   1.3636364e+00   1.4751878e+01
   5.2272727e+00   2.0454545e+00   1.5425680e+01
   5.2272727e+00   2.7272727e+00   1.7029235e+01
   5.2272727e+00   3.4090909e+00   1.9562541e+01
   5.2272727e+00   4.0909091e+00   2.3025600e+01
   5.2272727e+00   4.7727273e+00   2.7418410e+01
   5.2272727e+00   5.4545455e+00   3.2740973e+01
   5.2272727e+00   6.1363636e+00   3.8993288e+01
   5.2272727e+00   6.8181818e+00   4.6175355e+01
   5.2272727e+00   7.5000000e+00   5.4287174e+01
   5.2272727e+00   8.1818182e+00   6.3328745e+01
   5.2272727e+00   8.8636364e+00   7.3300068e+01
   5.2272727e+00   9.5454545e+00   8.4201143e+01
   5.2272727e+00   1.0227273e+01   9.6031970e+01
   5.2272727e+00   1.0909091e+01   1.0879255e+02
   5.2272727e+00   1.1590909e+01   1.2248288e+02
   5.2272727e+00   1.2272727e+01   1.3710296e+02
   5.2272727e+00   1.2954545e+01   1.5265280e+02
   5.2272727e+00   1.3636364e+01   1.6913239e+02
   5.2272727e+00   1.4318182e+01   1.8654173e+02
   5.2272727e+00   1.5000000e+01   2.0488082e+02
   5.9090909e+00   0.0000000e+00   2.0161635e+01
   5.9090909e+00   6.8181818e-01   1.9118096e+01
   5.9090909e+00   1.3636364e+00   1.9004309e+01
   5.9090909e+00   2.0454545e+00   1.9820274e+01
   5.9090909e+00   2.7272727e+00   2.1565991e+01
   5.9090909e+00   3.4090909e+00   2.4241460e+01
   5.9090909e+00   4.0909091e+00   2.7846681e+01
   5.9090909e+00   4.7727273e+00   3.2381654e+01
   5.9090909e+00   5.4545455e+00   3.7846380e+01
   5.9090909e+00   6.1363636e+00   4.4240857e+01
   5.9090909e+00   6.8181818e+00   5.1565086e+01
   5.9090909e+00   7.5000000e+00   5.9819068e+01
   5.9090909e+00   8.1818182e+00   6.9002801e+01
   5.9090909e+00   8.8636364e+00   7.9116287e+01
   5.9090909e+00   9.5454545e+00   9.0159525e+01
   5.9090909e+00   1.0227273e+01   1.0213251e+02
   5.9090909e+00   1.0909091e+01   1.1503526e+02
   5.9090909e+00   1.1590909e+01   1.2886775e+02
   5.9090909e+00   1.2272727e+01   1.4363000e+02
   5.9090909e+00   1.2954545e+01   1.5932199e+02
   5.9090909e+00   1.3636364e+01   1.7594374e+02
   5.9090909e+00   1.4318182e+01   1.9349525e+02
   5.9090909e+00   1.5000000e+01   2.1197650e+02
   6.5909091e+00   0.0000000e+00   2.0410005e+01
   6.5909091e+00   6.8181818e-01   1.9344843e+01
   6.5909091e+00   1.3636364e+00   1.9209433e+01
   6.5909091e+00   2.0454545e+00   2.0003774e+01
   6.5909091e+00   2.7272727e+00   2.1727868e+01
   6.5909091e+00   3.4090909e+00   2.4381714e+01
   6.5909091e+00   4.0909091e+00   2.7965312e+01
   6.5909091e+00   4.7727273e+00   3.2478662e+01
   6.5909091e+00   5.4545455e+00   3.7921764e+01
   6.5909091e+00   6.1363636e+00   4.4294618e+01
   6.5909091e+00   6.8181818e+00   5.1597225e+01
   6.5909091e+00   7.5000000e+00   5.9829583e+01
   6.5909091e+00   8.1818182e+00   6.8991693e+01
   6.5909091e+00   8.8636364e+00   7.9083556e+01
   6.5909091e+00   9.5454545e+00   9.0105170e+01
   6.5909091e+00   1.0227273e+01   1.0205654e+02
   6.5909091e+00   1.0909091e+01   1.1493766e+02
   6.5909091e+00   1.1590909e+01   1.2874853e+02
   6.5909091e+00   1.2272727e+01   1.4348915e+02
   6.5909091e+00   1.2954545e+01   1.5915952e+02
   6.5909091e+00   1.3636364e+01   1.7575965e+02
   6.5909091e+00   1.4318182e+01   1.9328953e+02
   6.5909091e+00   1.5000000e+01   2.1174916e+02
   7.2727273e+00   0.0000000e+00   1.6854809e+01
   7.2727273e+00   6.8181818e-01   1.5604238e+01
   7.2727273e+00   1.3636364e+00   1.5283418e+01
   7.2727273e+00   2.0454545e+00   1.5892351e+01
   7.2727273e+00   2.7272727e+00   1.7431036e+01
   7.2727273e+00   3.4090909e+00   1.9899473e+01
   7.2727273e+00   4.0909091e+00   2.3297662e+01
   7.2727273e+00   4.7727273e+00   2.7625603e+01
   7.2727273e+00   5.4545455e+00   3.2883296e+01
   7.2727273e+00   6.1363636e+00   3.9070742e+01
   7.2727273e+00   6.8181818e+00   4.6187939e+01
   7.2727273e+00   7.5000000e+00   5.4234888e+01
   7.2727273e+00   8.1818182e+00   6.3211590e+01
   7.2727273e+00   8.8636364e+00   7.3118043e+01
   7.2727273e+00   9.5454545e+00   8.3954249e+01
   7.2727273e+00   1.0227273e+01   9.5720206e+01
   7.2727273e+00   1.0909091e+01   1.0841592e+02
   7.2727273e+00   1.1590909e+01   1.2204138e+02
   7.2727273e+00   1.2272727e+01   1.3659659e+02
   7.2727273e+00   1.2954545e+01   1.5208156e+02
   7.2727273e+00   1.3636364e+01   1.6849628e+02
   7.2727273e+00   1.4318182e+01   1.8584075e+02
   7.2727273e+00   1.5000000e+01   2.0411497e+02
   7.9545455e+00   0.0000000e+00   1.1328412e+01
   7.9545455e+00   6.8181818e-01   9.7286461e+00
   7.9545455e+00   1.3636364e+00   9.0586321e+00
   7.9545455e+00   2.0454545e+00   9.3183703e+00
   7.9545455e+00   2.7272727e+00   1.0507860e+01
   7.9545455e+00   3.4090909e+00   1.2627103e+01
   7.9545455e+00   4.0909091e+00   1.5676097e+01
   7.9545455e+00   4.7727273e+00   1.9654843e+01
   7.9545455e+00   5.4545455e+00   2.4563342e+01
   7.9545455e+00   6.1363636e+00   3.0401592e+01
   7.9545455e+00   6.8181818e+00   3.7169595e+01
   7.9545455e+00   7.5000000e+00   4.4867350e+01
   7.9545455e+00   8.1818182e+00   5.3494856e+01
   7.9545455e+00   8.8636364e+00   6.3052115e+01
   7.9545455e+00   9.5454545e+00   7.3539126e+01
   7.9545455e+00   1.0227273e+01   8.4955889e+01
   7.9545455e+00   1.0909091e+01   9.7302404e+01
   7.9545455e+00   1.1590909e+01   1.1057867e+02
   7.9545455e+00   1.2272727e+01   1.2478469e+02
   7.9545455e+00   1.2954545e+01   1.3992046e+02
   7.9545455e+00   1.3636364e+01   1.5598598e+02
   7.9545455e+00   1.4318182e+01   1.7298126e+02
   7.9545455e+00   1.5000000e+01   1.9090629e+02
   8.6363636e+00   0.0000000e+00   6.8038605e+00
   8.6363636e+00   6.8181818e-01   4.6911140e+00
   8.6363636e+00   1.3636364e+00   3.5081196e+00
   8.6363636e+00   2.0454545e+00   3.2548772e+00
   8.6363636e+00   2.7272727e+00   3.9313869e+00
   8.6363636e+00   3.4090909e+00   5.5376487e+00
   8.6363636e+00   4.0909091e+00   8.0736625e+00
   8.6363636e+00   4.7727273e+00   1.1539428e+01
   8.6363636e+00   5.4545455e+00   1.5934946e+01
   8.6363636e+00   6.1363636e+00   2.1260216e+01
   8.6363636e+00   6.8181818e+00   2.7515238e+01
   8.6363636e+00   7.5000000e+00   3.4700013e+01
   8.6363636e+00   8.1818182e+00   4.2814539e+01
   8.6363636e+00   8.8636364e+00   5.1858817e+01
   8.6363636e+00   9.5454545e+00   6.1832847e+01
   8.6363636e+00   1.0227273e+01   7.2736630e+01
   8.6363636e+00   1.0909091e+01   8.4570164e+01
   8.6363636e+00   1.1590909e+01   9.7333451e+01
   8.6363636e+00   1.2272727e+01   1.1102649e+02
   8.6363636e+00   1.2954545e+01   1.2564928e+02
   8.6363636e+00   1.3636364e+01   1.4120182e+02
   8.6363636e+00   1.4318182e+01   1.5768412e+02
   8.6363636e+00   1.5000000e+01   1.7509616e+02
   9.3181818e+00   0.0000000e+00   6.1480183e+00
   9.3181818e+00   6.8181818e-01   3.3585055e+00
   9.3181818e+00   1.3636364e+00   1.4987448e+00
   9.3181818e+00   2.0454545e+00   5.6873619e-01
   9.3181818e+00   2.7272727e+00   5.6847963e-01
   9.3181818e+00   3.4090909e+00   1.4979751e+00
   9.3181818e+00   4.0909091e+00   3.3572227e+00
   9.3181818e+00   4.7727273e+00   6.1462223e+00
   9.3181818e+00   5.4545455e+00   9.8649740e+00
   9.3181818e+00   6.1363636e+00   1.4513478e+01
   9.3181818e+00   6.8181818e+00   2.0091734e+01
   9.3181818e+00   7.5000000e+00   2.6599742e+01
   9.3181818e+00   8.1818182e+00   3.4037501e+01
   9.3181818e+00   8.8636364e+00   4.2405014e+01
   9.3181818e+00   9.5454545e+00   5.1702278e+01
   9.3181818e+00   1.0227273e+01   6.1929294e+01
   9.3181818e+00   1.0909091e+01   7.3086062e+01
   9.3181818e+00   1.1590909e+01   8.5172582e+01
   9.3181818e+00   1.2272727e+01   9.8188855e+01
   9.3181818e+00   1.2954545e+01   1.1213488e+02
   9.3181818e+00   1.3636364e+01   1.2701066e+02
   9.3181818e+00   1.4318182e+01   1.4281618e+02
   9.3181818e+00   1.5000000e+01   1.5955146e+02
   1.0000000e+01   0.0000000e+00   1.0960889e+01
   1.0000000e+01   6.8181818e-01   7.3308242e+00
   1.0000000e+01   1.3636364e+00   4.6305115e+00
   1.0000000e+01   2.0454545e+00   2.8599509e+00
   1.0000000e+01   2.7272727e+00   2.0191423e+00
   1.0000000e+01   3.4090909e+00   2.1080857e+00
   1.0000000e+01   4.0909091e+00   3.1267813e+00
   1.0000000e+01   4.7727273e+00   5.0752289e+00
   1.0000000e+01   5.4545455e+00   7.9534285e+00
   1.0000000e+01   6.1363636e+00   1.1761380e+01
   1.0000000e+01   6.8181818e+00   1.6499084e+01
   1.0000000e+01   7.5000000e+00   2.2166540e+01
   1.0000000e+01   8.1818182e+00   2.8763748e+01
   1.0000000e+01   8.8636364e+00   3.6290708e+01
   1.0000000e+01   9.5454545e+00   4.4747420e+01
   1.0000000e+01   1.0227273e+01   5.4133884e+01
   1.0000000e+01   1.0909091e+01   6.4450100e+01
   1.0000000e+01   1.1590909e+01   7.5696069e+01
   1.0000000e+01   1.2272727e+01   8.7871789e+01
   1.0000000e+01   1.2954545e+01   1.0097726e+02
   1.0000000e+01   1.3636364e+01   1.1501249e+02
   1.0000000e+01   1.4318182e+01   1.2997746e+02
   1.0000000e+01   1.5000000e+01   1.4587219e+02
