   6.4750000e+00   8.7750000e+00   7.8165070e+01
   1.5250000e+00   5.3250000e+00   1.2546957e+01
   9.2500000e-01   6.5250000e+00   1.9338331e+01
  -3.1250000e+00   3.9750000e+00   6.8629443e+01
  -1.7750000e+00   2.7750000e+00   4.9745818e+01
  -4.7750000e+00   5.1750000e+00   1.3988080e+02
   5.2750000e+00   1.2975000e+01   1.5379081e+02
   3.1750000e+00   5.4750000e+00   1.0809733e+01
  -3.8750000e+00   1.3425000e+01   3.3317902e+00
   4.6750000e+00   1.1025000e+01   1.0261088e+02
   9.0250000e+00   5.7750000e+00   1.4234650e+01
   9.9250000e+00   1.1925000e+01   8.2497485e+01
   9.7750000e+00   7.1250000e+00   1.9805391e+01
   4.7500000e-01   1.1475000e+01   5.7001892e+01
   2.7250000e+00   1.0275000e+01   5.9782890e+01
  -2.8250000e+00   1.4925000e+01   1.2420818e+01
   5.1250000e+00   7.7250000e+00   5.5952129e+01
   5.5750000e+00   2.0250000e+00   1.8072475e+01
   7.6750000e+00   3.3750000e+00   1.5631614e+01
  -2.0750000e+00   8.2500000e-01   8.6968587e+01
   7.9750000e+00   1.2825000e+01   1.3656225e+02
   5.7250000e+00   6.6750000e+00   4.8975132e+01
   4.5250000e+00   6.2250000e+00   3.1075144e+01
  -2.9750000e+00   9.5250000e+00   6.0684832e+00
  -3.4250000e+00   1.0875000e+01   5.1551871e+00
  -7.2500000e-01   1.2375000e+01   4.3742894e+01
  -2.7500000e-01   1.8750000e+00   4.0148575e+01
  -4.0250000e+00   2.1750000e+00   1.5578469e+02
   7.8250000e+00   1.1175000e+01   1.0473383e+02
   8.4250000e+00   5.0250000e+00   1.5465208e+01
   9.3250000e+00   9.3750000e+00   4.9206240e+01
   6.7750000e+00   7.2750000e+00   5.6017626e+01
  -3.2750000e+00   1.3575000e+01   1.4379144e+00
   1.2250000e+00   9.8250000e+00   4.4399821e+01
   8.7250000e+00   1.0125000e+01   6.9518138e+01
  -1.4750000e+00   1.1625000e+01   1.9896899e+01
   7.7500000e-01   9.7500000e-01   3.1830201e+01
  -4.3250000e+00   3.8250000e+00   1.3804657e+02
   1.6750000e+00   1.0725000e+01   5.8399669e+01
   4.0750000e+00   1.2075000e+01   1.1276582e+02
   7.2250000e+00   1.3875000e+01   1.7517696e+02
  -4.9250000e+00   1.2675000e+01   3.0488934e+01
   9.6250000e+00   4.1250000e+00   2.7680823e+00
  -1.1750000e+00   9.0750000e+00   1.4755882e+01
   3.6250000e+00   7.4250000e+00   3.1712959e+01
  -2.2250000e+00   5.9250000e+00   2.2268186e+01
   5.8750000e+00   3.7500000e-01   1.9351297e+01
   6.0250000e+00   4.4250000e+00   3.0336861e+01
  -4.4750000e+00   3.0750000e+00   1.6736452e+02
   8.8750000e+00   8.3250000e+00   4.1184742e+01
   4.8250000e+00   4.5750000e+00   2.1620275e+01
  -8.7500000e-01   9.9750000e+00   2.2322633e+01
   2.8750000e+00   6.7500000e-01   4.0388921e+00
   2.4250000e+00   1.2750000e+00   5.4007495e+00
   1.8250000e+00   7.5000000e-02   1.9492555e+01
   6.2500000e-01   1.3275000e+01   8.5343123e+01
   4.2250000e+00   3.2250000e+00   8.2034771e+00
   7.3750000e+00   2.4750000e+00   1.5832571e+01
   9.4750000e+00   1.3125000e+01   1.1292504e+02
   8.1250000e+00   1.4025000e+01   1.6188813e+02
   6.3250000e+00   1.2525000e+01   1.5008877e+02
  -3.5750000e+00   6.0750000e+00   5.4078245e+01
   2.5000000e-02   2.2500000e-01   5.2492687e+01
   3.7750000e+00   2.3250000e+00   2.5027502e+00
   7.5250000e+00   8.6250000e+00   6.6191770e+01
  -3.7250000e+00   8.4750000e+00   2.9507077e+01
   8.2750000e+00   6.8250000e+00   3.2588752e+01
   1.0750000e+00   2.6250000e+00   1.7856357e+01
   1.9750000e+00   1.4475000e+01   1.2975372e+02
   2.2750000e+00   4.8750000e+00   7.1218614e+00
  -5.7500000e-01   7.5750000e+00   1.8438890e+01
  -2.5250000e+00   8.0250000e+00   1.0103230e+01
   9.1750000e+00   1.5750000e+00   1.1821868e+00
   6.9250000e+00   5.6250000e+00   3.7505965e+01
   5.4250000e+00   1.0425000e+01   1.0197326e+02
   8.5750000e+00   5.2500000e-01   5.4207186e+00
   1.7500000e-01   1.4625000e+01   9.8657710e+01
  -2.3750000e+00   6.9750000e+00   1.5570214e+01
   6.1750000e+00   1.1325000e+01   1.2413611e+02
   2.5750000e+00   2.9250000e+00   1.9261409e+00
   1.3750000e+00   7.8750000e+00   2.6453907e+01
   3.0250000e+00   1.1775000e+01   8.8960711e+01
  -1.2500000e-01   3.6750000e+00   2.5907679e+01
   3.3250000e+00   4.2750000e+00   5.1329137e+00
   3.4750000e+00   9.6750000e+00   5.9382622e+01
   6.6250000e+00   3.5250000e+00   2.4801937e+01
   7.0750000e+00   1.4250000e+00   1.6793887e+01
  -4.2500000e-01   1.4175000e+01   7.4627372e+01
   2.1250000e+00   1.2225000e+01   8.6373780e+01
  -4.6250000e+00   8.9250000e+00   6.0991200e+01
  -1.9250000e+00   1.0575000e+01   7.7357449e+00
   3.2500000e-01   8.1750000e+00   2.6274392e+01
   4.3750000e+00   9.2250000e+00   6.6348193e+01
  -2.6750000e+00   1.7250000e+00   9.0855182e+01
  -4.1750000e+00   6.3750000e+00   7.7700446e+01
  -1.0250000e+00   1.1250000e+00   5.9101442e+01
  -1.3250000e+00   1.3725000e+01   4.1382075e+01
  -1.6250000e+00   4.7250000e+00   2.7139914e+01
   3.9250000e+00   1.4325000e+01   1.6149503e+02
   4.9750000e+00   1.4775000e+01   1.9462291e+02
