   1.9807692e+00   1.0961539e+00   1.1272226e+01
   1.8653846e+00   1.2173077e+01   8.2770068e+01
  -3.6730769e+00   1.2115385e+00   1.5491844e+02
  -5.5769233e-01   4.6730769e+00   2.3230847e+01
   4.0576923e+00   1.2403846e+01   1.1939028e+02
   8.9038461e+00   7.5000000e-01   3.4156413e+00
   9.1346154e+00   1.0096154e+01   6.2500865e+01
   4.5192308e+00   8.7115384e+00   6.0947540e+01
   4.6346153e+00   1.3557692e+01   1.5709701e+02
   5.3269231e+00   1.7307690e-01   1.6565811e+01
   9.8269231e+00   2.2500000e+00   1.5062635e+00
  -2.8653847e+00   1.1711538e+01   7.7002743e-01
   1.7500000e+00   1.0788462e+01   5.9812798e+01
   1.3461535e-01   1.4134615e+01   8.9179661e+01
   9.3653846e+00   3.8653847e+00   2.4885004e+00
   1.2884616e+00   3.4038461e+00   1.3252687e+01
   1.6346154e+00   5.1923077e-01   1.9784212e+01
   4.2884616e+00   1.4423077e+00   6.0619446e+00
   8.3269231e+00   3.7500000e+00   9.8096681e+00
  -1.2500000e+00   1.4480769e+01   5.2585340e+01
   6.4807692e+00   7.9038462e+00   6.5553532e+01
   8.7884615e+00   6.2884616e+00   2.0749071e+01
   6.7115384e+00   2.4807692e+00   2.0539378e+01
   7.5192308e+00   1.3269231e+00   1.3154715e+01
   2.5000000e-01   6.6346153e+00   2.0353060e+01
   3.4807692e+00   2.8269231e+00   1.5874468e+00
  -2.1730769e+00   5.3653847e+00   2.6680439e+01
  -1.1346153e+00   7.4423077e+00   1.4337393e+01
  -1.8269231e+00   2.9423077e+00   4.8482696e+01
   5.4423077e+00   4.3269231e+00   2.6403207e+01
   2.7884615e+00   5.7692325e-02   7.2845173e+00
   2.4423077e+00   3.9807692e+00   3.8554448e+00
  -4.5961539e+00   1.9038461e+00   2.0882983e+02
   4.8653847e+00   1.1826923e+01   1.2197332e+02
  -1.4807692e+00   4.0961539e+00   3.1509615e+01
   8.6730769e+00   2.3653847e+00   3.1892048e+00
   9.2500000e+00   6.8653846e+00   2.1100126e+01
   4.1730769e+00   1.0557692e+01   8.5165248e+01
   4.9807692e+00   7.3269231e+00   4.9139572e+01
  -2.7500000e+00   8.9423077e+00   6.9396480e+00
  -3.4423077e+00   4.9038461e+00   6.6528338e+01
   2.3269231e+00   1.4826923e+01   1.4338110e+02
   6.8269231e+00   3.5192308e+00   2.3804523e+01
  -2.4038461e+00   8.5961539e+00   6.7998397e+00
   9.5961539e+00   1.1019231e+01   7.1029306e+01
   3.3653847e+00   4.4423077e+00   6.0912611e+00
   2.5576923e+00   9.9807692e+00   5.3920474e+01
   7.8653847e+00   1.3903846e+01   1.6439761e+02
   5.9038461e+00   1.4711538e+01   2.0401617e+02
  -6.7307690e-01   1.3096154e+01   5.3105818e+01
  -1.3653846e+00   8.2500000e+00   1.1985412e+01
  -7.8846155e-01   5.9423077e+00   1.8708997e+01
   6.1346153e+00   1.1250000e+01   1.2255695e+02
   5.6730769e+00   3.0576923e+00   2.1590898e+01
   9.7115384e+00   9.5192308e+00   4.6917437e+01
   9.0192308e+00   1.3211538e+01   1.2344238e+02
   7.2884616e+00   1.2057692e+01   1.3168043e+02
  -3.0961539e+00   4.2115384e+00   6.3682314e+01
   6.9423077e+00   6.0576923e+00   4.1410903e+01
   7.4038461e+00   7.0961538e+00   4.7797367e+01
   8.5576923e+00   8.0192308e+00   4.1960928e+01
   2.0961538e+00   7.2115385e+00   2.1025141e+01
   7.9807692e+00   1.0211538e+01   8.4218875e+01
  -2.5192308e+00   1.2865385e+01   6.3436719e+00
   7.1153845e-01   1.3326923e+01   8.7730925e+01
   2.9038462e+00   3.1730769e+00   1.1655250e+00
   3.5961539e+00   5.7115384e+00   1.5543196e+01
  -4.9423077e+00   1.2750000e+01   3.0433506e+01
  -3.9038461e+00   3.6346154e+00   1.1430098e+02
   5.2115384e+00   5.5961539e+00   3.3797434e+01
   8.0961539e+00   1.4942308e+01   1.8618659e+02
   4.8076922e-01   5.2500000e+00   1.8513828e+01
   6.5961539e+00   1.0673077e+01   1.1034699e+02
   3.1346154e+00   1.4596154e+01   1.5207474e+02
  -1.0192308e+00   8.6538465e-01   6.2517212e+01
  -2.9807692e+00   2.5961539e+00   8.6931650e+01
  -2.1153845e-01   1.3442308e+01   6.9795985e+01
  -3.3269231e+00   2.0192308e+00   1.1517219e+02
   3.6538465e-01   1.1134615e+01   5.1445660e+01
   8.2115384e+00   1.2519231e+01   1.2495876e+02
   7.6346153e+00   8.1346154e+00   5.7728471e+01
   3.0192308e+00   1.4019231e+01   1.3611930e+02
  -4.4807692e+00   3.2884616e+00   1.6246430e+02
   1.9230775e-02   2.1346153e+00   3.4306225e+01
  -3.5576923e+00   7.5576923e+00   3.4160930e+01
   9.4230768e-01   1.0326923e+01   4.8271603e+01
   3.2500000e+00   1.1480769e+01   8.6735940e+01
   8.4423077e+00   1.1365385e+01   9.6724096e+01
   1.5192308e+00   4.7884616e+00   1.1319794e+01
  -1.7115384e+00   9.2884616e+00   8.6876445e+00
  -4.8269231e+00   6.5192308e+00   1.1458628e+02
   5.0961539e+00   9.7500000e+00   8.5943082e+01
   2.2115385e+00   9.1730769e+00   4.0995922e+01
  -4.1346153e+00   5.8269231e+00   8.5072013e+01
   1.0576923e+00   8.3653846e+00   2.9956565e+01
  -4.4230767e-01   1.1942308e+01   4.5854269e+01
  -2.2884616e+00   1.5576923e+00   8.0441451e+01
  -3.2692310e-01   9.8653846e+00   3.0190851e+01
   6.3653846e+00   9.8076922e-01   1.9584752e+01
   5.5576923e+00   9.4038461e+00   8.5394197e+01
   3.7115384e+00   7.6730769e+00   3.5562539e+01
  -1.5961539e+00   2.8846155e-01   8.3390454e+01
  -1.9423077e+00   6.7500000e+00   1.4515377e+01
   7.0576923e+00   4.0384613e-01   1.7500545e+01
  -3.2115384e+00   1.0903846e+01   2.7926044e+00
   3.9423077e+00   9.6346154e+00   6.5744576e+01
   2.6730769e+00   1.6730769e+00   2.4239472e+00
   3.8269231e+00   1.2980769e+01   1.2754841e+02
   8.2692310e-01   2.7115384e+00   2.0748527e+01
   5.9615388e-01   9.0576923e+00   3.3632022e+01
   4.7500000e+00   4.5576923e+00   2.0619159e+01
   5.7884616e+00   1.2634615e+01   1.5113230e+02
  -4.0192308e+00   8.4807692e+00   3.9899465e+01
   6.0192308e+00   6.1730769e+00   4.4999587e+01
   6.2500000e+00   1.3673077e+01   1.7770207e+02
   7.7500000e+00   1.7884616e+00   1.1129014e+01
  -2.0576923e+00   1.2288462e+01   1.1591248e+01
   4.4038461e+00   6.9807692e+00   3.7161904e+01
   9.9423077e+00   5.1346153e+00   6.4447327e+00
  -4.7115384e+00   1.3788462e+01   1.6637398e+01
  -9.0384612e-01   1.0442308e+01   2.4339685e+01
  -4.3653847e+00   7.7884615e+00   6.4815341e+01
  -4.2500000e+00   5.0192308e+00   1.0728773e+02
  -3.7884615e+00   1.4250000e+01   2.4719781e+00
   7.1730769e+00   5.4807692e+00   3.4108192e+01
  -2.6346153e+00   1.4365385e+01   1.2335029e+01
   9.4807692e+00   8.8269231e+00   4.0156986e+01
  -9.6153875e-02   6.3461535e-01   5.0023882e+01
   1.1730769e+00   1.1596154e+01   6.6795992e+01
   1.4038461e+00   6.4038461e+00   1.7276910e+01
