  -2.3088235e+00   2.8676470e+00   5.9723420e+01
   4.1323529e+00   8.0735294e+00   4.6267488e+01
   1.5735294e+00   1.1338235e+01   6.6565148e+01
   2.6323529e+00   3.5735294e+00   2.3694864e+00
   5.4558824e+00   9.3088235e+00   8.2868687e+01
  -3.7205882e+00   9.0441176e+00   2.3731244e+01
   4.9264706e+00   8.6029411e+00   6.5451804e+01
   1.6176468e-01   1.3191176e+01   7.4908538e+01
   2.5000000e-01   2.2058820e-01   4.8351378e+01
   7.7500000e+00   1.5441176e+00   1.1010921e+01
  -4.6029411e+00   9.8382353e+00   4.7696985e+01
   7.4852941e+00   8.8676471e+00   7.0352883e+01
   9.4264706e+00   9.3970589e+00   4.8293031e+01
  -1.0294115e-01   6.4852941e+00   1.9653738e+01
   3.9558824e+00   1.4779412e+01   1.7381056e+02
   8.7205882e+00   2.3382353e+00   2.8364665e+00
  -3.9852941e+00   8.4264706e+00   3.9235720e+01
   6.6029411e+00   1.0279412e+01   1.0294820e+02
   1.4852941e+00   7.2794118e+00   2.2098429e+01
   9.2500000e+00   5.8676471e+00   1.3048387e+01
   1.2205882e+00   5.5147059e+00   1.4894313e+01
   7.7941180e-01   1.4338235e+01   1.0708462e+02
  -2.6617647e+00   9.6617647e+00   3.7018250e+00
  -9.8529410e-01   5.7352943e-01   6.6001096e+01
   6.6911765e+00   3.2205882e+00   2.3165772e+01
   5.1911765e+00   1.4161765e+01   1.8193136e+02
  -2.7500000e+00   6.7500000e+00   2.2318971e+01
   8.1911765e+00   7.7205882e+00   4.3906061e+01
   1.3088235e+00   1.1867647e+01   7.2230579e+01
   2.0147059e+00   1.2838235e+01   9.6513674e+01
   2.7205882e+00   1.2132353e+01   9.1602890e+01
  -2.8382353e+00   1.0808824e+01   1.3973675e+00
   6.4264706e+00   7.8970588e+00   6.5605716e+01
   7.0441176e+00   4.2794118e+00   2.6442592e+01
  -2.0441176e+00   1.3455882e+01   1.9038893e+01
   3.0735294e+00   1.1161765e+01   7.8443537e+01
   4.0441176e+00   3.0882353e-01   5.9204662e+00
   1.3970588e+00   1.6323529e+00   1.7402110e+01
  -2.1323530e+00   3.9264706e+00   4.1545829e+01
  -1.2500000e+00   1.0632353e+01   1.8986561e+01
   4.2647057e-01   1.2794118e+00   3.5269013e+01
   8.6323529e+00   1.0720588e+01   8.1278205e+01
   9.5147059e+00   2.7794118e+00   4.8844874e-01
   1.0441176e+00   3.8382353e+00   1.5237314e+01
   3.6029412e+00   1.3367647e+01   1.3193097e+02
  -4.7794118e+00   3.3088235e+00   1.8617324e+02
  -3.1911765e+00   1.2926471e+01   6.9270320e-01
   8.9852941e+00   1.1691176e+01   9.2741039e+01
   8.8970589e+00   1.3897059e+01   1.4168206e+02
   4.4852941e+00   5.1617647e+00   2.1538582e+01
   5.1029411e+00   4.8970589e+00   2.7012174e+01
  -2.4852941e+00   1.2573529e+01   5.7055351e+00
   3.1617647e+00   6.3088235e+00   1.6798310e+01
   9.6029411e+00   1.0191176e+01   5.7730570e+01
   3.3823533e-01   8.9558824e+00   3.1164447e+01
   6.1617647e+00   1.3676471e+00   1.9604106e+01
   9.5588238e-01   1.3544118e+01   9.5595569e+01
  -4.4264706e+00   6.0441176e+00   9.8151316e+01
  -1.1617647e+00   1.4602941e+01   5.7109773e+01
   3.6911765e+00   7.4558824e+00   3.2841913e+01
  -1.3382353e+00   9.2647057e-01   6.7488513e+01
  -1.7794118e+00   5.0735294e+00   2.5379656e+01
   7.5735294e+00   5.9558824e+00   3.3815184e+01
   9.6911765e+00   1.2485294e+01   9.6314857e+01
   8.4558824e+00   4.1911765e+00   1.0381834e+01
   2.8970588e+00   8.3823533e-01   3.3573985e+00
   5.5441176e+00   1.0014706e+01   9.5732425e+01
  -4.9558824e+00   8.6911765e+00   8.2358965e+01
   3.7794118e+00   3.1323529e+00   3.9814447e+00
   4.8382353e+00   7.0147059e+00   4.3592437e+01
  -3.6323529e+00   1.1514706e+01   5.4153190e+00
  -1.9558824e+00   7.8088235e+00   9.6267840e+00
   8.3676471e+00   1.1911765e+00   5.5695906e+00
  -4.3382353e+00   2.5147059e+00   1.7087116e+02
   9.3382353e+00   1.9852941e+00   6.0827369e-01
  -3.2794118e+00   7.1911765e+00   2.9838130e+01
   2.5441176e+00   7.5441176e+00   2.4690946e+01
   1.6617647e+00   4.9852941e+00   1.0749102e+01
  -3.1029412e+00   1.8088235e+00   1.0801416e+02
  -1.8676471e+00   8.7794118e+00   7.6055701e+00
   8.0147059e+00   9.9264706e+00   7.8755441e+01
  -4.8676470e+00   1.1073529e+01   4.4368943e+01
   7.1323530e+00   1.3235295e-01   1.7526609e+01
   5.8088235e+00   3.3970589e+00   2.3754386e+01
  -3.5441176e+00   2.6029411e+00   1.1480849e+02
   8.8088235e+00   6.1323529e+00   1.9202190e+01
   6.5147059e+00   1.1029412e+00   1.9346044e+01
  -3.3676471e+00   3.4852941e+00   8.7869753e+01
  -2.3970589e+00   1.4691176e+01   2.0027357e+01
   6.8676471e+00   1.1426471e+01   1.2335256e+02
   2.1029412e+00   6.8382353e+00   1.8188106e+01
   6.9558824e+00   9.7500000e+00   9.0957339e+01
   9.7794118e+00   5.3382353e+00   7.4869169e+00
   8.2794118e+00   1.2308824e+01   1.1904444e+02
  -1.9117647e-01   1.0897059e+01   4.0477567e+01
  -2.7941180e-01   9.5735294e+00   2.8956300e+01
   9.1617647e+00   1.2220588e+01   9.9899997e+01
   7.8382353e+00   5.4264706e+00   2.5869089e+01
   8.6764705e-01   2.9558824e+00   1.9308189e+01
  -1.4705900e-02   5.2500000e+00   2.0199273e+01
  -1.5147059e+00   1.2044118e+01   2.1673846e+01
  -6.3235295e-01   1.4955882e+01   8.0120753e+01
   9.0735294e+00   6.6176467e-01   3.3339007e+00
   3.3382353e+00   9.2205882e+00   5.0907015e+01
   4.5735294e+00   4.8529410e-01   9.5505588e+00
  -4.5147059e+00   3.9705885e-01   2.4593470e+02
   5.8970589e+00   6.2205882e+00   4.5044248e+01
   2.9852941e+00   8.3382353e+00   3.5777019e+01
  -4.0735294e+00   1.2397059e+01   9.2464845e+00
   7.6617647e+00   1.4426471e+01   1.8179970e+02
   4.3088235e+00   1.3632353e+01   1.5243663e+02
   3.4264706e+00   1.0455882e+01   7.1220005e+01
   5.3676471e+00   1.3279412e+01   1.6226773e+02
  -2.5735294e+00   1.1779412e+01   2.5913974e+00
   7.3529425e-02   4.4558824e+00   2.1614752e+01
   6.9117648e-01   6.3970588e+00   1.9458727e+01
   2.4558824e+00   4.4117625e-02   1.0556695e+01
   5.2794118e+00   3.7500000e+00   2.1669148e+01
   4.2205882e+00   1.2661765e+01   1.2818404e+02
   5.9852941e+00   2.4264706e+00   2.0933483e+01
   2.8088235e+00   4.8088235e+00   6.0322692e+00
   5.0147059e+00   2.0735294e+00   1.3508570e+01
  -5.4411763e-01   1.3014706e+01   5.5553248e+01
   2.1911765e+00   1.4867647e+01   1.4212257e+02
  -3.6764705e-01   8.5147059e+00   2.2616646e+01
  -8.0882352e-01   4.5441176e+00   2.4624576e+01
   6.0735294e+00   1.1250000e+01   1.2243455e+02
   5.1470590e-01   8.2500000e+00   2.7568997e+01
  -4.6911765e+00   1.4558824e+00   2.3041798e+02
   6.3382353e+00   4.6323529e+00   3.2049943e+01
   3.8676470e+00   2.1617647e+00   2.9676783e+00
   7.9264706e+00   3.6617647e+00   1.3972794e+01
   5.7205882e+00   1.1955882e+01   1.3547392e+02
  -1.4264706e+00   3.0441176e+00   4.1510672e+01
  -3.8088235e+00   1.3720588e+01   2.5035877e+00
   2.3676471e+00   1.3985294e+01   1.2477942e+02
   8.5441176e+00   6.9264706e+00   2.9837108e+01
   7.2205882e+00   7.1029412e+00   5.0018069e+01
   2.2794118e+00   9.4852941e+00   4.5248980e+01
   4.7500000e+00   2.6911765e+00   1.2146787e+01
   8.1029411e+00   1.0985294e+01   9.5986063e+01
   1.7500000e+00   9.1323529e+00   3.8780248e+01
   7.3970589e+00   1.3102941e+01   1.5364642e+02
   1.8382353e+00   1.8970588e+00   1.0066962e+01
  -4.1617647e+00   4.7205882e+00   1.0780732e+02
  -4.5588237e-01   7.5000000e-01   5.4650374e+01
   7.3088235e+00   2.2500000e+00   1.5942470e+01
  -2.9264706e+00   8.1617647e+00   1.3595229e+01
  -3.8970588e+00   4.1029411e+00   1.0424098e+02
   1.9264706e+00   1.4514706e+01   1.2989603e+02
   5.6323529e+00   7.6323529e+00   5.9867790e+01
   4.6617647e+00   1.1602941e+01   1.1385882e+02
   4.3970588e+00   1.0367647e+01   8.5665538e+01
  -7.2058820e-01   5.6911765e+00   1.9533978e+01
   3.2500000e+00   4.3676471e+00   5.1878006e+00
  -1.0735294e+00   4.0147059e+00   2.9347177e+01
   9.9558824e+00   6.5735294e+00   1.4782258e+01
  -3.0147059e+00   5.6029412e+00   4.1041784e+01
   3.5147059e+00   5.7794118e+00   1.5327317e+01
   1.1323530e+00   1.0147059e+00   2.5290462e+01
  -3.4558824e+00   1.0544118e+01   7.1130189e+00
  -1.6029411e+00   1.7205882e+00   6.0992818e+01
   6.7794118e+00   1.3808824e+01   1.7875039e+02
  -2.2205882e+00   1.4073529e+01   1.9418805e+01
   6.0294115e-01   1.2750000e+01   7.6625147e+01
  -1.6911765e+00   1.0102941e+01   9.9323842e+00
   6.2500000e+00   1.4250000e+01   1.9254337e+02
   9.8676470e+00   7.9852941e+00   2.7450523e+01
  -8.9705885e-01   7.3676471e+00   1.6017769e+01
  -4.2500000e+00   6.6617647e+00   7.6877915e+01
