  -1.8593750e+00   1.4859375e+01   3.7007576e+01
   4.1406250e+00   1.2703125e+01   1.2753276e+02
   4.7031250e+00   1.4062500e-01   1.1427888e+01
   7.6562500e-01   1.1578125e+01   6.2093530e+01
   3.2968750e+00   2.9531250e+00   1.1472095e+00
   5.7343750e+00   2.3906250e+00   1.9802832e+01
   8.9218750e+00   6.1406250e+00   1.8047317e+01
   1.9843750e+00   3.0468750e+00   6.2331847e+00
   3.2031250e+00   6.0937500e-01   3.0343963e+00
   1.7031250e+00   1.4109375e+01   1.1783664e+02
   6.1093750e+00   4.2187500e-01   1.9915083e+01
  -4.8593750e+00   3.9843750e+00   1.7524789e+02
   7.5156250e+00   1.8281250e+00   1.3430029e+01
   3.7656250e+00   1.4484375e+01   1.6212199e+02
   6.2968750e+00   6.5156250e+00   4.8925225e+01
   7.0468750e+00   1.0640625e+01   1.0606747e+02
   8.6406250e+00   1.2328125e+01   1.1209397e+02
   7.1406250e+00   7.1718750e+00   5.1681189e+01
   4.0468750e+00   3.7031250e+00   8.1848293e+00
  -1.7187500e-01   1.2984375e+01   6.4444633e+01
   5.5468750e+00   4.9218750e+00   3.1367399e+01
   6.7656250e+00   1.3734375e+01   1.7698787e+02
  -2.6562500e-01   3.5156250e+00   2.7769839e+01
   3.8593750e+00   9.8437500e-01   3.4029212e+00
   4.9843750e+00   9.1406250e+00   7.4422763e+01
   2.4531250e+00   9.2343750e+00   4.3050366e+01
  -4.1093750e+00   1.2046875e+01   1.1709642e+01
  -4.2968750e+00   6.7968750e+00   7.7137747e+01
  -2.8906250e+00   5.1562500e-01   1.2534199e+02
   5.2656250e+00   6.4218750e+00   4.2299023e+01
   4.8906250e+00   1.5468750e+00   1.1760324e+01
   1.0468750e+00   2.8593750e+00   1.7415359e+01
   2.6406250e+00   7.7343750e+00   2.6941822e+01
   3.6718750e+00   1.1203125e+01   8.8306027e+01
   5.7812500e-01   4.5468750e+00   1.8373653e+01
   8.8281250e+00   5.5781250e+00   1.4733561e+01
   2.5468750e+00   1.4671875e+01   1.4335649e+02
   6.4843750e+00   1.3593750e+00   1.9469810e+01
   5.1718750e+00   3.2343750e+00   1.8299340e+01
   7.6093750e+00   1.4765625e+01   1.9178367e+02
   2.7343750e+00   1.2234375e+01   9.3734806e+01
   3.4843750e+00   8.3906250e+00   4.1504975e+01
  -4.0156250e+00   1.4578125e+01   3.8487481e+00
   9.2031250e+00   1.2890625e+01   1.1291325e+02
  -2.1406250e+00   6.0468750e+00   2.0438038e+01
   9.0156250e+00   1.1953125e+01   9.7262373e+01
   8.7343750e+00   9.8906250e+00   6.5583602e+01
   9.4843750e+00   1.1296875e+01   7.7347916e+01
   1.5625000e-02   1.7343750e+00   3.7585228e+01
  -7.3437500e-01   2.2968750e+00   4.1546469e+01
   7.7968750e+00   1.4203125e+01   1.7333880e+02
  -4.5781250e+00   1.0921875e+01   3.4440291e+01
  -2.7968750e+00   2.7656250e+00   7.6588177e+01
   8.2656250e+00   2.6718750e+00   7.1601791e+00
  -3.5468750e+00   1.2796875e+01   1.3997895e+00
   9.9531250e+00   8.5781250e+00   3.3307255e+01
   9.5781250e+00   1.0265625e+01   5.9159139e+01
  -2.9843750e+00   1.1484375e+01   6.8935740e-01
   2.0312500e-01   4.6875000e-02   5.1159862e+01
  -1.7656250e+00   1.9218750e+00   6.1298682e+01
   4.3281250e+00   1.0359375e+01   8.4330966e+01
   2.9218750e+00   3.6093750e+00   1.9668938e+00
  -3.7343750e+00   1.0546875e+01   1.2264063e+01
  -1.3906250e+00   5.1093750e+00   2.2967953e+01
   7.4218750e+00   3.8906250e+00   2.0713150e+01
   1.1406250e+00   1.1109375e+01   5.9656841e+01
   5.6406250e+00   1.4390625e+01   1.9345478e+02
   4.7968750e+00   1.3078125e+01   1.4863910e+02
   8.0781250e+00   7.0312500e-01   8.6230049e+00
   3.9531250e+00   5.6718750e+00   1.8950500e+01
  -2.3281250e+00   3.7968750e+00   4.7077803e+01
  -3.5937500e-01   9.4218750e+00   2.7015878e+01
   5.0781250e+00   7.3593750e+00   5.0767822e+01
  -4.4843750e+00   1.4953125e+01   8.4407656e+00
   9.6718750e+00   1.6406250e+00   1.7934950e+00
   9.5312500e-01   8.2031250e+00   2.8540494e+01
   6.9531250e+00   1.1859375e+01   1.3159059e+02
  -4.3906250e+00   1.0781250e+00   2.1432738e+02
  -5.4687500e-01   8.4843750e+00   2.0683443e+01
   6.2031250e+00   8.7656250e+00   7.8359541e+01
   5.3593750e+00   1.3921875e+01   1.7812188e+02
  -2.7031250e+00   7.4531250e+00   1.5692825e+01
   3.9062500e-01   8.8593750e+00   3.0859825e+01
  -4.2031250e+00   3.4218750e+00   1.3871682e+02
   4.4218750e+00   2.1093750e+00   7.6352483e+00
   4.8437500e-01   1.3640625e+01   8.8742437e+01
   1.4218750e+00   1.2421875e+01   8.2383121e+01
  -1.0156250e+00   1.1015625e+01   2.5727626e+01
  -4.9531250e+00   2.5781250e+00   2.2179640e+02
  -2.4218750e+00   1.2140625e+01   5.1151805e+00
   7.2343750e+00   4.7343750e+00   2.7736769e+01
   2.2656250e+00   1.0453125e+01   5.8551071e+01
  -1.5781250e+00   1.0078125e+01   1.1478982e+01
   4.5156250e+00   4.2656250e+00   1.6065526e+01
  -1.1093750e+00   9.6093750e+00   1.7113483e+01
   9.2968750e+00   7.6406250e+00   2.8263985e+01
   6.6718750e+00   7.5468750e+00   6.0037895e+01
   7.3281250e+00   9.9843750e+00   9.0684914e+01
   1.2343750e+00   6.2343750e+00   1.7178200e+01
   8.3593750e+00   3.2812500e-01   7.2966446e+00
  -2.6093750e+00   5.2031250e+00   3.5708160e+01
   9.1093750e+00   1.4296875e+01   1.4667893e+02
   7.9843750e+00   1.1390625e+01   1.0602254e+02
   3.5781250e+00   4.6406250e+00   8.4884700e+00
   2.3593750e+00   1.3171875e+01   1.0738815e+02
   5.8281250e+00   8.0156250e+00   6.6281308e+01
  -1.4843750e+00   3.3281250e+00   3.9120262e+01
   1.0937500e-01   2.4843750e+00   3.0721018e+01
  -4.6718750e+00   5.8593750e+00   1.1768333e+02
  -2.2343750e+00   8.2968750e+00   7.7116066e+00
  -9.2187500e-01   1.3453125e+01   5.0331693e+01
  -1.2968750e+00   1.2515625e+01   3.0526843e+01
   7.8906250e+00   9.0468750e+00   6.6830763e+01
  -4.7656250e+00   8.6718750e+00   7.2082981e+01
  -3.8281250e+00   1.4531250e+00   1.5964095e+02
   1.7968750e+00   5.2968750e+00   1.0873767e+01
  -2.0468750e+00   1.3359375e+01   1.8276026e+01
   8.4531250e+00   8.1093750e+00   4.4679514e+01
  -3.4531250e+00   7.9218750e+00   2.7016656e+01
   5.9218750e+00   1.0828125e+01   1.1351424e+02
   4.2343750e+00   1.1765625e+01   1.0938988e+02
   1.3281250e+00   9.5156250e+00   4.1483891e+01
   2.9687500e-01   1.0171875e+01   4.0646580e+01
   5.4531250e+00   7.9687500e-01   1.6613551e+01
  -1.2031250e+00   1.4015625e+01   4.8424402e+01
   8.5937500e-01   1.1718750e+00   2.8912991e+01
   2.0781250e+00   4.0781250e+00   6.0199027e+00
   2.1718750e+00   5.7656250e+00   1.1396955e+01
   6.7187500e-01   7.2656250e+00   2.2698201e+01
   7.7031250e+00   6.6093750e+00   3.8521667e+01
  -2.5156250e+00   1.3828125e+01   1.1259665e+01
  -1.9531250e+00   4.1718750e+00   3.5896224e+01
   8.5468750e+00   6.8906250e+00   2.9435604e+01
  -7.8125000e-02   1.1671875e+01   5.0339223e+01
  -3.3593750e+00   5.4843750e+00   5.4209079e+01
   1.8906250e+00   6.7031250e+00   1.7546047e+01
  -1.6718750e+00   7.8281250e+00   1.0456334e+01
   3.1093750e+00   9.7031250e+00   5.5205291e+01
   8.1718750e+00   5.9531250e+00   2.5766538e+01
  -3.0781250e+00   6.3281250e+00   3.3997708e+01
  -3.2656250e+00   2.2031250e+00   1.0804883e+02
   6.5781250e+00   1.2609375e+01   1.5117885e+02
  -4.5312500e-01   1.0734375e+01   3.4526716e+01
   9.7656250e+00   4.4531250e+00   3.7579315e+00
  -6.4062500e-01   7.0781250e+00   1.7698259e+01
   6.3906250e+00   4.8281250e+00   3.3409068e+01
   6.0156250e+00   9.7968750e+00   9.4883371e+01
   1.5156250e+00   1.2656250e+00   1.7388314e+01
  -3.1718750e+00   1.3265625e+01   1.2445195e+00
   9.8593750e+00   6.9843750e+00   1.8251585e+01
   3.3906250e+00   1.3546875e+01   1.3198155e+02
   9.3906250e+00   9.3281250e+00   4.7762425e+01
   3.0156250e+00   2.0156250e+00   6.0332581e-01
   2.8281250e+00   2.3437500e-01   6.1455892e+00
  -8.2812500e-01   8.9062500e-01   5.8951378e+01
   1.6093750e+00   8.9531250e+00   3.6461285e+01
  -3.6406250e+00   4.3593750e+00   8.5238168e+01
   6.8593750e+00   3.1406250e+00   2.1969808e+01
  -3.9218750e+00   5.0156250e+00   8.8059302e+01
   4.6093750e+00   5.3906250e+00   2.4868725e+01
