   8.3750000e+00   1.4125000e+01   1.5881044e+02
   5.9583333e+00   1.4041667e+01   1.8650143e+02
   8.0416667e+00   7.7916667e+00   4.7098839e+01
   5.5416667e+00   1.0791667e+01   1.1009234e+02
   9.2083333e+00   6.1250000e+00   1.5264215e+01
   6.0416666e+00   2.6250000e+00   2.1649509e+01
   3.7500002e-01   4.1666700e-02   4.7875675e+01
   8.8750000e+00   1.0291667e+01   6.9733016e+01
   2.6250000e+00   6.7083333e+00   1.7618819e+01
   5.4166668e-01   6.7916667e+00   2.0838556e+01
   1.2499998e-01   1.1541667e+01   5.2458630e+01
   8.7916667e+00   7.0416667e+00   2.7750545e+01
  -3.2916666e+00   9.7916667e+00   8.6106921e+00
   6.5416667e+00   6.3750000e+00   4.6931172e+01
  -1.7083333e+00   3.3750000e+00   4.1412318e+01
  -1.3750000e+00   7.3750000e+00   1.2986629e+01
   2.9166670e-01   3.2083334e+00   2.4664945e+01
  -4.5833330e-01   1.8750000e+00   4.2441087e+01
   2.1250000e+00   5.8750000e+00   1.2095369e+01
   1.6250000e+00   4.7083334e+00   1.0388897e+01
   6.2083333e+00   4.5833332e-01   1.9984836e+01
  -3.2083333e+00   8.6250000e+00   1.4942752e+01
  -1.2083333e+00   2.3750000e+00   4.6314892e+01
  -3.3750000e+00   1.3708333e+01   1.4071097e+00
   5.3750000e+00   1.7083334e+00   1.6188635e+01
   9.0416666e+00   2.9583333e+00   1.7141932e+00
  -4.1250000e+00   4.3750000e+00   1.1259531e+02
   9.1250000e+00   3.9583333e+00   3.8003428e+00
   7.7916667e+00   5.9583333e+00   3.0995434e+01
  -1.9583333e+00   1.1125000e+01   8.6597894e+00
  -4.0416667e+00   6.2083334e+00   7.3494291e+01
   8.4583333e+00   2.8750000e+00   5.7418573e+00
  -2.7083333e+00   4.0416667e+00   5.3360909e+01
   1.2916667e+00   1.3750000e+00   2.0400568e+01
  -5.4166670e-01   6.4583333e+00   1.8422639e+01
  -4.7083333e+00   4.9583333e+00   1.3989885e+02
  -2.9583334e+00   5.2083333e+00   4.4523388e+01
  -1.6250000e+00   1.3208333e+01   2.7806212e+01
   2.0833330e-01   1.2291667e+01   6.3187545e+01
   5.2083333e+00   1.3375000e+01   1.6243405e+02
   9.7916666e+00   1.0958333e+01   6.7564862e+01
   4.9583334e+00   1.3875000e+01   1.7085659e+02
  -2.0833332e-01   2.5416667e+00   3.3800406e+01
   6.7083333e+00   3.6250000e+00   2.4938036e+01
   2.9583333e+00   1.0708333e+01   6.9217770e+01
   6.2500000e-01   1.3791667e+01   9.4103299e+01
  -1.2916667e+00   1.7916667e+00   5.4630996e+01
   1.9583333e+00   1.2708333e+01   9.3414315e+01
   5.7083334e+00   8.5416667e+00   7.3074763e+01
   8.1250000e+00   1.2041667e+01   1.1652344e+02
   2.2083333e+00   1.1875000e+01   8.1016518e+01
   3.3750000e+00   1.2958333e+01   1.1856138e+02
   1.7083333e+00   1.1375000e+01   6.8233821e+01
   5.4583333e+00   9.7083333e+00   8.9562611e+01
   1.8750000e+00   1.0208333e+01   5.2528859e+01
  -3.7499998e-01   8.4583334e+00   2.2332726e+01
  -2.1250000e+00   2.9166668e-01   9.8527681e+01
  -3.1250000e+00   1.2625000e+01   5.5118478e-01
  -2.7916667e+00   9.0416667e+00   6.7792006e+00
   7.2083333e+00   1.4625000e+01   1.9493551e+02
  -2.5416666e+00   6.2499997e-01   1.0723410e+02
   1.4583333e+00   8.7083333e+00   3.3683843e+01
   2.7083333e+00   2.0416666e+00   1.6396791e+00
   4.4583333e+00   1.4208333e+01   1.6979811e+02
   1.2083333e+00   1.0375000e+01   5.0730738e+01
   4.1250000e+00   9.5833335e-01   5.1338036e+00
   5.8750000e+00   1.2208333e+01   1.4201884e+02
   7.2916667e+00   1.9583333e+00   1.5602142e+01
  -8.7500000e-01   1.1291667e+01   3.0596095e+01
   9.8750000e+00   4.1250000e+00   2.9023747e+00
  -2.2916667e+00   2.1250000e+00   7.0914432e+01
   4.2083334e+00   2.2083333e+00   5.7445818e+00
   2.2916667e+00   2.2916667e+00   4.2090576e+00
   4.5416666e+00   3.7916667e+00   1.3916090e+01
   5.2916666e+00   1.2083333e+00   1.5256551e+01
   7.0416667e+00   4.5416667e+00   2.8147010e+01
   8.9583333e+00   1.1458333e+01   8.8821519e+01
   6.6250000e+00   9.9583334e+00   9.7057185e+01
   9.4583334e+00   1.3041667e+01   1.1145730e+02
   2.5416667e+00   5.2916667e+00   8.3362082e+00
   8.2083333e+00   7.9166670e-01   7.3880110e+00
   1.1250000e+00   4.4583333e+00   1.4147486e+01
   9.5833330e-01   1.2541667e+01   7.8694912e+01
  -2.9166665e-01   4.7916667e+00   2.2030833e+01
  -2.3750000e+00   1.3625000e+01   1.2795684e+01
   6.7916666e+00   5.7083333e+00   3.9169472e+01
   6.4583334e+00   1.2458333e+01   1.4825036e+02
   1.5416666e+00   3.0416667e+00   1.0938576e+01
  -2.2083333e+00   5.0416666e+00   3.0325297e+01
   8.7083334e+00   1.6250000e+00   2.8559388e+00
   7.8750000e+00   3.2916667e+00   1.3087558e+01
   6.1250000e+00   9.2916667e+00   8.6615168e+01
   3.7083333e+00   1.0125000e+01   6.9969621e+01
  -4.9583333e+00   7.5416667e+00   1.0307826e+02
  -4.6250000e+00   1.3958333e+01   1.3853159e+01
   2.0416667e+00   7.1250000e+00   2.0358171e+01
  -7.9166667e-01   5.1250000e+00   2.1657420e+01
   4.7916667e+00   6.9583333e+00   4.2327107e+01
  -3.4583333e+00   3.8750000e+00   8.5040824e+01
  -4.2916667e+00   9.1250000e+00   4.3102757e+01
   2.8750000e+00   3.7083333e+00   2.2163474e+00
   1.3750000e+00   5.5416667e+00   1.4075693e+01
   4.6250000e+00   5.3750000e+00   2.4943330e+01
   7.9166665e-01   7.6250000e+00   2.4609508e+01
   3.2083333e+00   1.2500003e-01   4.8230807e+00
   8.5416667e+00   1.2791667e+01   1.2404509e+02
   1.7916667e+00   1.3458333e+01   1.0581073e+02
   7.1250000e+00   6.8750000e+00   4.8393840e+01
   5.6250000e+00   6.5416666e+00   4.6828169e+01
   7.0833333e-01   8.8750000e+00   3.2796448e+01
   3.1250000e+00   1.1250000e+00   1.7517212e+00
  -1.2500000e-01   7.4583333e+00   2.1108176e+01
   4.8750000e+00   2.4583334e+00   1.2870115e+01
  -1.7916666e+00   9.3750000e+00   7.9082135e+00
   7.6250000e+00   4.8750000e+00   2.4427418e+01
   2.7916667e+00   1.1625000e+01   8.3086745e+01
  -3.7916667e+00   5.4583334e+00   7.3480995e+01
  -4.3750000e+00   1.2875000e+01   1.3378656e+01
  -1.4583333e+00   4.2916666e+00   2.9602749e+01
   7.5416666e+00   1.3125000e+01   1.5172683e+02
  -7.0833335e-01   3.4583333e+00   3.1233790e+01
   4.0416667e+00   1.3291667e+01   1.3891541e+02
   8.7499997e-01   9.6250000e+00   4.0348522e+01
   9.2916667e+00   4.6250000e+00   5.5903992e+00
  -9.5833332e-01   8.7500002e-01   6.1337819e+01
  -2.0416667e+00   1.0458333e+01   6.0933573e+00
  -4.8750000e+00   6.6250000e+00   1.1567521e+02
   1.0416667e+00   1.4875000e+01   1.2285498e+02
   8.6250000e+00   8.9583333e+00   5.3368919e+01
   6.2916667e+00   7.2916667e+00   5.7935045e+01
  -1.0416667e+00   5.7916666e+00   1.8872502e+01
   7.7083333e+00   1.2916666e+00   1.1407066e+01
  -1.5416667e+00   1.4958333e+01   4.8690620e+01
   4.2916667e+00   9.4583333e+00   6.8636292e+01
   4.7083333e+00   1.2125000e+01   1.2562530e+02
   9.9583333e+00   1.2375000e+01   9.0340090e+01
  -3.9583333e+00   8.1250000e+00   4.1853965e+01
   7.3750000e+00   1.0541667e+01   1.0004186e+02
   6.9583333e+00   8.3750000e+00   6.9258161e+01
   3.7916666e+00   9.2083334e+00   5.6905007e+01
   3.5416667e+00   3.5416667e+00   3.5834810e+00
  -2.6250000e+00   8.0416667e+00   1.0809462e+01
   2.3750000e+00   7.7083333e+00   2.5737424e+01
  -3.6250000e+00   1.4708333e+01   3.0392101e+00
  -1.1250000e+00   9.8750000e+00   1.7830477e+01
  -3.5416667e+00   7.2083333e+00   3.7744340e+01
   6.3750000e+00   1.1041667e+01   1.1831866e+02
   3.8750000e+00   1.4583333e+00   2.9653321e+00
   9.6250000e+00   8.7916666e+00   3.8321203e+01
   3.6250000e+00   1.1208333e+01   8.7619034e+01
   3.9583333e+00   1.4541667e+01   1.6771302e+02
  -3.0416667e+00   2.7083333e+00   8.7453836e+01
  -2.4583333e+00   1.1958333e+01   4.1537553e+00
   9.5416667e+00   1.0041667e+01   5.6209098e+01
  -4.4583334e+00   8.2083333e+00   6.3165069e+01
   3.4583334e+00   1.4791667e+01   1.6345638e+02
   7.9583334e+00   9.5416666e+00   7.3413891e+01
  -4.1666675e-02   7.0833330e-01   4.8304145e+01
  -4.2083333e+00   1.0416667e+00   1.9979667e+02
  -3.8750000e+00   1.1708333e+01   8.6204060e+00
   9.3750000e+00   3.7500000e-01   4.6465091e+00
  -3.7083334e+00   2.0833335e-01   1.8334471e+02
   6.8750000e+00   1.1791667e+01   1.3091459e+02
  -4.7916666e+00   5.4166665e-01   2.6838197e+02
  -2.8750000e+00   1.0875000e+01   1.3276753e+00
   4.1666650e-02   1.3541667e+01   7.7471745e+01
   3.2916667e+00   6.0416667e+00   1.5566376e+01
   3.0416667e+00   8.2916667e+00   3.5699082e+01
   4.5833335e-01   1.0625000e+01   4.6991455e+01
   5.1250000e+00   4.2083333e+00   2.2682735e+01
   9.7083333e+00   1.5416667e+00   2.1805949e+00
  -6.2500003e-01   1.4375000e+01   7.1513204e+01
   8.2916666e+00   6.2916667e+00   2.7151011e+01
  -4.5416667e+00   1.4458333e+01   1.0426758e+01
   7.4583333e+00   2.7916667e+00   1.5878880e+01
   5.0416667e+00   7.9583333e+00   5.7977935e+01
   2.4583333e+00   1.4291667e+01   1.3305000e+02
   5.7916667e+00   5.6250000e+00   3.8800398e+01
  -1.8750000e+00   7.8750000e+00   9.5678134e+00
   4.3750000e+00   3.1250000e+00   9.4308431e+00
