  -4.9318182e+00   4.8409091e+00   1.5972370e+02
  -1.5909087e-01   4.2954545e+00   2.3326439e+01
   7.4772727e+00   1.2477273e+01   1.3796777e+02
  -1.6590909e+00   1.3022727e+01   2.5366884e+01
   8.0227273e+00   1.1931818e+01   1.1624667e+02
   2.7045455e+00   1.4931818e+01   1.5237667e+02
   5.1590909e+00   1.3840909e+01   1.7324727e+02
   9.9318182e+00   4.9772727e+00   5.7731284e+00
  -1.3863637e+00   1.1113636e+01   1.8830547e+01
   4.8863636e+00   5.7954545e+00   3.1803029e+01
   5.5681818e+00   9.0681818e+00   8.0054478e+01
   3.9318182e+00   5.3863636e+00   1.6543441e+01
   4.7500000e+00   1.1795455e+01   1.1936696e+02
   4.3409091e+00   3.6136363e+00   1.0874731e+01
   6.6590909e+00   1.4250000e+01   1.9106028e+02
   7.2045455e+00   2.5227273e+00   1.7454730e+01
  -1.7954545e+00   8.5227273e+00   8.4253194e+00
   6.5909087e-01   3.0681818e+00   2.1350511e+01
  -2.3409091e+00   2.1136364e+00   7.2536400e+01
  -8.4090913e-01   6.8863636e+00   1.6697763e+01
  -4.5227273e+00   1.4522727e+01   9.9265903e+00
   5.4318182e+00   1.0568182e+01   1.0471830e+02
   8.5681818e+00   6.8181825e-02   6.8755119e+00
  -2.6136364e+00   4.7045455e+00   4.1871230e+01
  -2.2045455e+00   1.3568182e+01   1.6090477e+01
   5.0227273e+00   7.5681818e+00   5.2660879e+01
  -9.7727270e-01   9.7500000e+00   1.9660370e+01
  -5.6818182e-01   2.2500000e+00   4.0145797e+01
   9.1136364e+00   1.2750000e+01   1.1163347e+02
   2.5000000e-01   9.8863636e+00   3.7589296e+01
   2.4318182e+00   1.2613636e+01   9.7195727e+01
   6.7954545e+00   8.2500000e+00   6.8776599e+01
   9.3863636e+00   6.0681818e+00   1.3548456e+01
   4.4772727e+00   8.3863636e+00   5.5684628e+01
   7.7500000e+00   8.7954545e+00   6.5325604e+01
   6.9318182e+00   4.0227273e+00   2.5761587e+01
   1.3409091e+00   1.1590909e+00   2.0826112e+01
   1.6136363e+00   1.3295455e+01   1.0035751e+02
   3.1136364e+00   4.7727270e-01   3.7126936e+00
  -7.0454547e-01   1.3431818e+01   5.6333096e+01
  -2.0681818e+00   2.7954545e+00   5.5103141e+01
  -2.9545452e-01   7.8409091e+00   2.1034025e+01
   9.3181818e-01   9.2045455e+00   3.6660852e+01
  -3.2954545e+00   1.4659091e+01   4.5565106e+00
  -3.7045455e+00   1.2340909e+01   3.6430874e+00
   8.1590909e+00   1.7045455e+00   7.1236921e+00
   5.2954545e+00   2.0454547e-01   1.6266980e+01
   3.2500000e+00   1.2954545e+00   1.2580051e+00
  -4.3181818e-01   1.0227273e+00   5.1081112e+01
   1.0681818e+00   2.3863636e+00   1.8873125e+01
   3.5227273e+00   1.2204545e+01   1.0529039e+02
   2.8409091e+00   5.9318182e+00   1.2461211e+01
  -3.8409091e+00   1.5681818e+00   1.5766961e+02
   7.0681818e+00   5.2500000e+00   3.3157761e+01
   3.7954545e+00   1.4795455e+01   1.7073277e+02
   9.7954545e+00   7.4318182e+00   2.2453566e+01
  -4.3863636e+00   1.0431818e+01   3.2274150e+01
  -3.9772727e+00   8.1136364e+00   4.2746723e+01
   3.8636365e-01   5.6590909e+00   1.8959181e+01
  -3.4318182e+00   2.6590909e+00   1.0739004e+02
   7.8863636e+00   7.1590909e+00   4.1906465e+01
   4.0681818e+00   1.0840909e+01   8.8461737e+01
  -2.2727300e-02   3.4090912e-01   5.2036408e+01
   5.9772727e+00   1.1659091e+01   1.3060105e+02
  -4.7954545e+00   3.3409091e+00   1.8667920e+02
   1.8863636e+00   3.8863637e+00   7.2038997e+00
  -4.6590909e+00   8.9318182e+00   6.2597289e+01
   1.4772727e+00   1.2068182e+01   7.7114166e+01
   6.5227273e+00   1.0295455e+01   1.0360800e+02
  -1.2500000e+00   1.4318182e+00   5.8718188e+01
  -2.8863636e+00   6.3409091e+00   2.9108567e+01
   7.6136364e+00   4.5681818e+00   2.2507517e+01
   7.9545453e-01   7.7045455e+00   2.5066317e+01
   8.8409091e+00   1.1386364e+01   8.9595028e+01
   2.9772727e+00   7.2954545e+00   2.4427791e+01
  -3.5681818e+00   7.0227273e+00   4.0960724e+01
   4.6136364e+00   1.3159091e+01   1.4716625e+02
   2.2954545e+00   8.6590909e+00   3.5351368e+01
  -2.4772727e+00   1.0022727e+01   2.9479420e+00
   8.9772727e+00   1.0159091e+01   6.5915894e+01
   6.1136364e+00   6.1363635e-01   1.9699343e+01
   6.3863636e+00   1.9772727e+00   2.0312501e+01
   9.2500000e+00   3.2045455e+00   1.3063520e+00
   5.8409091e+00   1.2886364e+01   1.5733288e+02
   1.1363635e-01   1.3704545e+01   8.1693462e+01
   4.2045455e+00   9.6136364e+00   6.9677072e+01
   2.5681818e+00   2.9318182e+00   1.9616359e+00
   5.7045455e+00   3.7500000e+00   2.4930448e+01
  -4.1136364e+00   8.8636365e-01   1.9632069e+02
   3.6590909e+00   7.9772727e+00   3.8515297e+01
   2.1590909e+00   1.8409091e+00   6.4270172e+00
   9.5227273e+00   9.3409091e+00   4.6440079e+01
  -1.1136363e+00   4.4318182e+00   2.6494001e+01
  -2.7500000e+00   1.1522727e+01   1.1533083e+00
  -1.9318182e+00   1.4386364e+01   2.9933984e+01
   1.2045455e+00   1.1250000e+01   6.2154282e+01
   1.7500000e+00   5.1136364e+00   1.0548133e+01
  -3.0227273e+00   1.0704545e+01   2.1210270e+00
   2.0227273e+00   6.4772727e+00   1.5842912e+01
   3.3863636e+00   4.1590909e+00   4.9575719e+00
   8.7045455e+00   6.6136364e+00   2.4677042e+01
   6.2500000e+00   6.7500000e+00   5.1529656e+01
   7.3409091e+00   7.5000000e-01   1.4992251e+01
   8.2954545e+00   1.3977273e+01   1.5694441e+02
   8.4318182e+00   3.4772727e+00   7.6878006e+00
   9.6590909e+00   1.0977273e+01   6.9509315e+01
  -1.5227273e+00   6.2045455e+00   1.6804179e+01
   5.2272730e-01   1.4113636e+01   9.7713012e+01
  -3.1590909e+00   9.4772727e+00   8.4639309e+00
  -4.2500000e+00   5.5227273e+00   9.7392512e+01
