  -4.0625000e+00   1.2812500e+01   7.3767861e+00
  -5.6249998e-01   6.5625000e+00   1.8262255e+01
  -3.0625000e+00   8.8125000e+00   1.1141937e+01
   8.8125000e+00   1.1937500e+01   1.0075783e+02
   4.3125000e+00   6.0625000e+00   2.6724047e+01
   5.4375000e+00   4.8125000e+00   2.9669115e+01
   5.8125000e+00   1.4062500e+01   1.8623099e+02
  -3.5625000e+00   2.6875000e+00   1.1406133e+02
  -4.3125000e+00   6.6875000e+00   7.9853879e+01
   8.9375000e+00   4.6875000e+00   8.2383721e+00
   3.3125000e+00   1.4437500e+01   1.5163130e+02
   8.6875000e+00   2.1875000e+00   2.9613390e+00
   9.3750002e-01   1.0562500e+01   5.0978494e+01
  -3.9375000e+00   8.0625000e+00   4.1809979e+01
   7.6875000e+00   5.1875000e+00   2.5940407e+01
   1.3125000e+00   1.2062500e+01   7.5319653e+01
  -3.1875000e+00   1.0812500e+01   2.8826427e+00
   6.5625000e+00   9.8125000e+00   9.4807452e+01
   3.1249997e-01   2.5625000e+00   2.7855834e+01
  -4.9375000e+00   6.3125000e+00   1.2652962e+02
   7.5625000e+00   1.1562500e+01   1.1701060e+02
  -8.1250002e-01   8.5625000e+00   1.8005289e+01
  -1.8749998e-01   1.2312500e+01   5.5548425e+01
   2.8125000e+00   1.2437500e+01   9.8762131e+01
   3.5625000e+00   1.3125000e+00   1.6678041e+00
   7.4375000e+00   9.5625000e+00   8.2006834e+01
   4.1875000e+00   1.4937500e+01   1.8305959e+02
   1.8750002e-01   1.4187500e+01   9.1367523e+01
  -1.0625000e+00   1.1687500e+01   2.9500689e+01
   2.6875000e+00   3.6875000e+00   2.4354459e+00
  -2.5625000e+00   1.1312500e+01   2.1123208e+00
   2.9375000e+00   4.5625000e+00   5.1041161e+00
  -6.2500025e-02   6.2499975e-02   5.6034487e+01
   3.8125000e+00   1.1437500e+01   9.5169081e+01
   1.5625000e+00   6.8125000e+00   1.8983345e+01
   5.1875000e+00   1.5625000e+00   1.4509524e+01
   1.1875000e+00   3.0625000e+00   1.5103170e+01
  -2.3125000e+00   4.4375000e+00   3.8723233e+01
  -4.5625000e+00   7.1875000e+00   8.5358082e+01
   7.9375000e+00   7.9375000e+00   5.0560533e+01
   5.0625000e+00   1.0187500e+01   9.3107423e+01
   5.3125000e+00   1.2187500e+01   1.3634953e+02
  -4.1875000e+00   4.0625000e+00   1.2328825e+02
   1.9375000e+00   1.8750000e-01   1.6885892e+01
   7.3125000e+00   3.5625000e+00   2.0206225e+01
  -3.6875000e+00   1.0062500e+01   1.4488069e+01
   4.5625000e+00   7.3125000e+00   4.3196851e+01
   4.6875000e+00   1.1187500e+01   1.0598460e+02
  -6.8750000e-01   4.3749997e-01   6.2549015e+01
   3.4375000e+00   1.0312500e+01   6.8992513e+01
   3.0625000e+00   7.0625000e+00   2.2753632e+01
  -4.3750002e-01   1.8125000e+00   4.2791388e+01
   9.1875000e+00   9.0625000e+00   4.6640420e+01
   3.6875000e+00   1.2937500e+01   1.2389007e+02
  -3.8125000e+00   4.9375000e+00   8.3623121e+01
  -4.4375000e+00   1.1812500e+01   2.1786712e+01
   9.3125000e+00   8.1875000e+00   3.4163110e+01
   5.9375000e+00   1.3187500e+01   1.6503457e+02
  -1.1875000e+00   3.1875000e+00   3.7450657e+01
   8.4375000e+00   6.8750002e-01   5.8773441e+00
   6.8125000e+00   2.8125000e+00   2.1041894e+01
  -1.3125000e+00   1.3312500e+01   3.7463214e+01
   4.4375000e+00   2.4375000e+00   8.3078739e+00
   3.1875000e+00   3.3125000e+00   1.5593951e+00
   6.2500000e-02   1.1062500e+01   4.6224108e+01
   5.5625000e+00   3.1250003e-01   1.7906235e+01
   9.9375000e+00   5.5625000e+00   8.5024901e+00
   8.3125000e+00   8.9375000e+00   5.8180660e+01
  -2.6875000e+00   9.3750000e-01   1.0690230e+02
  -4.8125000e+00   9.6875000e+00   5.9453696e+01
  -1.6875000e+00   8.3125000e+00   9.4311885e+00
   6.6875000e+00   5.3125000e+00   3.6287881e+01
   6.1875000e+00   1.4375000e+00   1.9673357e+01
   9.5625000e+00   1.3687500e+01   1.2356294e+02
  -2.9375000e+00   1.2562500e+01   1.1940911e+00
   1.8125000e+00   1.3062500e+01   9.8385235e+01
   6.0625000e+00   3.8125000e+00   2.6730873e+01
   8.5625000e+00   6.9375000e+00   2.9698594e+01
   3.9375000e+00   5.0625000e+00   1.4346689e+01
  -3.4375000e+00   1.3937500e+01   1.6989129e+00
   9.6875000e+00   1.0437500e+01   6.0510755e+01
   4.3750000e-01   1.1875000e+00   3.5844976e+01
   5.6875000e+00   5.6875000e+00   3.8747551e+01
  -1.5625000e+00   9.9375000e+00   1.1368595e+01
  -1.4375000e+00   5.6250000e-01   7.5152998e+01
  -2.8125000e+00   3.9375000e+00   5.8075884e+01
  -9.3749997e-01   4.1875000e+00   2.7366114e+01
   7.0625000e+00   1.9375000e+00   1.7370001e+01
  -2.4375000e+00   1.3562500e+01   1.1181771e+01
  -1.8125000e+00   2.3125000e+00   5.6653723e+01
  -2.1875000e+00   1.4687500e+01   2.5494696e+01
   2.3125000e+00   1.0687500e+01   6.2451569e+01
   6.8749997e-01   4.3125000e+00   1.7849048e+01
   2.0625000e+00   2.0625000e+00   6.9173132e+00
   2.5625000e+00   8.4375000e+00   3.4084741e+01
   4.0625000e+00   9.3125000e+00   6.2652940e+01
   9.8125000e+00   6.4375000e+00   1.4186285e+01
   7.8125000e+00   2.9375000e+00   1.2608424e+01
   8.1250000e-01   1.4562500e+01   1.1206301e+02
  -4.6875000e+00   8.1249997e-01   2.4959008e+02
  -1.9375000e+00   5.9375000e+00   1.9741952e+01
  -3.3125000e+00   5.4375000e+00   5.3129354e+01
   5.6250002e-01   9.4375000e+00   3.6542826e+01
   2.4375000e+00   5.8125000e+00   1.1233182e+01
  -3.1250000e-01   7.8125000e+00   2.0833634e+01
   6.9375000e+00   1.2687500e+01   1.5013047e+02
   6.3125000e+00   1.4812500e+01   2.0760201e+02
   8.1875000e+00   6.1875000e+00   2.7635637e+01
   9.4375000e+00   3.4375000e+00   1.3044882e+00
  -2.0625000e+00   7.4375000e+00   1.1200724e+01
   4.9375000e+00   9.1875000e+00   7.4496437e+01
   4.8125000e+00   1.4312500e+01   1.7943743e+02
   8.0625000e+00   1.3437500e+01   1.4895355e+02
   9.0625000e+00   1.6875000e+00   1.2700090e+00
   7.1875000e+00   7.5625000e+00   5.5980725e+01
   2.1875000e+00   1.3812500e+01   1.1842032e+02
   1.6875000e+00   8.6875000e+00   3.3935635e+01
   1.0625000e+00   7.6875000e+00   2.5123495e+01
   1.4375000e+00   1.0625000e+00   1.9782668e+01
   6.4375000e+00   1.0937500e+01   1.1610731e+02
