  -4.6250000e+00   3.8035714e+00   1.6096116e+02
  -4.8392857e+00   5.1964286e+00   1.4417607e+02
   3.6250000e+00   1.3232143e+01   1.2927729e+02
  -2.1607143e+00   4.3392857e+00   3.7179426e+01
   7.4821428e+00   1.1196429e+01   1.1095621e+02
   1.0535714e+00   2.0892857e+00   2.0399510e+01
  -3.8750000e+00   3.1607143e+00   1.2268866e+02
   5.4464286e+00   9.1071428e-01   1.6496269e+01
   8.4464286e+00   5.5178572e+00   1.8659265e+01
  -1.1964286e+00   1.7678572e+00   5.3469391e+01
  -8.7500000e-01   2.9464286e+00   3.6812713e+01
   3.4107143e+00   6.1607143e+00   1.7440833e+01
   9.6250000e+00   5.6250000e+00   9.4458711e+00
  -1.0892857e+00   1.1250000e+00   6.0170683e+01
  -4.4642855e-01   5.8392857e+00   1.9465618e+01
   1.5892857e+00   3.9107143e+00   9.8354331e+00
   7.6964286e+00   1.3017857e+01   1.4641151e+02
   1.6964285e+00   9.3750000e+00   4.1323026e+01
   7.0535714e+00   1.0017857e+01   9.4624454e+01
   8.2321428e+00   1.0178572e+00   6.8578543e+00
   7.3214282e-01   1.2696429e+01   7.7863365e+01
   8.6607143e+00   3.0535714e+00   4.3841017e+00
   3.5178572e+00   4.1250000e+00   5.5858527e+00
   1.2678572e+00   5.9464286e+00   1.5950305e+01
   6.4107143e+00   1.3446429e+01   1.7180635e+02
  -3.4464285e+00   8.8392857e+00   1.8315593e+01
   9.0892857e+00   4.5535714e+00   6.4417514e+00
  -2.6964286e+00   9.9107143e+00   3.0762420e+00
  -2.0535714e+00   1.2910714e+01   1.5137220e+01
   1.1607143e+00   1.3553571e+01   9.8963174e+01
   5.6607143e+00   1.0875000e+01   1.1276147e+02
   3.0357145e-01   1.3125000e+01   7.6865977e+01
  -1.7857175e-02   8.6250000e+00   2.6342593e+01
   1.9642855e-01   6.9107143e+00   2.0901853e+01
   4.9107143e+00   1.4625000e+01   1.8945671e+02
   6.1964286e+00   1.4303571e+01   1.9394755e+02
  -3.3928572e-01   4.9821428e+00   2.1528164e+01
   4.2678572e+00   1.0125000e+01   7.9220743e+01
   3.7321428e+00   1.2321428e+00   2.4177402e+00
   9.5178572e+00   1.1625000e+01   8.2711001e+01
   9.7321428e+00   7.6607143e+00   2.4997664e+01
  -2.2678572e+00   2.7321428e+00   6.0712739e+01
   8.3392857e+00   4.2321428e+00   1.1874061e+01
   7.5892857e+00   5.7321428e+00   3.1610649e+01
  -2.8035715e+00   7.0178571e+00   2.0828896e+01
   7.2678572e+00   1.2375000e+01   1.3893015e+02
   5.1250000e+00   2.6785718e-01   1.4788588e+01
  -2.4821428e+00   8.5178572e+00   7.3774061e+00
   2.2321429e+00   1.3339286e+01   1.0912807e+02
   4.4821428e+00   6.3750000e+00   3.1949014e+01
   2.5535714e+00   5.3035714e+00   8.3879485e+00
   6.9464286e+00   6.2678572e+00   4.3473729e+01
   5.8750000e+00   9.4821428e+00   8.8930601e+01
  -1.5178572e+00   9.5892857e+00   1.1275316e+01
  -4.5178572e+00   1.1089286e+01   3.0591507e+01
   4.1607143e+00   2.3035714e+00   5.4423524e+00
  -7.6785718e-01   7.2321429e+00   1.6912137e+01
   8.9285725e-02   5.8928572e-01   4.7332986e+01
  -4.4107143e+00   1.4839286e+01   7.6283695e+00
   1.9107143e+00   8.1964286e+00   2.9511357e+01
   7.1607143e+00   1.4464286e+00   1.6184234e+01
   3.8392857e+00   8.7321428e+00   5.0782506e+01
   9.9464286e+00   1.3392857e+00   4.2699594e+00
   3.3035715e+00   7.8750000e+00   3.3275520e+01
   1.3750000e+00   1.0767857e+01   5.6918989e+01
   6.2500000e-01   1.4410714e+01   1.0530242e+02
   2.8750000e+00   6.9642855e-01   3.9614762e+00
  -2.3214282e-01   1.3767857e+01   7.3977759e+01
   7.9107143e+00   5.3571450e-02   1.1530363e+01
   2.3392857e+00   6.4821428e+00   1.5564160e+01
   2.0178571e+00   1.5535715e+00   8.9496673e+00
   2.6607143e+00   1.4732143e+01   1.4674366e+02
  -1.9464286e+00   1.0553571e+01   7.4111126e+00
   3.9464286e+00   1.1410714e+01   9.7039975e+01
   4.5892857e+00   1.6607143e+00   8.8804505e+00
   6.5178572e+00   1.4946429e+01   2.1065885e+02
  -5.5357145e-01   1.0446429e+01   3.0599359e+01
   4.6964286e+00   1.1732143e+01   1.1712229e+02
   4.8035714e+00   7.5535714e+00   4.9536001e+01
  -3.7678572e+00   4.4464286e+00   9.0285280e+01
  -3.5535714e+00   1.0232143e+01   1.0533506e+01
   2.7678571e+00   1.0660714e+01   6.6285872e+01
   5.5535714e+00   1.4089286e+01   1.8469814e+02
  -1.7321428e+00   8.0357145e-01   7.8026627e+01
   5.0178572e+00   4.0178572e+00   2.0457401e+01
   5.1785718e-01   9.1607143e+00   3.3947699e+01
   2.4464286e+00   3.4821428e+00   2.9891782e+00
   8.7678572e+00   1.3875000e+01   1.4396771e+02
   6.3035714e+00   8.4107143e+00   7.3036388e+01
  -2.3750000e+00   1.3982143e+01   1.5149226e+01
  -1.6250000e+00   7.7678571e+00   1.0824315e+01
  -4.0892857e+00   1.4196429e+01   4.6195153e+00
   4.3750000e+00   3.5892857e+00   1.1146378e+01
   3.1964286e+00   1.2482143e+01   1.0546495e+02
   4.0535714e+00   3.7500000e-01   5.8019648e+00
   6.8392857e+00   8.9464286e+00   7.8820319e+01
   8.0178572e+00   9.8035714e+00   7.6654933e+01
   3.0892857e+00   9.6964286e+00   5.4879598e+01
   9.4642855e-01   4.6607143e+00   1.5615876e+01
  -1.8392857e+00   2.4107143e+00   5.5805732e+01
  -6.6071428e-01   1.1946429e+01   4.0992223e+01
   7.8035715e+00   8.0892857e+00   5.4603600e+01
  -9.8214282e-01   1.2803571e+01   4.1503216e+01
  -1.4107143e+00   6.6964286e+00   1.4791790e+01
  -3.2321428e+00   1.9821428e+00   1.1092949e+02
   9.3035714e+00   7.9821429e+00   3.1912224e+01
   8.5535714e+00   1.0339286e+01   7.6086131e+01
   7.3750000e+00   7.1250000e+00   4.8487204e+01
   8.9821428e+00   1.2267857e+01   1.0416151e+02
   5.2321428e+00   4.8750000e+00   2.8206748e+01
  -4.9464286e+00   6.0535714e+00   1.3278044e+02
   6.6250000e+00   4.7678572e+00   3.2309925e+01
   1.8035714e+00   1.2160714e+01   8.1933749e+01
   5.3392857e+00   3.2678572e+00   1.9971010e+01
   2.9821429e+00   7.3392857e+00   2.4890234e+01
  -3.0178572e+00   1.6071428e-01   1.4015764e+02
   5.9821428e+00   6.8035714e+00   5.1676776e+01
  -2.5892857e+00   5.4107143e+00   3.2921428e+01
   2.1250000e+00   1.1303571e+01   7.0593433e+01
  -3.1250000e+00   1.1517857e+01   9.1373168e-01
  -4.7321428e+00   9.0535714e+00   6.4517168e+01
  -1.3035714e+00   5.0892857e+00   2.2807107e+01
   8.1250000e+00   1.1839286e+01   1.1233674e+02
   4.1071428e-01   1.0982143e+01   5.0320818e+01
  -4.3035714e+00   8.3035714e+00   5.4323851e+01
   1.4821428e+00   2.8392857e+00   1.2028666e+01
   8.8750000e+00   1.8750000e+00   1.8435785e+00
  -3.3392857e+00   3.3750000e+00   8.8572179e+01
   9.4107143e+00   9.2678572e+00   4.6702706e+01
   5.7678572e+00   2.1964285e+00   1.9518313e+01
  -2.9107143e+00   1.3660714e+01   4.3918066e+00
  -3.6607143e+00   7.4464286e+00   3.9006731e+01
   8.3928573e-01   4.8214283e-01   3.4673458e+01
   9.1964286e+00   1.4517857e+01   1.5018919e+02
   6.0892857e+00   1.2053571e+01   1.3943171e+02
  -1.2500000e-01   2.6250000e+00   3.2314699e+01
   6.7321428e+00   2.5178572e+00   2.0548126e+01
  -3.9821428e+00   6.5892857e+00   6.4388555e+01
   9.8392857e+00   3.6964286e+00   1.9328425e+00
  -4.1964286e+00   1.2589286e+01   1.0853360e+01
