   6.5657895e+00   4.3026316e+00   2.9354739e+01
  -4.4078947e+00   6.1973684e+00   9.4132935e+01
   4.9868421e+00   1.4250000e+01   1.8093142e+02
   6.0921053e+00   1.6184210e+00   1.9697529e+01
  -4.8815790e+00   5.8815790e+00   1.3187302e+02
   5.6578945e-01   1.9342106e+00   2.8388454e+01
  -3.8157898e-01   4.4605263e+00   2.3601266e+01
   5.0657895e+00   8.8815790e+00   7.1522879e+01
  -3.0263157e-01   2.7631583e-01   5.7818937e+01
   2.9342105e+00   4.2236842e+00   3.7770130e+00
   3.0131579e+00   7.7763158e+00   2.9626432e+01
   2.5394737e+00   1.1171053e+01   7.2305059e+01
  -4.0921053e+00   3.1184210e+00   1.3799682e+02
   8.1447369e+00   9.8289474e+00   7.4848915e+01
   3.2894740e-01   4.8552631e+00   1.9490728e+01
   1.5131579e+00   3.5131579e+00   1.0693293e+01
  -4.4868421e+00   8.3289474e+00   6.2802107e+01
   4.3552631e+00   9.4342105e+00   6.9297051e+01
   7.1184210e+00   7.9342105e+00   6.1567887e+01
   3.4868421e+00   5.5657895e+00   1.3528949e+01
  -2.8289474e+00   1.2355263e+01   1.5341227e+00
  -1.9605263e+00   2.8026316e+00   5.2784900e+01
   3.0921053e+00   1.3460526e+01   1.2465671e+02
  -5.3947370e-01   1.0460526e+01   3.0942864e+01
  -2.9078947e+00   1.4723684e+01   9.6784807e+00
  -1.3289474e+00   8.9605263e+00   1.2680733e+01
   3.2500000e+00   1.3855263e+01   1.3648653e+02
  -2.2763158e+00   1.7763158e+00   7.6294900e+01
   6.4473685e-01   7.4605263e+00   2.3593843e+01
   9.0131579e+00   1.0065789e+01   6.3864742e+01
   7.9078947e+00   1.2276316e+01   1.2576847e+02
  -2.7500000e+00   5.1710526e+00   3.9350106e+01
   8.3026316e+00   1.4605263e+00   5.8882605e+00
   1.9078947e+00   9.0789473e-01   1.3203948e+01
   4.4342105e+00   2.8815790e+00   9.3198284e+00
   8.7763158e+00   7.0657895e+00   2.8188537e+01
   9.2500000e+00   4.9342105e+00   7.3181859e+00
   2.0657895e+00   1.0381579e+01   5.6105983e+01
   2.3026316e+00   1.4486842e+01   1.3506743e+02
  -3.2236842e+00   1.1092105e+01   2.3375252e+00
   7.4342106e+00   9.9868421e+00   8.9239308e+01
  -3.5394737e+00   1.5394737e+00   1.3832315e+02
  -9.3421055e-01   1.3026316e+00   5.5359669e+01
  -3.3026316e+00   5.6447369e+00   4.9811351e+01
   8.4605263e+00   8.4868421e+00   4.9484795e+01
   6.9605263e+00   6.0394737e+00   4.1088796e+01
  -4.0131579e+00   4.1447369e+00   1.1038361e+02
   6.8815790e+00   1.3065789e+01   1.5955519e+02
   7.0394737e+00   1.2197368e+01   1.3797137e+02
   9.8815790e+00   3.9078947e+00   2.4240690e+00
   9.1710526e+00   9.0394737e+00   4.6540645e+01
   7.8289474e+00   4.6973684e+00   2.0734680e+01
  -6.1842102e-01   1.3618421e+01   6.1182915e+01
   2.4605263e+00   4.6184210e+00   5.6108769e+00
   3.8026316e+00   1.1565789e+01   9.7480231e+01
   8.0657895e+00   1.3776316e+01   1.5704269e+02
   1.7105260e-01   1.3934211e+01   8.6745766e+01
  -4.2500000e+00   1.2828947e+01   1.0862859e+01
   6.7236842e+00   8.5657895e+00   7.3841375e+01
  -2.0394737e+00   1.1723684e+01   9.4279072e+00
   9.2105275e-02   9.5131579e+00   3.2947147e+01
   9.8026316e+00   1.4171053e+01   1.3009941e+02
   9.9605263e+00   1.0618421e+01   6.0333516e+01
   4.7500000e+00   3.6710526e+00   1.5725782e+01
  -2.5131579e+00   1.0934211e+01   2.2464192e+00
   5.3815790e+00   2.1710526e+00   1.6946183e+01
  -2.4342106e+00   1.3302632e+01   9.7933203e+00
   5.3026316e+00   1.0697368e+01   1.0567725e+02
   4.8289474e+00   1.4802632e+01   1.9271173e+02
  -3.7763158e+00   9.2763158e+00   2.3208919e+01
   9.7236842e+00   5.9605263e+00   1.1203974e+01
  -6.9736842e-01   7.1447368e+00   1.7361137e+01
  -2.5921053e+00   8.7236842e+00   6.9632543e+00
   4.0789473e-01   1.1881579e+01   6.1184933e+01
   8.0263158e-01   4.5394737e+00   1.6742634e+01
   5.8552631e+00   1.3223684e+01   1.6547679e+02
   4.8684212e-01   9.1184210e+00   3.3406442e+01
   3.7236842e+00   1.4407895e+01   1.5930788e+02
  -2.9868421e+00   2.4078947e+00   9.0730266e+01
   3.8815790e+00   8.8026316e+00   5.2385898e+01
   8.6973684e+00   1.1407895e+01   9.2663049e+01
   8.8552631e+00   3.3552631e+00   3.6525877e+00
  -3.4605263e+00   1.0223684e+01   8.8962851e+00
   1.9868421e+00   1.3144737e+01   1.0209923e+02
   8.3815790e+00   1.2671053e+01   1.2474928e+02
   5.5394737e+00   6.5131579e+00   4.5854061e+01
   6.3289474e+00   1.1960526e+01   1.3750558e+02
   1.7500000e+00   5.0921053e+00   1.0483864e+01
   6.0131579e+00   3.4342105e+00   2.4698858e+01
  -2.1973684e+00   6.4342105e+00   1.7961854e+01
  -2.2368417e-01   2.3289474e+00   3.5632183e+01
   5.6184210e+00   1.1486842e+01   1.2469888e+02
  -3.6184210e+00   1.3381579e+01   1.4736778e+00
   4.9078947e+00   7.6184211e+00   5.1780626e+01
   1.5921053e+00   2.0131579e+00   1.2965174e+01
   2.2236842e+00   6.2763158e+00   1.4257867e+01
   4.2763158e+00   6.1184210e+00   2.6756143e+01
  -3.1447369e+00   9.5921053e+00   7.6364682e+00
   8.2236842e+00   1.4644737e+01   1.7543992e+02
   9.4868421e+00   1.3539474e+01   1.2167223e+02
  -3.8552631e+00   2.2500000e+00   1.4212085e+02
   2.5000000e-01   1.2986842e+01   7.3718652e+01
   1.1973684e+00   1.1644737e+01   6.7749069e+01
   9.0921053e+00   1.1013158e+01   7.8443165e+01
  -4.3289474e+00   5.1315788e-01   2.2537271e+02
   1.0394737e+00   1.0657895e+00   2.6557584e+01
   9.4078947e+00   5.3289474e+00   8.6255514e+00
  -1.4078947e+00   1.2039474e+01   2.4107832e+01
   2.7763158e+00   3.1973684e+00   1.4161191e+00
   3.6447369e+00   1.3815790e+00   1.8727509e+00
   5.4605263e+00   5.4868421e+00   3.5242892e+01
   9.6052630e-01   6.7500000e+00   2.0166468e+01
   7.1973684e+00   3.9868421e+00   2.3422779e+01
  -3.3815790e+00   6.5921053e+00   3.9949358e+01
  -8.5526315e-01   1.4328947e+01   6.3540861e+01
   1.2763158e+00   1.2592105e+01   8.3565273e+01
  -1.2500000e+00   6.3552631e+00   1.6398747e+01
   1.1184210e+00   5.8026316e+00   1.6216529e+01
  -1.6447369e+00   7.8552632e+00   1.0526942e+01
   5.2236842e+00   4.7763158e+00   2.7407791e+01
  -4.1710526e+00   7.3026316e+00   6.2558881e+01
  -4.9605263e+00   1.4092105e+01   2.1248430e+01
   6.8026316e+00   1.0855263e+01   1.1250066e+02
   8.6184210e+00   5.7236842e+00   1.8137061e+01
   3.3289474e+00   9.6710526e+00   5.7381761e+01
  -4.7236842e+00   1.1250000e+01   3.6636061e+01
   9.6447369e+00   1.2750000e+01   1.0230036e+02
  -3.0657894e+00   2.9605263e+00   8.3837931e+01
   1.4342105e+00   1.0144737e+01   4.9273079e+01
   2.3815789e+00   1.2513158e+01   9.4641007e+01
   2.6184211e+00   8.4078947e+00   3.4053092e+01
   4.6710526e+00   6.8289474e+00   3.9245954e+01
   9.5657895e+00   1.2118421e+01   9.1159891e+01
   2.6973684e+00   1.1447369e+00   3.5863961e+00
   5.9342105e+00   8.6447368e+00   7.5876631e+01
  -4.8026316e+00   1.0776316e+01   4.5052581e+01
   1.6710526e+00   8.2500000e+00   2.9730756e+01
   2.1447368e+00   2.5657894e+00   5.1647915e+00
   1.8289474e+00   7.5394737e+00   2.3694619e+01
   7.5921053e+00   1.4013158e+01   1.7251261e+02
  -2.3552632e+00   1.4881579e+01   2.2721555e+01
   7.6710526e+00   9.1973684e+00   7.2654748e+01
   7.3552632e+00   6.6710526e+00   4.3628078e+01
   8.8157897e-01   1.4565789e+01   1.1349293e+02
   2.8552632e+00   1.4960526e+01   1.5583212e+02
   6.4078947e+00   6.9868421e+00   5.4112095e+01
  -1.1710526e+00   3.0394737e+00   3.8751708e+01
   8.5394737e+00   2.4868421e+00   4.3534728e+00
   3.5657895e+00   2.7236842e+00   1.8208436e+00
  -1.0921053e+00   5.9210527e-01   6.7714536e+01
  -6.5789450e-02   7.6973684e+00   2.2116129e+01
   6.4868421e+00   2.6447368e+00   2.1753442e+01
  -1.4868421e+00   1.0302632e+01   1.3529872e+01
   5.6973684e+00   4.3421055e-01   1.8479202e+01
  -1.0131579e+00   5.0131579e+00   2.2544776e+01
   7.9868421e+00   6.9078947e+00   3.7658578e+01
   6.1710526e+00   8.0131579e+00   6.7360456e+01
   4.1973684e+00   2.0921053e+00   5.5169302e+00
   7.2763158e+00   5.2500000e+00   3.1171282e+01
   5.7763158e+00   4.3815790e+00   2.9051938e+01
  -3.6973684e+00   8.1710526e+00   3.1868152e+01
   3.4078947e+00   7.2236842e+00   2.7230034e+01
   4.0394737e+00   9.9078947e+00   7.1731225e+01
   8.9342105e+00   4.0657895e+00   5.4250255e+00
  -4.5657895e+00   9.7500000e+00   4.7157942e+01
   1.3157875e-02   1.2434211e+01   6.1269980e+01
   7.5131579e+00   1.8552631e+00   1.3480741e+01
   3.1710526e+00   1.1802632e+01   9.1613991e+01
   9.3289474e+00   8.2894740e-01   2.8955651e+00
   4.5921053e+00   9.8684212e-01   9.0316446e+00
   3.9605263e+00   3.5526315e-01   5.3124153e+00
  -7.7631583e-01   9.3552632e+00   2.1020309e+01
  -1.8026316e+00   1.3697368e+01   2.7229610e+01
  -2.6710526e+00   7.3815789e+00   1.5814631e+01
   6.2500000e+00   1.0539474e+01   1.0871775e+02
  -1.4473685e-01   3.8289474e+00   2.5281479e+01
  -3.9342105e+00   1.1328947e+01   1.1856469e+01
   4.5131579e+00   1.2907895e+01   1.3941977e+02
   7.7500000e+00   3.7500000e+00   1.6403961e+01
  -1.7236842e+00   7.5000000e-01   7.8714258e+01
   7.2368418e-01   3.2763158e+00   1.9883710e+01
   5.1447369e+00   1.1842102e-01   1.5261584e+01
   4.1184210e+00   8.0921053e+00   4.6301259e+01
  -4.6447369e+00   1.2236842e+00   2.3302136e+02
  -2.1184210e+00   5.4078947e+00   2.5643216e+01
   1.3552632e+00   3.9473700e-02   2.8381944e+01
  -1.8815790e+00   1.9736842e-01   9.2711527e+01
  -4.6052630e-01   1.6973684e+00   4.4235519e+01
   6.6447369e+00   6.7105260e-01   1.9190490e+01
  -1.5657895e+00   3.5921053e+00   3.7261485e+01
