   4.9500000e+00   4.0500000e+00   1.9893368e+01
   3.1500000e+00   1.1550000e+01   8.6545349e+01
   6.1500000e+00   1.1750000e+01   1.3298107e+02
   4.0500000e+00   3.5000002e-01   5.8454667e+00
  -1.5500000e+00   3.6500000e+00   3.6488545e+01
  -1.7500000e+00   1.4650000e+01   3.8200182e+01
   7.7500000e+00   1.4450000e+01   1.8065674e+02
  -2.3500000e+00   1.2550000e+01   7.6475191e+00
   7.2500000e+00   8.4500000e+00   6.7271280e+01
   5.4500000e+00   8.3500000e+00   6.8108320e+01
   8.8500000e+00   6.7500000e+00   2.4192408e+01
   8.5000000e-01   5.5500000e+00   1.6992492e+01
   5.1500000e+00   1.0950000e+01   1.0855112e+02
  -2.0500000e+00   3.1500000e+00   4.9869397e+01
  -2.5500000e+00   7.5500000e+00   1.3242006e+01
   1.8500000e+00   3.9500000e+00   7.5582657e+00
   2.5500000e+00   2.0500000e+00   2.5649289e+00
  -3.6500000e+00   3.0500000e+00   1.1144728e+02
   4.1500000e+00   4.4500000e+00   1.2889252e+01
   2.3500000e+00   1.2250000e+01   8.9309998e+01
  -2.8500000e+00   6.0500000e+00   3.1441846e+01
   1.0500000e+00   6.3500000e+00   1.8307251e+01
   9.8500000e+00   3.4500000e+00   1.6045818e+00
   6.3500000e+00   7.6500000e+00   6.2447779e+01
   7.6500000e+00   3.7500000e+00   1.7539047e+01
  -2.7500000e+00   9.1500000e+00   5.9811209e+00
  -3.2500000e+00   1.0550000e+01   4.4026109e+00
   8.7500000e+00   8.1500000e+00   4.0761016e+01
  -3.4500000e+00   4.6500000e+00   7.1049593e+01
   8.9500000e+00   2.2500000e+00   1.4813590e+00
  -4.1500000e+00   7.2500000e+00   6.2333596e+01
   7.9500000e+00   2.1500000e+00   9.4865241e+00
   3.8500000e+00   1.0450000e+01   7.7749287e+01
   8.1500000e+00   7.3500000e+00   4.0150774e+01
  -4.2500000e+00   1.0650000e+01   2.5496698e+01
   7.5500000e+00   9.0500000e+00   7.2200443e+01
   9.5500000e+00   1.3750000e+01   1.2518271e+02
  -1.9500000e+00   4.7500000e+00   2.9917041e+01
   3.6500000e+00   1.8500000e+00   1.6161861e+00
   2.0500000e+00   5.0000025e-02   1.6007059e+01
   4.7500000e+00   5.9500000e+00   3.1476319e+01
  -2.2500000e+00   1.0350000e+01   3.9814353e+00
  -4.6500000e+00   1.0050000e+01   4.7150019e+01
   1.3500000e+00   1.4150000e+01   1.1336998e+02
  -2.9500000e+00   2.5500000e+00   8.6493490e+01
   4.6500000e+00   1.1950000e+01   1.2086029e+02
  -4.8500000e+00   3.3500000e+00   1.9108515e+02
   9.0500000e+00   1.5000000e-01   5.1731576e+00
   5.0500000e+00   1.3500000e+00   1.3189157e+01
   7.0500000e+00   5.8500000e+00   3.8533779e+01
   2.2500000e+00   1.0850000e+01   6.4449774e+01
   5.9500000e+00   6.2500000e+00   4.5558086e+01
   4.9999975e-02   8.0500000e+00   2.4123837e+01
   4.8500000e+00   1.3150000e+01   1.5127253e+02
  -4.9500000e+00   7.1500000e+00   1.1014176e+02
   3.7500000e+00   1.4550000e+01   1.6345289e+02
   7.4500000e+00   6.9500000e+00   4.5549967e+01
  -3.5500000e+00   1.2150000e+01   2.4601110e+00
  -3.5000000e-01   1.3450000e+01   6.6314915e+01
   4.5500000e+00   1.0150000e+01   8.4435531e+01
   9.4999998e-01   8.5500000e+00   3.1151433e+01
  -1.2500000e+00   1.0750000e+01   1.9574770e+01
   5.3500000e+00   2.9500000e+00   1.8838938e+01
   2.9500000e+00   7.0500000e+00   2.1925771e+01
  -7.4999998e-01   2.4500000e+00   4.0222777e+01
   6.4500000e+00   1.1500000e+00   1.9470511e+01
   1.4500000e+00   1.1850000e+01   7.3348226e+01
   3.9500000e+00   1.2950000e+01   1.2927956e+02
   3.3500000e+00   4.2500000e+00   5.1507329e+00
  -3.1500000e+00   1.3250000e+01   1.3098432e+00
   2.8500000e+00   9.9500000e+00   5.6106458e+01
   9.2500000e+00   1.2500000e+00   1.7138536e+00
   3.0500000e+00   1.2750000e+01   1.0864987e+02
  -4.4999997e-01   1.4250000e+01   7.5010897e+01
  -1.4999998e-01   1.1150000e+01   4.3586299e+01
   9.1500000e+00   1.2350000e+01   1.0270806e+02
  -3.3500000e+00   6.5500000e+00   3.9436802e+01
  -2.6500000e+00   1.3050000e+01   5.2413270e+00
   4.4500000e+00   8.8500000e+00   6.1888424e+01
   2.6500000e+00   8.7500000e+00   3.8263491e+01
   1.7500000e+00   1.7500000e+00   1.1749609e+01
  -1.4500000e+00   1.5500000e+00   6.0568943e+01
   6.6500000e+00   1.3550000e+01   1.7324312e+02
   2.4500000e+00   1.3950000e+01   1.2523466e+02
   1.2500000e+00   7.9500000e+00   2.6997310e+01
  -1.1500000e+00   1.4750000e+01   5.9469610e+01
   4.3500000e+00   7.4500000e+00   4.1745995e+01
   3.4500000e+00   7.5000000e-01   2.5325526e+00
   5.5500000e+00   8.4999998e-01   1.7222495e+01
   9.6500000e+00   1.2050000e+01   8.8596048e+01
  -3.0500000e+00   5.2500000e+00   4.6759291e+01
  -4.7500000e+00   1.3350000e+01   2.0124094e+01
  -4.4500000e+00   1.0500000e+00   2.2039409e+02
   8.0500000e+00   1.4950000e+01   1.8743516e+02
   8.4500000e+00   4.5500000e+00   1.2307664e+01
   5.7500000e+00   2.3500000e+00   1.9782773e+01
   5.2500000e+00   6.6500000e+00   4.4564981e+01
   6.8500000e+00   9.7500000e+00   9.1896383e+01
  -1.8500000e+00   6.4500000e+00   1.5976786e+01
   3.2500000e+00   2.7500000e+00   7.6564599e-01
   2.7500000e+00   5.3500000e+00   8.6861613e+00
   8.2500000e+00   1.1650000e+01   1.0604940e+02
   7.8500000e+00   1.4500000e+00   1.0038522e+01
  -2.1500000e+00   8.9500000e+00   5.8869426e+00
  -4.0500000e+00   3.5500000e+00   1.2541882e+02
  -3.9500000e+00   5.6500000e+00   7.8229229e+01
   8.5500000e+00   1.3650000e+01   1.4341491e+02
   6.2500000e+00   1.9500000e+00   2.0320881e+01
   4.2500000e+00   2.8500000e+00   7.3567840e+00
  -4.5500000e+00   4.5000000e-01   2.4764448e+02
   2.5000000e-01   1.2650000e+01   6.8862578e+01
   6.9500000e+00   5.4999997e-01   1.7940520e+01
   7.3500000e+00   1.1350000e+01   1.1602214e+02
   9.4500000e+00   5.4500000e+00   9.1249454e+00
  -1.6500000e+00   1.4050000e+01   3.4967877e+01
  -4.3500000e+00   7.8500000e+00   6.3112286e+01
   4.5000003e-01   2.4999998e-01   4.4249416e+01
   1.6500000e+00   1.2850000e+01   9.2494067e+01
   1.5500000e+00   4.8500000e+00   1.1212789e+01
   2.1500000e+00   9.5000002e-01   9.6962774e+00
  -3.8500000e+00   1.1250000e+01   1.0505120e+01
   6.5500000e+00   1.2450000e+01   1.4768361e+02
   6.4999998e-01   4.3500000e+00   1.8093085e+01
  -6.5000000e-01   3.8500000e+00   2.8135775e+01
   1.1500000e+00   2.6500000e+00   1.6780351e+01
  -8.5000002e-01   1.1450000e+01   3.2368024e+01
   7.1500000e+00   4.1500000e+00   2.4772677e+01
   9.9500000e+00   7.7500000e+00   2.4696888e+01
   9.3500000e+00   1.0250000e+01   6.1848846e+01
   7.5000002e-01   1.4850000e+01   1.1644652e+02
  -1.3500000e+00   5.7500000e+00   1.9041043e+01
   9.7500000e+00   9.6500000e+00   4.8332064e+01
  -2.4500000e+00   1.6500000e+00   8.4049834e+01
   3.5500000e+00   6.1500000e+00   1.8592807e+01
   5.5000000e-01   1.3850000e+01   9.3637391e+01
  -5.0000000e-02   3.2500000e+00   2.7598449e+01
   1.9500000e+00   9.4500000e+00   4.3196930e+01
  -1.0500000e+00   8.2500000e+00   1.4968220e+01
  -3.7500000e+00   8.6500000e+00   2.8488788e+01
   1.5000002e-01   6.8500000e+00   2.0673309e+01
   3.4999997e-01   9.3500000e+00   3.4161534e+01
   6.0500000e+00   9.2500000e+00   8.5771222e+01
  -5.5000003e-01   9.5500000e+00   2.5132263e+01
  -9.5000000e-01   6.5000002e-01   6.4285700e+01
  -2.5000002e-01   5.1500000e+00   2.0881045e+01
   6.7500000e+00   5.0500000e+00   3.3839314e+01
   5.8500000e+00   1.4350000e+01   1.9400081e+02
   5.6500000e+00   4.9500000e+00   3.2320599e+01
   8.6500000e+00   1.1050000e+01   8.6879260e+01
   8.3500000e+00   9.8500000e+00   7.1565545e+01
