   4.3750000e+00   2.6250000e+00   8.0654865e+00
   5.1250000e+00   1.2375000e+01   1.3791841e+02
   7.3750000e+00   3.3750000e+00   1.8777823e+01
  -1.6250000e+00   6.3750000e+00   1.5994509e+01
  -8.7500000e-01   1.3125000e+01   4.7891104e+01
   9.6250000e+00   5.6250000e+00   9.4458711e+00
   2.1250000e+00   7.8750000e+00   2.6790145e+01
   5.8750000e+00   7.1250000e+00   5.5011126e+01
   6.6250000e+00   1.1250000e+00   1.9046612e+01
  -1.2500000e-01   1.0125000e+01   3.4925267e+01
   1.3750000e+00   1.4625000e+01   1.2357481e+02
   3.6250000e+00   1.0875000e+01   8.1543390e+01
  -2.3750000e+00   3.7500000e-01   1.0577388e+02
   6.2500000e-01   1.8750000e+00   2.7904094e+01
   8.8750000e+00   1.3875000e+01   1.4163644e+02
  -4.6250000e+00   4.1250000e+00   1.5314403e+02
  -3.8750000e+00   8.6250000e+00   3.2919376e+01
   2.8750000e+00   4.8750000e+00   6.4153689e+00
   8.1250000e+00   9.3750000e+00   6.7928901e+01
  -3.1250000e+00   1.1625000e+01   7.7150368e-01
