  -1.2875000e+00   1.4887500e+01   5.6564513e+01
  -1.7375000e+00   2.8875000e+00   4.7692177e+01
   3.8875000e+00   2.5125000e+00   3.5060110e+00
  -2.6375000e+00   1.3162500e+01   5.8611512e+00
   8.3125000e+00   7.8375000e+00   4.3460662e+01
   1.6375000e+00   1.3087500e+01   9.6731361e+01
   6.3625000e+00   5.8125000e+00   4.1748139e+01
  -7.6250000e-01   4.9125000e+00   2.2589558e+01
  -2.9375000e+00   1.1437500e+01   7.2136042e-01
   8.1625000e+00   9.0375000e+00   6.2161859e+01
   9.0625000e+00   1.9125000e+00   1.0961444e+00
   2.2375000e+00   6.9375000e+00   1.8898749e+01
   6.0625000e+00   1.2562500e+01   1.5077495e+02
   1.3750000e-01   9.8625000e+00   3.6148875e+01
   8.9875000e+00   1.2637500e+01   1.1169110e+02
   4.7875000e+00   1.1512500e+01   1.1417210e+02
   8.9125000e+00   6.7875000e+00   2.3821350e+01
   2.3875000e+00   5.9625000e+00   1.2157475e+01
   1.2625000e+00   3.3375000e+00   1.3651637e+01
   4.0375000e+00   1.4587500e+01   1.7060384e+02
   3.9625000e+00   5.0625000e+00   1.4615458e+01
   4.5625000e+00   1.3687500e+01   1.5886851e+02
  -4.9625000e+00   8.6250000e-01   2.7536494e+02
   8.1250000e-01   5.3625000e+00   1.6928536e+01
   7.6375000e+00   3.7500000e-02   1.3864938e+01
   2.6125000e+00   9.9375000e+00   5.3748562e+01
  -2.0375000e+00   1.0912500e+01   6.9642205e+00
   5.6875000e+00   1.0237500e+01   1.0095171e+02
   2.9875000e+00   1.2337500e+01   9.9300590e+01
   4.4875000e+00   1.2712500e+01   1.3449112e+02
   8.0125000e+00   2.6250000e-01   1.0119779e+01
   9.5125000e+00   5.2875000e+00   7.9287723e+00
   8.6125000e+00   9.6375000e+00   6.3650667e+01
   5.1625000e+00   4.0125000e+00   2.1938927e+01
   8.4625000e+00   6.1125000e+00   2.3256190e+01
   4.9375000e+00   6.8625000e+00   4.3183810e+01
  -1.6625000e+00   9.2625000e+00   9.1880224e+00
  -3.4625000e+00   6.0375000e+00   5.0196856e+01
  -3.2375000e+00   1.2037500e+01   6.6214137e-01
   6.2500000e-02   4.3875000e+00   2.1874146e+01
   4.3750000e-01   1.1137500e+01   5.2443091e+01
   2.9125000e+00   2.5875000e+00   6.6490743e-01
   3.7375000e+00   1.3312500e+01   1.3330086e+02
  -4.8125000e+00   7.9125000e+00   8.7325687e+01
  -4.5125000e+00   6.7125000e+00   9.0901699e+01
  -9.8750000e-01   6.4875000e+00   1.6753049e+01
   7.7875000e+00   8.5875000e+00   6.1721455e+01
   3.2125000e+00   8.7375000e+00   4.2895237e+01
  -2.7875000e+00   5.5125000e+00   3.6131546e+01
   3.2875000e+00   7.4625000e+00   2.8574410e+01
   9.5875000e+00   6.1875000e+00   1.3282629e+01
  -3.9125000e+00   7.3125000e+00   5.0611573e+01
   2.3125000e+00   4.0875000e+00   4.6735359e+00
   9.6625000e+00   6.3750000e-01   4.8512786e+00
  -2.1875000e+00   6.6375000e+00   1.6433333e+01
   7.1125000e+00   5.4375000e+00   3.4312514e+01
   2.4625000e+00   1.1662500e+01   7.9938755e+01
   1.0375000e+00   1.8750000e-01   3.3374244e+01
  -3.9875000e+00   5.8875000e+00   7.6102035e+01
   1.7875000e+00   4.4625000e+00   8.7357974e+00
   3.1375000e+00   6.4125000e+00   1.7490455e+01
   5.5375000e+00   1.6125000e+00   1.7269604e+01
  -4.3625000e+00   9.1875000e+00   4.5324706e+01
   8.0875000e+00   3.1875000e+00   1.0368544e+01
  -2.8625000e+00   2.4375000e+00   8.4983753e+01
   1.1875000e+00   1.5375000e+00   2.1179396e+01
   9.3625000e+00   1.4212500e+01   1.3940956e+02
   6.7375000e+00   1.4437500e+01   1.9542168e+02
   5.8750000e-01   4.7625000e+00   1.8112563e+01
   5.2375000e+00   9.4875000e+00   8.3364200e+01
   6.2125000e+00   4.8750000e-01   1.9951328e+01
   7.4875000e+00   1.4625000e+00   1.3459467e+01
   1.1125000e+00   1.4062500e+01   1.0781922e+02
   6.2875000e+00   1.8375000e+00   2.0145723e+01
  -2.5625000e+00   9.3375000e+00   4.4887332e+00
   1.4875000e+00   7.5375000e+00   2.3896700e+01
  -3.1625000e+00   1.1250000e-01   1.4955251e+02
   5.3125000e+00   2.7375000e+00   1.7814848e+01
   7.5625000e+00   7.0125000e+00   4.4798924e+01
   5.0875000e+00   9.3750000e-01   1.3613544e+01
   7.2625000e+00   2.6625000e+00   1.7334922e+01
  -1.5125000e+00   1.0987500e+01   1.5779541e+01
  -1.5875000e+00   5.7375000e+00   1.9540661e+01
   5.7625000e+00   4.9875000e+00   3.3299176e+01
  -2.4125000e+00   1.2412500e+01   6.1550326e+00
   9.1375000e+00   1.1962500e+01   9.5253536e+01
   2.1625000e+00   1.0875000e+00   8.9493568e+00
   2.5375000e+00   1.4812500e+01   1.4655965e+02
   4.6375000e+00   4.2375000e+00   1.7347270e+01
   4.8625000e+00   5.2125000e+00   2.6622450e+01
  -6.8750000e-01   1.0837500e+01   3.0979813e+01
   3.0625000e+00   3.9375000e+00   2.9879398e+00
   6.5875000e+00   3.8625000e+00   2.6673178e+01
   6.5125000e+00   1.0087500e+01   9.9872794e+01
  -4.2125000e+00   1.0012500e+01   3.0240697e+01
  -3.8375000e+00   1.1062500e+01   1.1318368e+01
   8.7625000e+00   1.0687500e+01   7.8370061e+01
   6.1375000e+00   8.2875000e+00   7.1187801e+01
   8.8750000e-01   1.1812500e+01   6.6802970e+01
   8.2375000e+00   5.1375000e+00   1.8530599e+01
   1.3375000e+00   9.4125000e+00   4.0417017e+01
   1.7125000e+00   1.0462500e+01   5.5008754e+01
   1.5625000e+00   1.4662500e+01   1.2745314e+02
   6.9625000e+00   4.3125000e+00   2.7275280e+01
   7.4125000e+00   1.1587500e+01   1.1992098e+02
   4.2625000e+00   1.7625000e+00   5.8641076e+00
   8.3875000e+00   1.6875000e+00   5.1193485e+00
   2.8750000e-01   1.4137500e+01   9.2899797e+01
  -4.7375000e+00   1.2112500e+01   2.8962901e+01
   3.6625000e+00   4.5375000e+00   8.6077100e+00
   5.3875000e+00   1.1287500e+01   1.1826123e+02
  -2.4875000e+00   3.4125000e+00   5.6340957e+01
   8.6875000e+00   1.3837500e+01   1.4483941e+02
   7.8625000e+00   1.3387500e+01   1.5188573e+02
   7.3750000e-01   2.3625000e+00   2.3528161e+01
   5.9875000e+00   7.0875000e+00   5.5013022e+01
   3.5875000e+00   7.1625000e+00   2.8476287e+01
  -8.7500000e-02   1.2487500e+01   5.9852965e+01
   5.0125000e+00   1.4287500e+01   1.8234239e+02
   9.4375000e+00   7.7625000e+00   2.8242732e+01
  -1.9625000e+00   2.0625000e+00   6.3464547e+01
  -4.8875000e+00   1.1212500e+01   4.3619237e+01
   7.7125000e+00   1.4362500e+01   1.7913646e+02
   5.6125000e+00   1.3462500e+01   1.6944610e+02
   9.8875000e+00   7.3875000e+00   2.1608387e+01
   5.4625000e+00   1.2187500e+01   1.3813218e+02
  -1.4375000e+00   4.1625000e+00   3.0568439e+01
   2.6875000e+00   1.2862500e+01   1.0554839e+02
   8.5375000e+00   1.3012500e+01   1.2902315e+02
   9.8125000e+00   3.5625000e+00   1.6597488e+00
   3.3625000e+00   1.0612500e+01   7.2940271e+01
  -1.8875000e+00   3.3750000e-01   9.0307845e+01
  -3.5375000e+00   4.6125000e+00   7.5690203e+01
   4.4125000e+00   1.0537500e+01   8.8974869e+01
  -4.5875000e+00   2.2875000e+00   1.9738386e+02
  -3.6125000e+00   7.1250000e-01   1.6331393e+02
  -9.1250000e-01   1.2787500e+01   4.3202556e+01
   8.8375000e+00   3.7125000e+00   4.8571474e+00
   5.9125000e+00   8.9625000e+00   8.0675282e+01
   2.8375000e+00   1.3987500e+01   1.3224809e+02
  -3.7625000e+00   1.4512500e+01   2.6738426e+00
  -4.6625000e+00   8.6625000e+00   6.6772009e+01
   4.3375000e+00   8.8125000e+00   5.9560770e+01
  -1.6250000e-01   6.3375000e+00   1.9481308e+01
  -3.0125000e+00   7.2375000e+00   2.2845126e+01
  -3.1250000e-01   7.8750000e-01   5.1883781e+01
  -1.2125000e+00   2.2125000e+00   4.8261979e+01
   4.1875000e+00   1.1887500e+01   1.1100735e+02
  -4.1375000e+00   4.8375000e+00   1.0396128e+02
  -3.0875000e+00   9.7875000e+00   5.9715318e+00
   3.8125000e+00   1.3125000e+00   2.7265109e+00
  -1.2500000e-02   1.4737500e+01   9.5597659e+01
  -1.1375000e+00   1.3537500e+01   4.4944743e+01
  -4.4375000e+00   1.0762500e+01   3.0856245e+01
   4.1125000e+00   9.7125000e+00   6.9750734e+01
  -3.6875000e+00   8.5125000e+00   2.7935699e+01
   3.4375000e+00   1.1362500e+01   8.7434617e+01
   7.1875000e+00   9.5625000e+00   8.5293003e+01
   1.4125000e+00   1.2262500e+01   7.9622682e+01
  -2.7125000e+00   1.0162500e+01   2.4895665e+00
   9.9625000e+00   1.0387500e+01   5.6832617e+01
   5.8375000e+00   2.8125000e+00   2.1557624e+01
  -4.2875000e+00   1.1625000e+00   2.0305175e+02
   6.6250000e-01   9.1125000e+00   3.4464610e+01
  -2.3750000e-01   1.3612500e+01   7.1565285e+01
   7.3375000e+00   1.3237500e+01   1.5779151e+02
  -4.6250000e-01   3.2625000e+00   3.0851889e+01
   2.0875000e+00   3.1125000e+00   5.2727998e+00
   9.2875000e+00   8.8875000e+00   4.3075102e+01
   2.1250000e-01   1.0125000e+00   4.1056358e+01
   1.8625000e+00   2.1375000e+00   9.0512899e+00
  -1.0625000e+00   3.6375000e+00   3.2307861e+01
  -1.8125000e+00   1.2937500e+01   2.0867137e+01
   2.0125000e+00   8.3625000e+00   3.1319832e+01
   2.7625000e+00   4.1250000e-01   5.8176706e+00
  -6.1250000e-01   8.4375000e+00   1.9856571e+01
   7.9375000e+00   4.6875000e+00   1.9319617e+01
   6.4375000e+00   7.6875000e+00   6.2777986e+01
   5.1250000e-01   8.0625000e+00   2.6458136e+01
   6.8125000e+00   1.9875000e+00   1.8984414e+01
  -5.3750000e-01   1.1737500e+01   4.1719443e+01
   1.9375000e+00   1.3762500e+01   1.1391132e+02
  -8.3750000e-01   7.6125000e+00   1.6462617e+01
   6.8875000e+00   1.3912500e+01   1.8036422e+02
  -3.3125000e+00   3.4875000e+00   8.5214672e+01
  -3.3875000e+00   2.9625000e+00   9.8920342e+01
  -3.8750000e-01   5.5875000e+00   1.9989790e+01
  -4.0625000e+00   7.9875000e+00   4.7884770e+01
  -2.2625000e+00   1.3875000e+00   8.2634951e+01
   9.7375000e+00   3.0375000e+00   9.4543411e-01
   3.5125000e+00   5.6625000e+00   1.4439001e+01
   3.6250000e-01   5.6250000e-01   4.2768489e+01
   9.2125000e+00   1.0312500e+01   6.4785371e+01
  -1.3625000e+00   1.2375000e+00   6.3406098e+01
   6.6625000e+00   6.5625000e+00   4.8424456e+01
  -2.3375000e+00   1.4962500e+01   2.3917326e+01
   9.6250000e-01   3.7875000e+00   1.6127819e+01
   7.0375000e+00   8.2125000e+00   6.6207463e+01
  -2.1125000e+00   8.1375000e+00   8.2933409e+00
   4.7125000e+00   6.2625000e+00   3.3950261e+01
