   4.2500000e+00   2.2500000e+00   6.1799562e+00
   2.7500000e+00   1.2500000e+00   2.9477761e+00
   6.2500000e+00   5.2500000e+00   3.6826913e+01
   7.5000002e-01   7.2500000e+00   2.2647380e+01
   2.5000000e-01   1.1750000e+01   5.7000914e+01
   1.7500000e+00   8.7500000e+00   3.4703785e+01
   2.2500000e+00   4.2500000e+00   5.3535108e+00
  -2.2500000e+00   2.7500000e+00   5.9993173e+01
   5.2500000e+00   7.7500000e+00   5.7753951e+01
  -2.7500000e+00   7.5000000e-01   1.1356360e+02
  -2.5000002e-01   1.7500000e+00   4.0981583e+01
  -1.7500000e+00   1.4250000e+01   3.3984853e+01
   7.2500000e+00   3.2500000e+00   1.9447165e+01
   8.2500000e+00   1.2750000e+01   1.2923226e+02
  -7.4999998e-01   1.0250000e+01   2.5928056e+01
   5.7500000e+00   1.3250000e+01   1.6541214e+02
  -3.2500000e+00   6.2500000e+00   3.9981216e+01
   9.2500000e+00   9.2500000e+00   4.8409576e+01
   1.2500000e+00   1.3750000e+01   1.0399331e+02
  -3.7500000e+00   1.1250000e+01   8.5469565e+00
  -4.7500000e+00   8.2500000e+00   7.8004865e+01
   7.7500000e+00   2.4999998e-01   1.2376416e+01
   9.7500000e+00   3.7500000e+00   1.8754100e+00
   3.7500000e+00   9.7500000e+00   6.4557020e+01
  -4.2500000e+00   4.7500000e+00   1.1278697e+02
   6.7500000e+00   1.0750000e+01   1.1086899e+02
   4.7500000e+00   1.4750000e+01   1.8979068e+02
   3.2500000e+00   1.2250000e+01   1.0161811e+02
   8.7500000e+00   6.7500000e+00   2.5401984e+01
  -1.2500000e+00   5.7500000e+00   1.8987646e+01
