   5.3125000e+00   6.1875000e+00   4.0389415e+01
   3.4375000e+00   8.0625000e+00   3.6898718e+01
   3.8125000e+00   5.6250000e-01   4.0351631e+00
   1.5625000e+00   6.9375000e+00   1.9744946e+01
   4.9375000e+00   4.6875000e+00   2.3678853e+01
  -3.1250000e-01   1.1812500e+01   4.7253835e+01
   2.3125000e+00   1.2562500e+01   9.4756408e+01
   6.4375000e+00   1.6875000e+00   1.9823846e+01
  -1.8125000e+00   1.3312500e+01   2.3729081e+01
  -4.8125000e+00   2.4375000e+00   2.1299079e+02
   3.0625000e+00   5.0625000e+00   7.8535889e+00
   2.6875000e+00   1.1062500e+01   7.2044144e+01
  -2.5625000e+00   2.8125000e+00   6.7802418e+01
   6.8125000e+00   7.6875000e+00   6.0987227e+01
   9.0625000e+00   8.4375000e+00   4.0097822e+01
   9.8125000e+00   6.5625000e+00   1.5105918e+01
   7.9375000e+00   5.4375000e+00   2.4654059e+01
  -2.1875000e+00   8.8125000e+00   6.1034645e+00
   4.5625000e+00   1.2937500e+01   1.4104133e+02
   1.9375000e+00   2.0625000e+00   8.3496941e+00
  -4.4375000e+00   4.3125000e+00   1.3494409e+02
   9.4375000e+00   1.3125000e+00   1.7751852e+00
   8.1250000e-01   9.1875000e+00   3.5922353e+01
   8.3125000e+00   1.3687500e+01   1.4953178e+02
   4.1875000e+00   3.5625000e+00   9.0370455e+00
  -6.8750000e-01   1.0312500e+01   2.7389075e+01
  -3.3125000e+00   1.4812500e+01   5.0448910e+00
  -1.0625000e+00   5.8125000e+00   1.8771276e+01
   7.5625000e+00   3.1875000e+00   1.6127881e+01
   1.1875000e+00   9.3750000e-01   2.4845043e+01
  -3.6875000e+00   7.3125000e+00   4.1646767e+01
   7.1875000e+00   1.0687500e+01   1.0529679e+02
   6.0625000e+00   1.4062500e+01   1.8741465e+02
   8.6875000e+00   1.1437500e+01   9.3411310e+01
   6.2500000e-02   3.9375000e+00   2.3438826e+01
   5.6875000e+00   9.5625000e+00   8.9107992e+01
  -1.4375000e+00   1.8750000e-01   8.1287848e+01
  -4.0625000e+00   9.9375000e+00   2.5907418e+01
  -2.9375000e+00   1.2187500e+01   7.5526422e-01
   4.3750000e-01   1.4437500e+01   1.0167299e+02
