   2.6500000e+00   1.0950000e+01   6.9769285e+01
  -2.1500000e+00   1.3500000e+00   7.9895540e+01
   6.5500000e+00   7.5000000e-01   1.9397544e+01
  -2.7500000e+00   4.9500000e+00   4.2132359e+01
  -1.5500000e+00   6.1500000e+00   1.7102208e+01
  -9.5000000e-01   7.9500000e+00   1.5688710e+01
   5.0500000e+00   1.4550000e+01   1.8987899e+02
   2.5000000e-01   1.2450000e+01   6.6086653e+01
   3.8500000e+00   1.2750000e+01   1.2288738e+02
   8.0500000e+00   8.2500000e+00   5.2892547e+01
   4.4500000e+00   1.0350000e+01   8.6261080e+01
   1.4500000e+00   3.1500000e+00   1.1819455e+01
  -5.0000000e-02   9.1500000e+00   2.9015624e+01
   2.3500000e+00   7.6500000e+00   2.5124177e+01
  -4.8500000e+00   7.0500000e+00   1.0555774e+02
   2.9500000e+00   5.8500000e+00   1.2275749e+01
   7.1500000e+00   6.4500000e+00   4.3519256e+01
   7.7500000e+00   4.3500000e+00   1.9554397e+01
   6.2500000e+00   9.7500000e+00   9.4435140e+01
  -3.6500000e+00   6.7500000e+00   4.7583684e+01
   7.4500000e+00   2.2500000e+00   1.4652355e+01
  -2.4500000e+00   1.4250000e+01   1.5386736e+01
   5.9500000e+00   7.3500000e+00   5.8089869e+01
  -3.5000000e-01   4.5000000e-01   5.6509468e+01
   3.2500000e+00   4.0500000e+00   3.9065091e+00
  -3.9500000e+00   3.7500000e+00   1.1471767e+02
   5.3500000e+00   1.9500000e+00   1.6304527e+01
   4.7500000e+00   5.5500000e+00   2.7960212e+01
  -4.5500000e+00   1.6500000e+00   2.1196610e+02
   6.8500000e+00   1.2150000e+01   1.3889056e+02
   2.0500000e+00   1.3650000e+01   1.1310503e+02
   8.3500000e+00   1.1550000e+01   1.0210561e+02
   8.6500000e+00   1.3050000e+01   1.2748324e+02
  -3.3500000e+00   1.1850000e+01   1.4732857e+00
  -4.2500000e+00   9.4500000e+00   3.7610651e+01
   5.5000000e-01   4.6500000e+00   1.8449951e+01
   9.2500000e+00   2.8500000e+00   8.1299816e-01
  -6.5000000e-01   3.4500000e+00   3.0887045e+01
   9.5500000e+00   1.0650000e+01   6.5555158e+01
   3.5500000e+00   2.5500000e+00   1.5147478e+00
  -1.2500000e+00   1.3950000e+01   4.6190530e+01
   5.6500000e+00   1.3350000e+01   1.6702908e+02
   4.1500000e+00   8.5500000e+00   5.2905661e+01
  -1.8500000e+00   1.1250000e+01   1.0826382e+01
   1.1500000e+00   1.4850000e+01   1.2437057e+02
  -3.0500000e+00   8.8500000e+00   1.0716346e+01
   9.8500000e+00   5.2500000e+00   6.9792301e+00
   1.7500000e+00   1.5000000e-01   2.0262941e+01
   8.5000000e-01   1.0050000e+01   4.4527823e+01
   8.9500000e+00   1.0500000e+00   2.5700824e+00
