  -3.6250000e+00   4.3750000e+00   8.4161360e+01
   2.3750000e+00   1.3125000e+01   1.0663984e+02
  -2.6250000e+00   1.6250000e+00   9.0820750e+01
   8.6250000e+00   4.1250000e+00   8.3351668e+00
   6.1250000e+00   5.6250000e+00   3.9974170e+01
   7.1250000e+00   8.6250000e+00   7.1254640e+01
   1.8750000e+00   1.0125000e+01   5.1412749e+01
  -1.8750000e+00   9.1250000e+00   7.2220148e+00
   5.8750000e+00   8.7500002e-01   1.8867765e+01
  -4.1250000e+00   9.6250000e+00   3.1080701e+01
  -2.1250000e+00   6.3750000e+00   1.7837642e+01
   4.3750000e+00   1.4125000e+01   1.6596869e+02
  -2.3750000e+00   3.6250000e+00   5.0467909e+01
   8.3750000e+00   7.8750000e+00   4.2958639e+01
   8.1250000e+00   1.3875000e+01   1.5818219e+02
  -4.6250000e+00   2.6250000e+00   1.9139179e+02
  -4.8750000e+00   1.0625000e+01   5.0043582e+01
   8.8750000e+00   1.2125000e+01   1.0331248e+02
   4.6250000e+00   6.1250000e+00   3.1464699e+01
   1.1250000e+00   1.1875000e+01   7.0420119e+01
  -1.3750000e+00   3.7500000e-01   7.6793308e+01
   1.6250000e+00   1.1250000e+00   1.6395949e+01
   4.8750000e+00   1.1625000e+01   1.1792597e+02
  -4.3750000e+00   6.6250000e+00   8.4449920e+01
   5.1250000e+00   1.8750000e+00   1.4258255e+01
   5.6250000e+00   7.1250000e+00   5.3476209e+01
   6.8750000e+00   1.0875000e+01   1.1227096e+02
   4.1250000e+00   2.8750000e+00   6.2211397e+00
  -3.3750000e+00   1.4625000e+01   3.8338840e+00
  -1.6250000e+00   1.2625000e+01   2.3152063e+01
   3.7500002e-01   6.2499997e-01   4.1939673e+01
   7.8750000e+00   2.1250000e+00   1.0216795e+01
   1.3750000e+00   7.6250000e+00   2.4606837e+01
  -3.7499998e-01   1.3625000e+01   6.8074974e+01
   1.2499998e-01   5.8750000e+00   1.9532367e+01
   9.8750000e+00   4.6250000e+00   4.3964173e+00
   3.1250000e+00   1.0375000e+01   6.5799174e+01
   7.3750000e+00   1.2500003e-01   1.5779692e+01
  -3.8750000e+00   1.1375000e+01   1.0330655e+01
  -1.1250000e+00   8.1250000e+00   1.4169449e+01
  -2.8750000e+00   8.3750000e+00   1.1420152e+01
   3.6250000e+00   8.8750000e+00   4.9756183e+01
  -1.2500000e-01   2.3750000e+00   3.4165180e+01
   9.6250000e+00   1.3375000e+01   1.1563528e+02
   6.2500000e-01   9.8750000e+00   4.1012185e+01
   2.1250000e+00   5.3750000e+00   9.6716760e+00
  -6.2500003e-01   4.8750000e+00   2.2496645e+01
   2.8750000e+00   3.3750000e+00   1.5166271e+00
   2.6250000e+00   1.4375000e+01   1.3766842e+02
   9.3750000e+00   6.8750000e+00   2.0138202e+01
   6.3750000e+00   1.2875000e+01   1.5811784e+02
   5.3750000e+00   1.4875000e+01   2.0352459e+02
   7.6250000e+00   5.1250000e+00   2.6239766e+01
  -3.1250000e+00   7.3750000e+00   2.4020359e+01
   8.7499997e-01   3.1250000e+00   1.8655438e+01
   3.3750000e+00   1.3750000e+00   1.1839026e+00
   6.6250000e+00   3.8750000e+00   2.6603755e+01
  -8.7500000e-01   1.1125000e+01   2.9357154e+01
   9.1250000e+00   9.3750000e+00   5.1823712e+01
   3.8750000e+00   1.2375000e+01   1.1527894e+02
