  -1.6785714e+00   1.4035714e+01   3.3969076e+01
  -6.0714282e-01   1.0714283e-01   6.5589582e+01
  -3.3928572e+00   2.0357143e+00   1.1844991e+02
   3.4642857e+00   4.8214286e+00   8.6476754e+00
   6.4642857e+00   8.0357143e+00   6.7410578e+01
   8.3928572e+00   6.5357143e+00   2.8051053e+01
   5.6071428e+00   1.6071428e+00   1.7710720e+01
   4.6428573e-01   1.0607143e+01   4.6869212e+01
  -3.6071428e+00   4.3928572e+00   8.2942103e+01
  -1.0357143e+00   4.1785714e+00   2.7916749e+01
   8.1785714e+00   7.6071429e+00   4.2730596e+01
   5.1785714e+00   5.2500000e+00   3.0536979e+01
   4.3214286e+00   1.0392857e+01   8.4807444e+01
   6.7857145e-01   1.2107143e+01   6.8278191e+01
   4.7500000e+00   6.9642857e+00   4.1826653e+01
  -1.4642857e+00   3.1071428e+00   4.1274413e+01
   2.6071429e+00   8.8928572e+00   3.9733801e+01
  -4.4642857e+00   9.3214286e+00   4.8070415e+01
  -1.8928572e+00   5.3571428e-01   8.6879272e+01
   7.7500000e+00   2.6785714e+00   1.2568998e+01
  -4.0357143e+00   1.1035714e+01   1.6176653e+01
  -4.6785715e+00   2.4642857e+00   2.0038083e+02
   4.1071428e+00   2.8928572e+00   6.1002720e+00
   4.9642857e+00   1.3821429e+01   1.6961210e+02
   5.8214286e+00   1.2321429e+01   1.4422881e+02
   6.0357143e+00   1.4250000e+01   1.9223118e+02
  -1.2500000e+00   8.6785714e+00   1.3265206e+01
   8.8214286e+00   1.4892857e+01   1.6798166e+02
  -2.1071428e+00   1.0821429e+01   5.8929616e+00
   4.5357143e+00   3.2142855e-01   9.5610170e+00
  -3.8214286e+00   7.1785714e+00   4.8635998e+01
   3.2500000e+00   1.8214286e+00   5.9156008e-01
   1.9642857e+00   1.0178571e+01   5.2645248e+01
   7.9642857e+00   1.2964286e+01   1.3994673e+02
  -1.7857145e-01   9.7500000e+00   3.1432620e+01
   6.6785714e+00   5.4642857e+00   3.7623223e+01
   9.4642857e+00   1.1678571e+01   8.4495090e+01
   1.3214286e+00   4.6071428e+00   1.2604636e+01
  -4.2500000e+00   6.3214286e+00   8.2735702e+01
   1.5357143e+00   7.8214286e+00   2.6025701e+01
   1.1071428e+00   6.1071428e+00   1.7221307e+01
   8.6071428e+00   9.9642857e+00   6.8923067e+01
   8.9285718e-01   2.2500000e+00   2.1936765e+01
  -8.2142855e-01   7.3928571e+00   1.6540732e+01
  -3.1785714e+00   1.1892857e+01   6.2647022e-01
   3.8928572e+00   1.1785714e+00   3.3229482e+00
  -2.3214286e+00   6.7500000e+00   1.6706158e+01
   7.1071428e+00   9.6428572e-01   1.6585253e+01
  -3.9285718e-01   5.6785714e+00   1.9804965e+01
  -4.8928572e+00   1.3392857e+01   2.3883007e+01
   7.3214286e+00   9.1071428e+00   7.6260045e+01
   9.0357143e+00   3.7500000e+00   3.6233848e+00
   9.6785714e+00   8.4642857e+00   3.3962431e+01
   3.0357143e+00   1.1250000e+01   7.9501212e+01
   7.5357143e+00   1.1464286e+01   1.1545449e+02
   3.5714275e-02   3.9642857e+00   2.3512581e+01
   9.2500000e+00   7.5000000e-01   3.0453709e+00
   5.3928572e+00   9.5357143e+00   8.5958457e+01
   2.8214286e+00   1.4678571e+01   1.4828113e+02
   2.5000000e-01   1.4464286e+01   9.7698676e+01
   2.1785714e+00   3.3214286e+00   4.5476220e+00
  -2.9642857e+00   8.2500000e+00   1.3529677e+01
   6.2500000e+00   3.5357143e+00   2.5533984e+01
  -2.7500000e+00   5.0357143e+00   4.1041925e+01
   1.7500000e+00   1.3607143e+01   1.0822301e+02
   2.3928571e+00   1.3928572e+00   5.3328682e+00
   3.6785714e+00   1.2535714e+01   1.1500641e+02
   9.8928572e+00   5.8928572e+00   1.0399062e+01
   6.8928572e+00   1.2750000e+01   1.5202822e+02
  -2.5357143e+00   1.3178571e+01   7.4534047e+00
