  -1.9062500e+00   7.2187500e+00   1.2058269e+01
   3.5312500e+00   1.4156250e+01   1.4911739e+02
   7.4687500e+00   3.6562500e+00   1.9069489e+01
  -2.4687500e+00   1.2093750e+01   4.3875039e+00
  -4.9062500e+00   1.1906250e+01   3.6969250e+01
   1.0937500e+00   8.4375000e-01   2.7154028e+01
   5.2187500e+00   5.9062500e+00   3.6688418e+01
  -2.1875000e-01   2.8125000e-01   5.6255628e+01
   7.8437500e+00   7.4062500e+00   4.5405187e+01
   5.0312500e+00   1.1718750e+01   1.2234065e+02
   1.2812500e+00   1.4531250e+01   1.2003705e+02
   8.2187500e+00   1.2656250e+01   1.2780926e+02
  -4.7187500e+00   1.4062500e+00   2.3447268e+02
   7.6562500e+00   5.3437500e+00   2.7540119e+01
   7.2812500e+00   6.5625000e-01   1.5568734e+01
   9.9062500e+00   1.0406250e+01   5.7667102e+01
   4.4687500e+00   9.3750000e-02   9.5709341e+00
  -4.1562500e+00   1.3593750e+01   6.5002317e+00
   1.4687500e+00   1.2281250e+01   8.0536396e+01
   1.6562500e+00   7.0312500e+00   2.0155633e+01
   9.3437500e+00   1.3968750e+01   1.3409191e+02
  -5.9375000e-01   1.2843750e+01   5.2218939e+01
   3.4375000e-01   2.5312500e+00   2.7665863e+01
  -4.0625000e-01   7.9687500e+00   2.0512832e+01
   1.5625000e-01   5.7187500e+00   1.9486414e+01
   6.5312500e+00   6.4687500e+00   4.7961771e+01
   5.4062500e+00   4.5937500e+00   2.7852915e+01
   9.5312500e+00   7.5937500e+00   2.5727758e+01
  -2.8437500e+00   2.1562500e+00   8.9452006e+01
   3.9062500e+00   2.7187500e+00   4.0012661e+00
  -1.7187500e+00   1.1531250e+01   1.4412631e+01
   2.2187500e+00   1.0781250e+01   6.3133916e+01
  -7.8125000e-01   1.0593750e+01   2.7520564e+01
   7.1875000e-01   1.0968750e+01   5.3780213e+01
  -3.9687500e+00   3.2812500e+00   1.2604442e+02
  -1.1562500e+00   2.9062500e+00   3.9945747e+01
   7.0937500e+00   1.1156250e+01   1.1553113e+02
   9.7187500e+00   1.1343750e+01   7.4935271e+01
  -3.5937500e+00   1.0031250e+01   1.2630967e+01
   2.7812500e+00   4.6875000e-01   5.4415603e+00
  -2.0937500e+00   5.1562500e+00   2.7694423e+01
  -1.3437500e+00   8.5312500e+00   1.2186831e+01
   1.8437500e+00   3.0937500e+00   7.5803984e+00
   9.1562500e+00   6.0937500e+00   1.5456469e+01
   2.5937500e+00   8.7187500e+00   3.7536501e+01
   8.5937500e+00   8.9062500e+00   5.3131240e+01
   8.9687500e+00   1.9687500e+00   1.4011750e+00
   5.5937500e+00   1.0218750e+01   9.9842572e+01
  -4.3437500e+00   6.8437500e+00   7.8909260e+01
   8.4062500e+00   3.4687500e+00   7.9171046e+00
   2.4062500e+00   4.2187500e+00   4.5701889e+00
  -2.2812500e+00   9.6562500e+00   4.1560161e+00
  -3.7812500e+00   1.2187500e+00   1.6222657e+02
   8.7812500e+00   4.9687500e+00   1.1217234e+01
  -9.6875000e-01   1.3781250e+01   5.2870336e+01
   6.1562500e+00   1.4906250e+01   2.1019149e+02
   4.0937500e+00   1.2468750e+01   1.2148612e+02
  -3.0312500e+00   9.0937500e+00   8.9689243e+00
   3.7187500e+00   7.7812500e+00   3.6920604e+01
   5.9687500e+00   1.3031250e+01   1.6142012e+02
  -3.4062500e+00   6.6562500e+00   3.9967823e+01
   9.0625000e-01   3.8437500e+00   1.6594053e+01
  -2.6562500e+00   1.4343750e+01   1.1776980e+01
   5.3125000e-01   9.4687500e+00   3.6578281e+01
   2.0312500e+00   6.2812500e+00   1.4620051e+01
   2.9687500e+00   1.3406250e+01   1.2137817e+02
  -4.5312500e+00   4.7812500e+00   1.3110094e+02
   8.0312500e+00   1.4718750e+01   1.8171231e+02
   5.7812500e+00   2.3437500e+00   1.9923694e+01
   4.2812500e+00   5.5312500e+00   2.1805620e+01
   4.6562500e+00   4.0312500e+00   1.6436619e+01
  -3.1250000e-02   4.4062500e+00   2.2298885e+01
   3.3437500e+00   9.8437500e+00   6.0209196e+01
  -1.5312500e+00   1.0312500e+00   6.9803876e+01
   6.3437500e+00   9.2812500e+00   8.6478067e+01
   6.7187500e+00   8.3437500e+00   7.0623041e+01
   6.9062500e+00   1.7812500e+00   1.8171464e+01
   3.1562500e+00   1.5937500e+00   8.4761391e-01
  -3.2187500e+00   1.3218750e+01   1.0003422e+00
   4.8437500e+00   8.1562500e+00   5.7966766e+01
