   9.9166667e+00   1.0583333e+01   6.0244956e+01
   2.2500000e+00   9.2500000e+00   4.2123407e+01
   1.7500000e+00   7.5833333e+00   2.4072533e+01
   7.2500000e+00   2.2500000e+00   1.6450220e+01
   5.7500000e+00   1.2583333e+01   1.4968293e+02
  -2.9166666e+00   5.0833334e+00   4.4964079e+01
   1.2500000e+00   9.9166666e+00   4.5566259e+01
  -3.5833333e+00   8.9166667e+00   2.1078967e+01
   8.2500000e+00   6.7500000e+00   3.2180311e+01
   6.5833333e+00   1.3916667e+01   1.8289700e+02
   9.4166666e+00   5.9166667e+00   1.2290357e+01
   7.9166666e+00   1.3083333e+01   1.4364871e+02
  -4.1666668e-01   1.2250000e+01   4.9743428e+01
   7.7500000e+00   1.4250000e+01   1.7548659e+02
   3.0833333e+00   2.4999998e-01   4.7026914e+00
   3.4166666e+00   8.0833333e+00   3.6915979e+01
  -2.4166667e+00   1.0250000e+01   2.9353558e+00
   7.0833333e+00   3.5833334e+00   2.2330199e+01
   4.5833334e+00   9.7500000e+00   7.8166955e+01
  -1.2500000e+00   7.2500000e+00   1.3913783e+01
  -7.4999998e-01   1.4083333e+01   6.3497317e+01
   5.0833333e+00   8.2500000e+00   6.2511707e+01
  -3.4166667e+00   6.4166667e+00   4.3389029e+01
   5.5833333e+00   1.5833333e+00   1.7540678e+01
   9.2500000e+00   4.0833333e+00   3.6130331e+00
  -2.5000002e-01   8.5833333e+00   2.4044554e+01
   2.0833333e+00   5.4166666e+00   1.0007494e+01
   9.1666668e-01   4.7500000e+00   1.5852660e+01
   9.7500000e+00   3.4166667e+00   1.3285181e+00
   6.4166666e+00   4.4166667e+00   3.0473567e+01
  -1.0833333e+00   4.5833333e+00   2.5337771e+01
  -3.0833333e+00   1.1583333e+01   7.1898603e-01
  -5.8333332e-01   5.5833333e+00   1.9943625e+01
  -3.9166667e+00   1.3583333e+01   3.5399218e+00
   7.4166667e+00   9.4166667e+00   7.9913525e+01
  -2.2500000e+00   1.7500000e+00   7.5963139e+01
  -3.7500000e+00   1.0750000e+01   1.1331924e+01
   3.9166667e+00   1.4416667e+01   1.6363167e+02
   4.1666665e-01   1.1750000e+01   5.9621859e+01
  -2.5833334e+00   7.9166667e+00   1.1200719e+01
  -4.5833333e+00   8.4166666e+00   6.6398239e+01
   4.7500000e+00   7.5000000e-01   1.0726923e+01
   7.5833334e+00   1.1416667e+01   1.1370862e+02
   8.5833333e+00   1.3416667e+01   1.3723434e+02
   2.5000000e-01   3.7500000e+00   2.2763901e+01
   5.8333330e-01   1.0416667e+01   4.6116010e+01
   7.5000002e-01   7.4166667e+00   2.3465490e+01
  -8.3333300e-02   9.1666665e-01   4.6784415e+01
  -1.4166666e+00   8.3333325e-02   8.2549603e+01
   1.5833333e+00   1.9166667e+00   1.3441290e+01
   4.0833333e+00   1.3250000e+01   1.3879095e+02
   1.9166667e+00   3.2500000e+00   6.7750462e+00
   3.2500000e+00   1.1916667e+01   9.5023869e+01
   8.4166667e+00   3.0833333e+00   6.6396763e+00
   5.2500000e+00   1.1083333e+01   1.1249831e+02
  -2.7500000e+00   1.2750000e+01   3.0743457e+00
   2.5833333e+00   1.3750000e+01   1.2284196e+02
   1.4166667e+00   1.0833333e+00   2.0007747e+01
  -4.4166666e+00   1.2083333e+01   1.9214838e+01
   4.4166667e+00   1.4916667e+01   1.8745953e+02
  -9.1666670e-01   2.7500000e+00   3.9050615e+01
   6.2500000e+00   5.8333335e-01   1.9862827e+01
   2.4166667e+00   1.0916667e+01   6.6947428e+01
   8.9166667e+00   4.1666670e-01   4.3768159e+00
   2.9166667e+00   6.5833334e+00   1.7666829e+01
  -1.7500000e+00   1.1250000e+01   1.2569888e+01
   6.7500000e+00   5.7500000e+00   3.9799099e+01
   6.9166667e+00   1.2416667e+01   1.4418143e+02
   2.7500000e+00   2.9166667e+00   1.2248976e+00
  -4.7500000e+00   1.4166667e+00   2.3710198e+02
   8.3333350e-02   1.4750000e+01   9.8453956e+01
  -4.9166667e+00   6.0833333e+00   1.2998830e+02
   4.9166666e+00   2.5833333e+00   1.3600639e+01
  -2.0833333e+00   1.4583333e+01   2.7446211e+01
   6.0833334e+00   6.9166667e+00   5.3258585e+01
   8.0833333e+00   7.7500000e+00   4.5936172e+01
   9.5833333e+00   9.0833333e+00   4.2396585e+01
   8.7500000e+00   1.0083333e+01   6.8415552e+01
   5.9166667e+00   8.7500000e+00   7.7399861e+01
   9.0833334e+00   2.0833334e+00   9.6629134e-01
  -1.5833333e+00   9.5833334e+00   1.0426514e+01
  -1.9166667e+00   6.2500000e+00   1.7470643e+01
   5.4166667e+00   3.9166667e+00   2.3764593e+01
   1.0833333e+00   1.2916667e+01   8.6564568e+01
   4.2500000e+00   7.0833333e+00   3.6121069e+01
   3.5833333e+00   2.4166666e+00   1.5320833e+00
  -4.0833333e+00   5.2500000e+00   9.2762927e+01
  -4.2500000e+00   4.2500000e+00   1.2338445e+02
  -3.2500000e+00   1.2500000e+00   1.2785169e+02
   3.7500000e+00   4.9166667e+00   1.1535484e+01
