  -1.0000000e+00   0.0000000e+00
  -9.9275362e-01  -1.3000000e+00
  -9.7101449e-01  -2.7000000e+00
  -9.5652174e-01   0.0000000e+00
  -9.4202899e-01  -2.7000000e+00
  -8.6231884e-01  -2.7000000e+00
  -8.4782609e-01  -2.7000000e+00
  -8.4057971e-01  -1.3000000e+00
  -8.0434783e-01  -2.7000000e+00
  -7.8985507e-01  -2.7000000e+00
  -7.6811594e-01  -1.3000000e+00
  -7.6811594e-01  -2.7000000e+00
  -7.3913043e-01  -2.7000000e+00
  -7.2463768e-01  -2.7000000e+00
  -7.1739130e-01  -5.4000000e+00
  -7.0289855e-01  -2.7000000e+00
  -6.8840580e-01  -5.4000000e+00
  -6.7391304e-01   0.0000000e+00
  -6.0869565e-01  -2.7000000e+00
  -5.9420290e-01  -2.7000000e+00
  -5.8695652e-01   0.0000000e+00
  -5.5797101e-01  -1.3300000e+01
  -5.5797101e-01  -5.4000000e+00
  -5.5797101e-01  -5.4000000e+00
  -5.5797101e-01  -9.3000000e+00
  -5.5797101e-01  -1.6000000e+01
  -5.5797101e-01  -2.2800000e+01
  -5.5072464e-01  -2.7000000e+00
  -5.2898551e-01  -2.2800000e+01
  -5.2898551e-01  -3.2100000e+01
  -5.2898551e-01  -5.3500000e+01
  -5.2898551e-01  -5.4900000e+01
  -5.2173913e-01  -4.0200000e+01
  -5.2173913e-01  -2.1500000e+01
  -5.1449275e-01  -2.1500000e+01
  -5.1449275e-01  -5.0800000e+01
  -5.0724638e-01  -4.2900000e+01
  -5.0724638e-01  -2.6800000e+01
  -5.0000000e-01  -2.1500000e+01
  -5.0000000e-01  -5.0800000e+01
  -5.0000000e-01  -6.1700000e+01
  -4.9275362e-01  -5.4000000e+00
  -4.9275362e-01  -8.0400000e+01
  -4.8550725e-01  -5.9000000e+01
  -4.7826087e-01  -7.1000000e+01
  -4.7826087e-01  -9.1100000e+01
  -4.7826087e-01  -7.7700000e+01
  -4.4927536e-01  -3.7500000e+01
  -4.4927536e-01  -8.5600000e+01
  -4.4927536e-01  -1.2310000e+02
  -4.4927536e-01  -1.0190000e+02
  -4.4202899e-01  -9.9100000e+01
  -4.4202899e-01  -1.0440000e+02
  -4.1304348e-01  -1.1250000e+02
  -4.1304348e-01  -5.0800000e+01
  -3.9130435e-01  -1.2310000e+02
  -3.8405797e-01  -8.5600000e+01
  -3.8405797e-01  -7.2300000e+01
  -3.7681159e-01  -1.2720000e+02
  -3.5507246e-01  -1.2310000e+02
  -3.4782609e-01  -1.1790000e+02
  -3.1884058e-01  -1.3400000e+02
  -3.1159420e-01  -1.0190000e+02
  -2.9710145e-01  -1.0840000e+02
  -2.8985507e-01  -1.2310000e+02
  -2.4637681e-01  -1.2310000e+02
  -2.3913043e-01  -1.2850000e+02
  -2.1739130e-01  -1.1250000e+02
  -2.1014493e-01  -9.5100000e+01
  -2.1014493e-01  -8.1800000e+01
  -1.9565217e-01  -5.3500000e+01
  -1.8115942e-01  -6.4400000e+01
  -1.8115942e-01  -5.7600000e+01
  -1.6666667e-01  -7.2300000e+01
  -1.6666667e-01  -4.4300000e+01
  -1.5942029e-01  -2.6800000e+01
  -1.4492754e-01  -5.4000000e+00
  -1.3768116e-01  -1.0710000e+02
  -1.3768116e-01  -2.1500000e+01
  -1.3043478e-01  -6.5600000e+01
  -1.0869565e-01  -1.6000000e+01
  -1.0144928e-01  -4.5600000e+01
  -1.0144928e-01  -2.4200000e+01
  -1.0144928e-01   9.5000000e+00
  -8.6956522e-02   4.0000000e+00
  -6.5217391e-02   1.2000000e+01
  -5.7971014e-02  -2.1500000e+01
  -5.7971014e-02   3.7500000e+01
  -5.0724638e-02   4.6900000e+01
  -2.1739130e-02  -1.7400000e+01
   7.2463768e-03   3.6200000e+01
   3.6231884e-02   7.5000000e+01
   4.3478261e-02   8.1000000e+00
   7.2463768e-02   5.4900000e+01
   7.2463768e-02   4.8200000e+01
   1.0144928e-01   4.6900000e+01
   1.2318841e-01   1.6000000e+01
   1.3768116e-01   4.5600000e+01
   1.5942029e-01   1.3000000e+00
   1.7391304e-01   7.5000000e+01
   1.8840580e-01  -1.6000000e+01
   1.8840580e-01  -5.4900000e+01
   1.9565217e-01   6.9600000e+01
   2.0289855e-01   3.4800000e+01
   2.0289855e-01   3.2100000e+01
   2.2463768e-01  -3.7500000e+01
   2.2463768e-01   2.2800000e+01
   2.8985507e-01   4.6900000e+01
   2.8985507e-01   1.0700000e+01
   3.3333333e-01   5.4000000e+00
   3.4057971e-01  -1.3000000e+00
   3.6231884e-01  -2.1500000e+01
   3.7681159e-01  -1.3300000e+01
   4.2028986e-01   3.0800000e+01
   4.2028986e-01  -1.0700000e+01
   4.4927536e-01   2.9400000e+01
   4.6376812e-01   0.0000000e+00
   4.6376812e-01  -1.0700000e+01
   4.7101449e-01   1.4700000e+01
   5.0724638e-01  -1.3000000e+00
   5.2173913e-01   0.0000000e+00
   5.4347826e-01   1.0700000e+01
   6.0144928e-01   1.0700000e+01
   6.4492754e-01  -2.6800000e+01
   6.4492754e-01  -1.4700000e+01
   6.8115942e-01  -1.3300000e+01
   7.4637681e-01   0.0000000e+00
   7.9710145e-01   1.0700000e+01
   8.4057971e-01  -1.4700000e+01
   9.0579710e-01  -2.7000000e+00
   9.0579710e-01   1.0700000e+01
   9.2028986e-01  -2.7000000e+00
   1.0000000e+00   1.0700000e+01
