1.89014899	2.61594493	1.27675040	0.35889143	3.72395559	0.04672039	0.040682497	
1.02483768	0.27762156	1.87685552	2.88286576	0.66766783	0.17577457	0.215567599	
0.26950955	3.21203971	3.36566349	3.48860122	0.79138197	0.00121423	-0.048005667	
2.51783540	3.19983508	0.10018581	3.50894531	3.32289688	0.00659225	0.04880499	
0.41594870	3.12935176	2.50369103	3.17175397	2.52579970	0.00193679	-0.011148767	
0.51340684	1.22694063	2.81286253	2.80184411	3.48856916	0.18455106	0.18884157	
0.94931907	0.93600702	3.91897835	2.82090133	0.67980952	0.27628867	0.265211772	
1.72396730	0.55331486	3.33230012	3.88842755	3.20613191	0.45450308	0.426597766	
1.35347978	3.23211430	0.37948223	3.88323502	0.93753109	0.00272739	-0.027552393	
0.10276254	1.87579120	0.71148106	2.41173138	3.58935570	0.06685135	0.023943287	
0.64885057	1.89861852	3.60988727	0.10078654	3.69953151	0.09638826	0.083913239	
0.96261150	3.69090892	1.27988521	3.01972199	3.23864420	0.00020109	-0.007988163	
3.13759406	1.94758509	3.13129444	0.03251229	1.78411428	0.25360136	0.251920968	
2.71547079	2.75181221	0.14927727	0.84658319	2.61270825	0.03728636	-0.011988943	
0.87602100	3.43779622	2.43485181	3.02335254	0.22717043	0.00068395	0.00011106
1.53917770	2.82496454	2.92256600	0.52763892	0.57656619	0.01684990	-0.012482082
3.13405561	1.64268079	1.50791694	1.33792199	3.99646156	0.41299987	0.385331838
3.69509570	2.37662250	1.30540969	2.21234728	0.97962491	0.05718812	0.086589084
3.62481029	1.15613242	1.36576409	2.36691666	2.74878929	0.39587786	0.432450555
1.71833621	2.93091228	3.34356412	2.52161886	0.17915851	0.01326932	0.01761762
0.10594774	0.42099811	1.99397993	3.60259232	0.97189213	0.10317616	0.114375395
2.77831732	0.48606299	2.26467033	0.97543057	3.08322163	0.60109313	0.566785786
2.10944050	0.95926064	2.76308330	2.10359672	2.48463021	0.73812538	0.74269857
3.80312821	1.39731921	3.73668006	3.73584092	2.08479201	0.29466010	0.26429101
2.46640693	0.39311594	1.21422206	1.90563349	2.36045918	0.57604483	0.571577445
3.97211783	3.22024213	2.30304117	1.38856705	1.19380051	0.00214732	-0.029540634
2.73417914	0.03837084	0.41313648	2.11057888	0.62473864	0.31608674	0.297400945
3.07911020	1.65005318	0.00698216	2.14010844	3.27598199	0.42684273	0.43274404
0.25273398	0.27030210	2.40426752	1.19118998	1.78632705	0.09394242	0.098969714
3.87718616	1.19004545	3.28555649	3.42586787	3.90506832	0.31147523	0.307637379
1.96980332	0.98251531	2.03730081	2.71126782	3.23562418	0.67496360	0.644508087
0.94414447	1.62416433	0.60068894	2.61088554	1.86503427	0.18707517	0.226781271
3.97411115	0.59370678	0.47077710	2.58905228	3.72137717	0.25135781	0.283772956
0.32340468	2.06650958	1.39786230	1.93505012	0.44621852	0.05400157	0.042925496
0.87646413	2.11230581	2.50918226	0.54115020	2.90666081	0.07565134	0.122446067
1.12979050	0.47188144	1.82988238	3.67103663	0.18564603	0.24585377	0.22064406
2.84771711	1.22919344	1.06015110	2.32061176	2.87360596	0.71831406	0.727102573
0.63548666	0.58937400	3.73155948	3.15222879	0.31208199	0.18065892	0.138581683
2.52286442	2.33369718	1.21717867	3.86586346	1.64640029	0.14064655	0.136134204
0.22139137	2.70799642	3.32471326	2.73973948	3.09160087	0.00846083	-0.018507253
2.23611497	1.49483088	3.06870284	2.90595485	3.38839786	0.61656760	0.638964299
0.26563744	2.00855175	0.58534309	0.51479190	3.63015078	0.05839672	0.053813131
1.41917775	0.85378361	1.36256310	3.31806879	2.89631333	0.41333388	0.423473196
2.52008643	0.14538443	3.45220533	1.24991305	2.29869506	0.40130823	0.411828665
1.43738801	0.12749207	2.51017357	3.20709419	3.20127304	0.20053409	0.210995839
2.63266118	3.44147073	0.30113934	3.81287518	2.36702374	0.00211720	-0.032403675
1.43291898	3.71579625	3.29808328	2.73687296	0.01374123	0.00026784	0.014732167
2.86201264	1.93552018	3.41880417	1.11742790	0.34192622	0.31312009	0.320084533
1.79013575	3.96659884	3.86751485	2.04323116	0.35274774	0.00008840	-0.014888454
3.83910678	1.35734128	2.83613697	1.15147470	1.20644559	0.29404038	0.286398437
1.91587055	2.53499763	1.33859952	2.83942185	0.48295157	0.06149596	0.051546677
2.81920138	2.04051624	0.10254889	0.46921034	3.95718873	0.26015160	0.281477644
0.10499605	0.68374472	3.35178244	3.61526252	2.31486030	0.13045213	0.15916509
0.71714588	3.48426759	1.57203136	1.96211256	0.87803911	0.00047685	-0.030121994
2.12692631	2.73589439	0.81063786	3.67159351	0.21105575	0.03668491	0.001223903
0.20089675	3.47203834	0.83217166	3.72810418	1.38169538	0.00034203	0.016594423
1.43152211	0.72962276	3.25889384	1.42450664	1.32652605	0.39694501	0.390306088
0.04587804	3.90711140	1.80924413	3.01166575	3.32873216	0.00002958	0.035318794
0.42284381	0.23721277	1.04955319	2.45069306	2.29591750	0.10134351	0.108657442
1.50131838	0.23891533	2.77909955	2.08486175	1.30042163	0.25499565	0.276265809
0.76687698	1.94692789	2.35675757	3.91872625	3.33535487	0.09703911	0.074823731
1.21730513	3.09786373	2.49421961	2.00882882	1.17142708	0.00431049	0.032969449
3.19075233	0.68497548	2.99716307	1.84269492	2.76790852	0.53992249	0.542873234
0.44776271	1.94760988	3.39200187	0.47199102	2.94644433	0.07528129	0.052523547
1.70869455	0.61290232	2.38712927	1.64602270	0.94181757	0.47139336	0.477762915
2.66597443	0.03037170	1.72729645	1.60646270	1.44866931	0.31816113	0.288259594
0.93250797	3.23307684	3.59763388	0.27724222	1.74175564	0.00186726	0.040222601
2.54810136	0.60047081	2.43454730	2.97384712	2.10033864	0.70902011	0.670198356
2.65286093	3.04254544	2.50185610	3.15389431	0.94416638	0.01260580	-0.023305074
2.42964312	0.11472682	1.50787161	0.00234881	3.76366869	0.37902741	0.375282371
0.08435512	3.78057516	2.39588611	2.31499938	3.15184714	0.00006236	-0.039728684
0.54749832	2.79825223	2.03775716	1.41009150	1.99939696	0.00786291	0.005129398
2.19778143	3.60320986	2.43624438	3.89905832	3.54492049	0.00088283	0.013661906
0.56066442	3.93438829	0.74516400	2.60075411	2.13102130	0.00003672	0.037127998
3.81966146	3.23729239	2.59840531	2.36735262	3.73530635	0.00227813	-0.03889985
3.45671723	0.20251919	0.05235324	0.58345920	2.90921891	0.25027975	0.253207527
1.40426696	2.01459608	3.17336770	0.90982195	3.20648553	0.14880229	0.182480227
2.41138622	0.73712332	1.01076364	3.66156504	1.85072180	0.77263536	0.778523354
0.80273503	0.26559963	1.06081093	3.71970050	0.98307357	0.14289939	0.121542422
1.02830724	2.46240562	1.35234788	1.24776723	1.57159001	0.03500307	0.049836757
2.25988643	1.29999464	0.66430802	2.66237109	0.85561947	0.72669728	0.700196727
3.28539856	1.49094032	1.75254914	1.64913393	0.87401233	0.43251982	0.405874222
0.75381700	0.74178550	1.98756889	3.02329053	3.95108197	0.22016129	0.219830678
0.47618587	0.92675796	3.30359003	2.96800840	3.44787863	0.18781780	0.173073823
2.46435234	1.95124215	1.72024117	1.87628863	0.20446592	0.33680822	0.306038894
0.65124751	1.05593315	3.21391753	3.34884645	1.36584896	0.21587290	0.259938993
3.56499283	1.46136840	1.69971252	0.49183662	2.81117583	0.34627079	0.339816818
0.71958289	3.71214363	1.46854609	2.86009386	0.24339702	0.00014621	-0.032956605
2.78538567	2.16495606	3.89208546	0.79551839	0.32103332	0.20086727	0.18980263
0.21371390	2.17184429	2.91922977	0.11656741	3.56246639	0.03940971	0.028573842
1.11591115	3.70531224	0.76772095	2.19661743	1.55091832	0.00021280	0.039632364
2.24394384	3.06800843	1.70478081	2.73974249	1.52436095	0.01097454	-0.01660667
3.35586480	0.23623472	3.87964864	1.28096392	0.57047914	0.28876148	0.304086329
2.07127867	3.98756317	0.48544553	0.24944581	1.85756476	0.00009608	0.01537582
1.81571888	1.56621576	0.13287841	2.29509837	0.69980773	0.43501714	0.445110389	
1.86090352	3.36515745	0.09848094	3.14888941	3.61695968	0.00231294	0.013859371	
0.29714902	2.39370013	0.40914691	2.09259874	0.94128422	0.02368579	0.048682064	
2.15746540	0.52949828	0.81163482	0.37080508	0.08618674	0.60836589	0.633313482	
0.54193511	0.32618929	0.12135926	2.22862197	2.72621623	0.12615558	0.082860896	
2.75997353	3.98848085	3.93352360	2.02640850	0.89907001	0.00010431	0.018719636	
