  -1.0000000e+00  -3.4834702e+01
  -7.2832820e-01  -3.4393200e+01
  -5.8326881e-01  -3.4152901e+01
  -3.2022279e-01  -3.3732899e+01
  -2.0732084e-01  -3.3559200e+01
  -1.6063512e-01  -3.3486801e+01
  -1.1868009e-01  -3.3423100e+01
  -8.0583668e-02  -3.3365101e+01
  -4.5695898e-02  -3.3313000e+01
   1.6341311e-02  -3.3217400e+01
   7.0289521e-02  -3.3139198e+01
   9.4840450e-02  -3.3101601e+01
   1.1801938e-01  -3.3066799e+01
   1.6081252e-01  -3.3003101e+01
   1.8066300e-01  -3.2971298e+01
   2.1771530e-01  -3.2916302e+01
   2.5172516e-01  -3.2864101e+01
   2.6774150e-01  -3.2841000e+01
   2.8315681e-01  -3.2817799e+01
   2.9802084e-01  -3.2797501e+01
   3.1237088e-01  -3.2774300e+01
   3.3966167e-01  -3.2733799e+01
   3.5266458e-01  -3.2716400e+01
   3.7750152e-01  -3.2678799e+01
   3.8938113e-01  -3.2661400e+01
   4.0093329e-01  -3.2644001e+01
   4.1217043e-01  -3.2626701e+01
   4.2310913e-01  -3.2612202e+01
   4.3377011e-01  -3.2597698e+01
   4.5430037e-01  -3.2568699e+01
   4.6419452e-01  -3.2554298e+01
   4.8330719e-01  -3.2525299e+01
   4.9254229e-01  -3.2510799e+01
   5.0157428e-01  -3.2499199e+01
   5.1041560e-01  -3.2487598e+01
   5.1907039e-01  -3.2473202e+01
   5.4400266e-01  -3.2435501e+01
   5.5982833e-01  -3.2412300e+01
   5.7507370e-01  -3.2392101e+01
   5.8248913e-01  -3.2380501e+01
   5.8977607e-01  -3.2366001e+01
   6.0397689e-01  -3.2348598e+01
   6.1089907e-01  -3.2339901e+01
   6.2440353e-01  -3.2319698e+01
   6.3099411e-01  -3.2311001e+01
   6.3748520e-01  -3.2299400e+01
   6.5016066e-01  -3.2282001e+01
   6.5636160e-01  -3.2273300e+01
   6.6246721e-01  -3.2264599e+01
   6.6848163e-01  -3.2256001e+01
   6.7441315e-01  -3.2247299e+01
   6.8602748e-01  -3.2229900e+01
   6.9171444e-01  -3.2224098e+01
   6.9732265e-01  -3.2215401e+01
   7.0286039e-01  -3.2203800e+01
   7.3461950e-01  -3.2163300e+01
   7.4468360e-01  -3.2145901e+01
   7.5450729e-01  -3.2131401e+01
   7.5933209e-01  -3.2125599e+01
   7.6410300e-01  -3.2119801e+01
   7.6882003e-01  -3.2111198e+01
   7.7348317e-01  -3.2105400e+01
   7.7809243e-01  -3.2096699e+01
   7.8265609e-01  -3.2090900e+01
   7.8717002e-01  -3.2088001e+01
   7.9163420e-01  -3.2079300e+01
   7.9604864e-01  -3.2073502e+01
   8.0041334e-01  -3.2067699e+01
   8.0901425e-01  -3.2056099e+01
   8.1744107e-01  -3.2044498e+01
   8.2159023e-01  -3.2038799e+01
   8.2569794e-01  -3.2033001e+01
   8.2976834e-01  -3.2027199e+01
   8.3379730e-01  -3.2024300e+01
   8.4173500e-01  -3.2012699e+01
   8.4565204e-01  -3.2004002e+01
   8.5337006e-01  -3.1995300e+01
   8.5717933e-01  -3.1989500e+01
   8.6095130e-01  -3.1983700e+01
   8.6468596e-01  -3.1977900e+01
   8.6839160e-01  -3.1972099e+01
   8.7570341e-01  -3.1963501e+01
   8.7930957e-01  -3.1957701e+01
   8.8288672e-01  -3.1951900e+01
   8.8994983e-01  -3.1940300e+01
   8.9343579e-01  -3.1937401e+01
   8.9689273e-01  -3.1931601e+01
   9.0372372e-01  -3.1922899e+01
   9.0709361e-01  -3.1917101e+01
   9.1043864e-01  -3.1911301e+01
   9.1704994e-01  -3.1902599e+01
   9.2355762e-01  -3.1893999e+01
   9.2677415e-01  -3.1888201e+01
   9.2996581e-01  -3.1885300e+01
   9.3627453e-01  -3.1876600e+01
   9.4249205e-01  -3.1867901e+01
   9.4556351e-01  -3.1862101e+01
   9.4861424e-01  -3.1859200e+01
   9.5464938e-01  -3.1850500e+01
   9.5763379e-01  -3.1844700e+01
   9.6059333e-01  -3.1841801e+01
   9.6353630e-01  -3.1838900e+01
   9.6645853e-01  -3.1833099e+01
   9.7224083e-01  -3.1827299e+01
   9.8076713e-01  -3.1812901e+01
   9.8911933e-01  -3.1801300e+01
   9.9186748e-01  -3.1798401e+01
   9.9459490e-01  -3.1795500e+01
   1.0000000e+00  -3.1786800e+01
