   1.0000000e+00   0.0000000e+00   1.0000000e+00
  -1.0000000e+00   0.0000000e+00  -1.0000000e+00
   9.7135385e-01   2.0931667e-01   1.0000000e+00
  -9.7135385e-01  -2.0931667e-01  -1.0000000e+00
   9.0611231e-01   4.0660167e-01   1.0000000e+00
  -9.0611231e-01  -4.0660167e-01  -1.0000000e+00
   8.0748462e-01   5.8450667e-01   1.0000000e+00
  -8.0748462e-01  -5.8450667e-01  -1.0000000e+00
   6.7990923e-01   7.3657167e-01   1.0000000e+00
  -6.7990923e-01  -7.3657167e-01  -1.0000000e+00
   5.2885846e-01   8.5745500e-01   1.0000000e+00
  -5.2885846e-01  -8.5745500e-01  -1.0000000e+00
   3.6060308e-01   9.4312833e-01   1.0000000e+00
  -3.6060308e-01  -9.4312833e-01  -1.0000000e+00
   1.8195692e-01   9.9100167e-01   1.0000000e+00
  -1.8195692e-01  -9.9100167e-01  -1.0000000e+00
  -3.0769231e-06   1.0000000e+00   1.0000000e+00
   3.0769231e-06  -1.0000000e+00  -1.0000000e+00
  -1.7821077e-01   9.7056833e-01   1.0000000e+00
   1.7821077e-01  -9.7056833e-01  -1.0000000e+00
  -3.4589077e-01   9.0463000e-01   1.0000000e+00
   3.4589077e-01  -9.0463000e-01  -1.0000000e+00
  -4.9681231e-01   8.0548333e-01   1.0000000e+00
   4.9681231e-01  -8.0548333e-01  -1.0000000e+00
  -6.2552154e-01   6.7764000e-01   1.0000000e+00
   6.2552154e-01  -6.7764000e-01  -1.0000000e+00
  -7.2753846e-01   5.2663000e-01   1.0000000e+00
   7.2753846e-01  -5.2663000e-01  -1.0000000e+00
  -7.9951385e-01   3.5876000e-01   1.0000000e+00
   7.9951385e-01  -3.5876000e-01  -1.0000000e+00
  -8.3932769e-01   1.8085833e-01   1.0000000e+00
   8.3932769e-01  -1.8085833e-01  -1.0000000e+00
  -8.4615385e-01  -6.6666667e-06   1.0000000e+00
   8.4615385e-01   6.6666667e-06  -1.0000000e+00
  -8.2046308e-01  -1.7680833e-01   1.0000000e+00
   8.2046308e-01   1.7680833e-01  -1.0000000e+00
  -7.6397538e-01  -3.4282667e-01   1.0000000e+00
   7.6397538e-01   3.4282667e-01  -1.0000000e+00
  -6.7956308e-01  -4.9191833e-01   1.0000000e+00
   6.7956308e-01   4.9191833e-01  -1.0000000e+00
  -5.7112000e-01  -6.1872333e-01   1.0000000e+00
   5.7112000e-01   6.1872333e-01  -1.0000000e+00
  -4.4338154e-01  -7.1888000e-01   1.0000000e+00
   4.4338154e-01   7.1888000e-01  -1.0000000e+00
  -3.0172308e-01  -7.8915000e-01   1.0000000e+00
   3.0172308e-01   7.8915000e-01  -1.0000000e+00
  -1.5193692e-01  -8.2754000e-01   1.0000000e+00
   1.5193692e-01   8.2754000e-01  -1.0000000e+00
   9.2307692e-06  -8.3333333e-01   1.0000000e+00
  -9.2307692e-06   8.3333333e-01  -1.0000000e+00
   1.4820154e-01  -8.0710333e-01   1.0000000e+00
  -1.4820154e-01   8.0710333e-01  -1.0000000e+00
   2.8702154e-01  -7.5064833e-01   1.0000000e+00
  -2.8702154e-01   7.5064833e-01  -1.0000000e+00
   4.1134308e-01  -6.6690167e-01   1.0000000e+00
  -4.1134308e-01   6.6690167e-01  -1.0000000e+00
   5.1673846e-01  -5.5978500e-01   1.0000000e+00
  -5.1673846e-01   5.5978500e-01  -1.0000000e+00
   5.9962308e-01  -4.3403000e-01   1.0000000e+00
  -5.9962308e-01   4.3403000e-01  -1.0000000e+00
   6.5738000e-01  -2.9497500e-01   1.0000000e+00
  -6.5738000e-01   2.9497500e-01  -1.0000000e+00
   6.8843846e-01  -1.4834000e-01   1.0000000e+00
  -6.8843846e-01   1.4834000e-01  -1.0000000e+00
   6.9230769e-01   1.1666667e-05   1.0000000e+00
  -6.9230769e-01  -1.1666667e-05  -1.0000000e+00
   6.6957231e-01   1.4429667e-01   1.0000000e+00
  -6.6957231e-01  -1.4429667e-01  -1.0000000e+00
   6.2183846e-01   2.7905000e-01   1.0000000e+00
  -6.2183846e-01  -2.7905000e-01  -1.0000000e+00
   5.5164154e-01   3.9932500e-01   1.0000000e+00
  -5.5164154e-01  -3.9932500e-01  -1.0000000e+00
   4.6233077e-01   5.0087500e-01   1.0000000e+00
  -4.6233077e-01  -5.0087500e-01  -1.0000000e+00
   3.5790615e-01   5.8030333e-01   1.0000000e+00
  -3.5790615e-01  -5.8030333e-01  -1.0000000e+00
   2.4284615e-01   6.3517167e-01   1.0000000e+00
  -2.4284615e-01  -6.3517167e-01  -1.0000000e+00
   1.2192000e-01   6.6407500e-01   1.0000000e+00
  -1.2192000e-01  -6.6407500e-01  -1.0000000e+00
  -1.0769231e-05   6.6666667e-01   1.0000000e+00
   1.0769231e-05  -6.6666667e-01  -1.0000000e+00
  -1.1819077e-01   6.4363833e-01   1.0000000e+00
   1.1819077e-01  -6.4363833e-01  -1.0000000e+00
  -2.2814923e-01   5.9666667e-01   1.0000000e+00
   2.2814923e-01  -5.9666667e-01  -1.0000000e+00
  -3.2587231e-01   5.2832333e-01   1.0000000e+00
   3.2587231e-01  -5.2832333e-01  -1.0000000e+00
  -4.0795385e-01   4.4193333e-01   1.0000000e+00
   4.0795385e-01  -4.4193333e-01  -1.0000000e+00
  -4.7170615e-01   3.4143333e-01   1.0000000e+00
   4.7170615e-01  -3.4143333e-01  -1.0000000e+00
  -5.1524462e-01   2.3119333e-01   1.0000000e+00
   5.1524462e-01  -2.3119333e-01  -1.0000000e+00
  -5.3754769e-01   1.1582167e-01   1.0000000e+00
   5.3754769e-01  -1.1582167e-01  -1.0000000e+00
  -5.3846154e-01  -1.3333333e-05   1.0000000e+00
   5.3846154e-01   1.3333333e-05  -1.0000000e+00
  -5.1868154e-01  -1.1178333e-01   1.0000000e+00
   5.1868154e-01   1.1178333e-01  -1.0000000e+00
  -4.7970154e-01  -2.1527167e-01   1.0000000e+00
   4.7970154e-01   2.1527167e-01  -1.0000000e+00
  -4.2372308e-01  -3.0673167e-01   1.0000000e+00
   4.2372308e-01   3.0673167e-01  -1.0000000e+00
  -3.5354462e-01  -3.8302500e-01   1.0000000e+00
   3.5354462e-01   3.8302500e-01  -1.0000000e+00
  -2.7243385e-01  -4.4172500e-01   1.0000000e+00
   2.7243385e-01   4.4172500e-01  -1.0000000e+00
  -1.8397077e-01  -4.8119167e-01   1.0000000e+00
   1.8397077e-01   4.8119167e-01  -1.0000000e+00
  -9.1906154e-02  -5.0061167e-01   1.0000000e+00
   9.1906154e-02   5.0061167e-01  -1.0000000e+00
   1.2307692e-05  -5.0000000e-01   1.0000000e+00
  -1.2307692e-05   5.0000000e-01  -1.0000000e+00
   8.8176923e-02  -4.8017333e-01   1.0000000e+00
  -8.8176923e-02   4.8017333e-01  -1.0000000e+00
   1.6927538e-01  -4.4268667e-01   1.0000000e+00
  -1.6927538e-01   4.4268667e-01  -1.0000000e+00
   2.4040000e-01  -3.8974500e-01   1.0000000e+00
  -2.4040000e-01   3.8974500e-01  -1.0000000e+00
   2.9916923e-01  -3.2408167e-01   1.0000000e+00
  -2.9916923e-01   3.2408167e-01  -1.0000000e+00
   3.4378769e-01  -2.4883833e-01   1.0000000e+00
  -3.4378769e-01   2.4883833e-01  -1.0000000e+00
   3.7310923e-01  -1.6741167e-01   1.0000000e+00
  -3.7310923e-01   1.6741167e-01  -1.0000000e+00
   3.8665846e-01  -8.3308333e-02   1.0000000e+00
  -3.8665846e-01   8.3308333e-02  -1.0000000e+00
   3.8461538e-01   1.1666667e-05   1.0000000e+00
  -3.8461538e-01  -1.1666667e-05  -1.0000000e+00
   3.6779231e-01   7.9266667e-02   1.0000000e+00
  -3.6779231e-01  -7.9266667e-02  -1.0000000e+00
   3.3756769e-01   1.5149000e-01   1.0000000e+00
  -3.3756769e-01  -1.5149000e-01  -1.0000000e+00
   2.9580462e-01   2.1413667e-01   1.0000000e+00
  -2.9580462e-01  -2.1413667e-01  -1.0000000e+00
   2.4476000e-01   2.6517333e-01   1.0000000e+00
  -2.4476000e-01  -2.6517333e-01  -1.0000000e+00
   1.8696154e-01   3.0314667e-01   1.0000000e+00
  -1.8696154e-01  -3.0314667e-01  -1.0000000e+00
   1.2509846e-01   3.2721167e-01   1.0000000e+00
  -1.2509846e-01  -3.2721167e-01  -1.0000000e+00
   6.1893846e-02   3.3714667e-01   1.0000000e+00
  -6.1893846e-02  -3.3714667e-01  -1.0000000e+00
  -1.0769231e-05   3.3333333e-01   1.0000000e+00
   1.0769231e-05  -3.3333333e-01  -1.0000000e+00
  -5.8161538e-02   3.1671000e-01   1.0000000e+00
   5.8161538e-02  -3.1671000e-01  -1.0000000e+00
  -1.1039846e-01   2.8870833e-01   1.0000000e+00
   1.1039846e-01  -2.8870833e-01  -1.0000000e+00
  -1.5492615e-01   2.5116667e-01   1.0000000e+00
   1.5492615e-01  -2.5116667e-01  -1.0000000e+00
  -1.9038154e-01   2.0623167e-01   1.0000000e+00
   1.9038154e-01  -2.0623167e-01  -1.0000000e+00
  -2.1586769e-01   1.5624667e-01   1.0000000e+00
   2.1586769e-01  -1.5624667e-01  -1.0000000e+00
  -2.3097385e-01   1.0363500e-01   1.0000000e+00
   2.3097385e-01  -1.0363500e-01  -1.0000000e+00
  -2.3576769e-01   5.0795000e-02   1.0000000e+00
   2.3576769e-01  -5.0795000e-02  -1.0000000e+00
  -2.3076923e-01  -1.0000000e-05   1.0000000e+00
   2.3076923e-01   1.0000000e-05  -1.0000000e+00
  -2.1690308e-01  -4.6748333e-02   1.0000000e+00
   2.1690308e-01   4.6748333e-02  -1.0000000e+00
  -1.9543231e-01  -8.7706667e-02   1.0000000e+00
   1.9543231e-01   8.7706667e-02  -1.0000000e+00
  -1.6788923e-01  -1.2153833e-01   1.0000000e+00
   1.6788923e-01   1.2153833e-01  -1.0000000e+00
  -1.3597692e-01  -1.4732000e-01   1.0000000e+00
   1.3597692e-01   1.4732000e-01  -1.0000000e+00
  -1.0149231e-01  -1.6456667e-01   1.0000000e+00
   1.0149231e-01   1.6456667e-01  -1.0000000e+00
  -6.6227692e-02  -1.7323000e-01   1.0000000e+00
   6.6227692e-02   1.7323000e-01  -1.0000000e+00
  -3.1883077e-02  -1.7368167e-01   1.0000000e+00
   3.1883077e-02   1.7368167e-01  -1.0000000e+00
   6.1538462e-06  -1.6666667e-01   1.0000000e+00
  -6.1538462e-06   1.6666667e-01  -1.0000000e+00
   2.8143077e-02  -1.5324667e-01   1.0000000e+00
  -2.8143077e-02   1.5324667e-01  -1.0000000e+00
   5.1520000e-02  -1.3473000e-01   1.0000000e+00
  -5.1520000e-02   1.3473000e-01  -1.0000000e+00
   6.9450769e-02  -1.1259167e-01   1.0000000e+00
  -6.9450769e-02   1.1259167e-01  -1.0000000e+00
   8.1592308e-02  -8.8385000e-02   1.0000000e+00
  -8.1592308e-02   8.8385000e-02  -1.0000000e+00
   8.7946154e-02  -6.3655000e-02   1.0000000e+00
  -8.7946154e-02   6.3655000e-02  -1.0000000e+00
   8.8836923e-02  -3.9858333e-02   1.0000000e+00
  -8.8836923e-02   3.9858333e-02  -1.0000000e+00
   8.4876923e-02  -1.8285000e-02   1.0000000e+00
  -8.4876923e-02   1.8285000e-02  -1.0000000e+00
   7.6923077e-02   3.3333333e-06   1.0000000e+00
  -7.6923077e-02  -3.3333333e-06  -1.0000000e+00
