  -1.0000000e+00   9.7587760e+01
  -9.9196787e-01   9.7763440e+01
  -9.7590361e-01   9.2520370e+01
  -9.6787149e-01   9.1150970e+01
  -9.5983936e-01   9.5217280e+01
  -8.9558233e-01   8.5679380e+01
  -8.8755020e-01   8.0048490e+01
  -8.6345382e-01   8.0794010e+01
  -8.5542169e-01   8.1285640e+01
  -8.4738956e-01   8.1569320e+01
  -8.3935743e-01   7.9227030e+01
  -8.3132530e-01   7.9432590e+01
  -8.2329317e-01   7.7901740e+01
  -8.1526104e-01   7.6754380e+01
  -8.0722892e-01   7.7173380e+01
  -7.9116466e-01   7.3118300e+01
  -7.8313253e-01   7.3847320e+01
  -7.5903614e-01   6.6919620e+01
  -7.5100402e-01   6.7935540e+01
  -7.4297189e-01   6.9558410e+01
  -7.3493976e-01   6.9065920e+01
  -7.1887550e-01   6.3870940e+01
  -7.0281124e-01   6.3592950e+01
  -6.9477912e-01   6.3355090e+01
  -6.8674699e-01   5.9997470e+01
  -6.5461847e-01   5.6577500e+01
  -6.3855422e-01   5.4307670e+01
  -6.2248996e-01   5.6529570e+01
  -6.1445783e-01   5.6984270e+01
  -6.0642570e-01   5.8114590e+01
  -5.9839357e-01   5.8695760e+01
  -5.9036145e-01   5.8233220e+01
  -5.8232932e-01   5.4904900e+01
  -5.6626506e-01   5.6966290e+01
  -5.5823293e-01   5.1138310e+01
  -5.4216867e-01   5.2926680e+01
  -5.2610442e-01   5.1817100e+01
  -5.1004016e-01   5.2517310e+01
  -4.9397590e-01   5.4481960e+01
  -4.8594378e-01   4.9058590e+01
  -4.6987952e-01   5.0327550e+01
  -4.5381526e-01   5.0892810e+01
  -4.4578313e-01   5.2132030e+01
  -4.3775100e-01   4.9787410e+01
  -4.2971888e-01   4.9016370e+01
  -4.2168675e-01   5.4181980e+01
  -3.6546185e-01   5.3602680e+01
  -3.5742972e-01   5.8867280e+01
  -3.4939759e-01   5.7666520e+01
  -3.4136546e-01   6.3710340e+01
  -3.3333333e-01   6.5242440e+01
  -3.1726908e-01   6.9963130e+01
  -3.0923695e-01   6.8854750e+01
  -3.0120482e-01   7.3325740e+01
  -2.9317269e-01   7.6212410e+01
  -2.8514056e-01   7.8063110e+01
  -2.6907631e-01   8.7544490e+01
  -2.4497992e-01   9.7483900e+01
  -2.3694779e-01   1.0086070e+02
  -2.2891566e-01   1.0248510e+02
  -2.1285141e-01   1.1134890e+02
  -2.0481928e-01   1.1103050e+02
  -1.9678715e-01   1.1019200e+02
  -1.8875502e-01   1.1835810e+02
  -1.8072289e-01   1.1880860e+02
  -1.7269076e-01   1.2242490e+02
  -1.3253012e-01   1.3333430e+02
  -1.0843373e-01   1.3191510e+02
  -1.0040161e-01   1.3211070e+02
  -9.2369478e-02   1.2768980e+02
  -8.4337349e-02   1.3321480e+02
  -7.6305221e-02   1.2822960e+02
  -6.0240964e-02   1.2725390e+02
  -5.2208835e-02   1.2834820e+02
  -4.4176707e-02   1.2486940e+02
  -3.6144578e-02   1.2460310e+02
  -2.0080321e-02   1.1819660e+02
  -1.2048193e-02   1.1954080e+02
  -4.0160643e-03   1.1479460e+02
   4.0160643e-03   1.1427800e+02
   3.6144578e-02   1.1018260e+02
   4.4176707e-02   1.0844610e+02
   5.2208835e-02   1.0905710e+02
   6.0240964e-02   1.0653080e+02
   7.6305221e-02   1.0687090e+02
   8.4337349e-02   1.0731920e+02
   1.0843373e-01   1.0716020e+02
   1.1646586e-01   1.0825090e+02
   1.3253012e-01   1.0936010e+02
   1.6465863e-01   1.0613760e+02
   1.8072289e-01   1.0012860e+02
   1.8875502e-01   1.0166910e+02
   1.9678715e-01   9.6442540e+01
   2.0481928e-01   9.7341690e+01
   2.4497992e-01   8.3016570e+01
   2.5301205e-01   7.8873600e+01
   2.6104418e-01   7.4869710e+01
   2.6907631e-01   7.2793410e+01
   2.7710843e-01   6.5147440e+01
   2.8514056e-01   6.7021270e+01
   2.9317269e-01   6.0161360e+01
   3.0923695e-01   5.4057690e+01
   3.1726908e-01   5.0422650e+01
   3.3333333e-01   4.2857480e+01
   3.4136546e-01   4.2454950e+01
   3.4939759e-01   3.8308080e+01
   3.6546185e-01   3.3945430e+01
   3.8152610e-01   3.1660970e+01
   3.8955823e-01   2.3561720e+01
   4.0562249e-01   2.3887650e+01
   4.1365462e-01   2.2498120e+01
   4.2168675e-01   2.4869010e+01
   4.3775100e-01   1.8092910e+01
   4.6987952e-01   1.2888910e+01
   4.7791165e-01   1.6207630e+01
   4.8594378e-01   1.6290240e+01
   4.9397590e-01   1.5297120e+01
   5.0200803e-01   1.4978390e+01
   5.1807229e-01   1.4241680e+01
   5.2610442e-01   1.2538240e+01
   5.3413655e-01   1.5198180e+01
   5.5020080e-01   1.5837450e+01
   5.5823293e-01   1.0035850e+01
   5.6626506e-01   9.3075740e+00
   5.7429719e-01   1.2868000e+01
   5.8232932e-01   8.5716710e+00
   6.1445783e-01   1.1131980e+01
   6.2248996e-01   7.7611170e+00
   6.3052209e-01   6.7582500e+00
   6.3855422e-01   1.4233750e+01
   6.4658635e-01   1.0638760e+01
   6.5461847e-01   8.8935810e+00
   6.6265060e-01   1.1553980e+01
   7.0281124e-01   1.1226360e+01
   7.1084337e-01   1.0170150e+01
   7.1887550e-01   1.2507650e+01
   7.2690763e-01   6.2004940e+00
   7.3493976e-01   9.0189020e+00
   7.4297189e-01   1.0805570e+01
   7.5903614e-01   3.9140330e+00
   7.7510040e-01   8.0383380e+00
   7.8313253e-01   1.0230960e+01
   7.9116466e-01   9.3673580e+00
   7.9919679e-01   7.6959370e+00
   8.0722892e-01   6.1185520e+00
   8.1526104e-01   8.7931920e+00
   8.2329317e-01   7.7966820e+00
   8.3132530e-01   1.2450640e+01
   8.3935743e-01   1.0616010e+01
   8.4738956e-01   6.0010000e+00
   8.5542169e-01   6.7650960e+00
   8.6345382e-01   8.7646520e+00
   8.7148594e-01   4.5864170e+00
   8.7951807e-01   8.3907820e+00
   8.8755020e-01   7.2092010e+00
   8.9558233e-01   1.0012090e+01
   9.1164659e-01   6.5251360e+00
   9.1967871e-01   2.8400650e+00
   9.3574297e-01   4.7900350e+00
   9.4377510e-01   8.3764310e+00
   9.5983936e-01   2.7058920e+00
   9.6787149e-01   8.3621090e+00
   9.7590361e-01   8.9835070e+00
   9.9196787e-01   1.1826780e+00
   1.0000000e+00   4.8753120e+00
