 -1.0000000e+000 -1.0000000e+000  1.5000000e+001
 -1.0000000e+000 -1.0000000e+000  1.5500000e+001
 -1.0000000e+000 -1.0000000e+000  1.6500000e+001
 -1.0000000e+000 -5.2631579e-002  1.5500000e+001
 -1.0000000e+000 -5.2631579e-002  1.5000000e+001
 -1.0000000e+000 -5.2631579e-002  1.6000000e+001
 -1.0000000e+000 -5.2631579e-002  1.4500000e+001
 -1.0000000e+000  4.7368421e-001  1.5000000e+001
 -1.0000000e+000  4.7368421e-001  1.4500000e+001
 -1.0000000e+000  4.7368421e-001  1.2500000e+001
 -1.0000000e+000  1.0000000e+000  1.4000000e+001
 -1.0000000e+000  1.0000000e+000  1.3000000e+001
 -1.0000000e+000  1.0000000e+000  1.4000000e+001
 -1.0000000e+000  1.0000000e+000  1.1500000e+001
 -9.6825397e-001 -1.0000000e+000  1.4000000e+001
 -9.6825397e-001 -1.0000000e+000  1.6000000e+001
 -9.6825397e-001 -1.0000000e+000  1.3000000e+001
 -9.6825397e-001 -5.2631579e-002  1.3000000e+001
 -9.6825397e-001 -5.2631579e-002  1.3500000e+001
 -9.6825397e-001 -5.2631579e-002  1.2500000e+001
 -9.6825397e-001  4.7368421e-001  1.2500000e+001
 -9.6825397e-001  4.7368421e-001  1.2000000e+001
 -9.0476190e-001 -1.0000000e+000  1.3500000e+001
 -9.0476190e-001 -1.0000000e+000  1.7500000e+001
 -9.0476190e-001 -1.0000000e+000  1.3500000e+001
 -9.0476190e-001 -5.2631579e-002  1.2500000e+001
 -9.0476190e-001 -5.2631579e-002  1.2500000e+001
 -9.0476190e-001 -5.2631579e-002  1.5000000e+001
 -9.0476190e-001  4.7368421e-001  1.3000000e+001
 -9.0476190e-001  4.7368421e-001  1.2000000e+001
 -9.0476190e-001  1.0000000e+000  1.0000000e+001
 -9.0476190e-001  1.0000000e+000  1.1500000e+001
 -9.0476190e-001  1.0000000e+000  9.5000000e+000
 -7.7777778e-001 -1.0000000e+000  1.5000000e+001
 -7.7777778e-001 -1.0000000e+000  1.5000000e+001
 -7.7777778e-001 -1.0000000e+000  1.5500000e+001
 -7.7777778e-001 -1.0000000e+000  1.6000000e+001
 -7.7777778e-001 -5.2631579e-002  1.3500000e+001
 -7.7777778e-001 -5.2631579e-002  1.4000000e+001
 -7.7777778e-001  4.7368421e-001  1.2500000e+001
 -7.7777778e-001  4.7368421e-001  1.2000000e+001
 -7.7777778e-001  1.0000000e+000  6.5000000e+000
 -7.7777778e-001  1.0000000e+000  5.5000000e+000
 -7.7777778e-001  1.0000000e+000  6.0000000e+000
 -7.7777778e-001  1.0000000e+000  6.0000000e+000
 -5.2380952e-001 -1.0000000e+000  1.6000000e+001
 -5.2380952e-001 -5.2631579e-002  1.3000000e+001
 -5.2380952e-001 -5.2631579e-002  1.4000000e+001
 -5.2380952e-001 -5.2631579e-002  1.2500000e+001
 -5.2380952e-001 -5.2631579e-002  1.1000000e+001
 -5.2380952e-001  4.7368421e-001  1.2000000e+001
 -5.2380952e-001  4.7368421e-001  1.2000000e+001
 -5.2380952e-001  4.7368421e-001  1.1500000e+001
 -5.2380952e-001  4.7368421e-001  1.2000000e+001
 -5.2380952e-001  1.0000000e+000  6.0000000e+000
 -5.2380952e-001  1.0000000e+000  6.0000000e+000
 -5.2380952e-001  1.0000000e+000  5.0000000e+000
 -1.5873016e-002 -1.0000000e+000  1.3000000e+001
 -1.5873016e-002 -1.0000000e+000  1.6000000e+001
 -1.5873016e-002 -1.0000000e+000  1.2000000e+001
 -1.5873016e-002 -5.2631579e-002  1.1000000e+001
 -1.5873016e-002 -5.2631579e-002  1.1000000e+001
 -1.5873016e-002 -5.2631579e-002  1.1000000e+001
 -1.5873016e-002  4.7368421e-001  1.1000000e+001
 -1.5873016e-002  4.7368421e-001  1.0000000e+001
 -1.5873016e-002  4.7368421e-001  1.0500000e+001
 -1.5873016e-002  1.0000000e+000  2.7000000e+000
  4.9206349e-001 -1.0000000e+000  1.3000000e+001
  4.9206349e-001 -1.0000000e+000  1.3600000e+001
  4.9206349e-001 -5.2631579e-002  1.0500000e+001
  4.9206349e-001 -5.2631579e-002  1.2000000e+001
  4.9206349e-001  4.7368421e-001  6.9000000e+000
  4.9206349e-001  4.7368421e-001  8.8000000e+000
  4.9206349e-001  4.7368421e-001  7.9000000e+000
  4.9206349e-001  1.0000000e+000  1.2000000e+000
  4.9206349e-001  1.0000000e+000  1.5000000e+000
  1.0000000e+000 -1.0000000e+000  1.2500000e+001
  1.0000000e+000 -1.0000000e+000  1.6500000e+001
  1.0000000e+000 -1.0000000e+000  1.6000000e+001
  1.0000000e+000 -5.2631579e-002  1.1000000e+001
  1.0000000e+000 -5.2631579e-002  1.1500000e+001
  1.0000000e+000 -5.2631579e-002  1.0500000e+001
  1.0000000e+000 -5.2631579e-002  1.0000000e+001
  1.0000000e+000  4.7368421e-001  7.2700000e+000
  1.0000000e+000  4.7368421e-001  6.7000000e+000
  1.0000000e+000  1.0000000e+000  1.5000000e+000
  1.0000000e+000  1.0000000e+000  1.2000000e+000
