 -3.5534236e-001 -1.8032787e-001  6.5530581e-002 -1.8032787e-001 -6.4815452e-001  1.6522886e+001
 -2.3753976e-001 -3.6065574e-001 -2.5304607e-001 -3.6065574e-001 -6.7754883e-001  2.1483765e+001
 -4.7230271e-001 -8.8524590e-001  6.3108709e-001 -8.8524590e-001 -9.2648663e-001  3.8770538e+001
  6.2441569e-001 -2.6229508e-001 -5.8690170e-001 -2.6229508e-001 -4.3024882e-001  4.1294065e+001
 -2.2916567e-001 -1.6393443e-002 -3.4829339e-001 -1.6393443e-002 -4.5995532e-001  6.0534192e+000
  8.5595538e-002 -6.2295082e-001  3.9697532e-002 -6.2295082e-001 -7.6569977e-001  4.8335628e+001
  9.1955546e-002 -8.6885246e-001  5.9894010e-001 -8.6885246e-001 -7.7792923e-001  2.9360367e+001
  5.3347843e-002 -5.7377049e-001 -5.4079276e-001 -5.7377049e-001 -7.0871599e-001  3.1590251e+001
 -3.0788432e-001 -7.7049180e-001  2.3555537e-001 -7.7049180e-001 -8.4604533e-001  3.2107635e+001
  7.3928340e-001 -4.9180328e-001 -1.3239408e-001 -4.9180328e-001 -5.2620634e-001  5.9118257e+001
  2.3434885e-001  5.2459016e-001 -7.2406672e-001  5.2459016e-001 -1.0031834e-001  5.5010274e+000
  5.9301148e-001 -8.1967213e-001 -3.6044507e-001 -8.1967213e-001 -7.1823835e-001  4.4768398e+001
 -6.6236412e-001 -3.6065574e-001  9.0185116e-001 -3.6065574e-001 -8.4850560e-001  2.9517068e+001
  5.3043060e-001 -6.0655738e-001  4.9423198e-001 -6.0655738e-001 -1.6924370e-001  1.6262637e+001
  5.3200313e-001  0.0000000e+000 -6.9459788e-001  0.0000000e+000 -2.5731312e-001  2.4742797e+001
 -5.2406581e-001  5.4098361e-001  5.1746215e-001  5.4098361e-001 -5.0886871e-001  1.9312967e+000
 -8.9612271e-001  3.2786885e-002  1.8991909e-001  3.2786885e-002 -9.2132042e-001  1.5182558e+001
 -2.0154051e-001  3.2786885e-002 -6.6383117e-001  3.2786885e-002 -5.2449611e-001  9.5604826e+000
  3.5708248e-003 -3.2786885e-001  1.0000000e+000 -3.2786885e-001 -5.2759164e-001  3.0048785e+001
  5.8502524e-001  1.6393443e-002  6.2007635e-001  1.6393443e-002 -2.3820898e-002  2.6580392e+001
 -5.0458837e-001 -5.9016393e-001  8.6110175e-002 -5.9016393e-001 -8.4762218e-001  2.9394743e+001
 -9.3474687e-002  5.0819672e-001 -8.6544816e-001  5.0819672e-001 -3.6522635e-001  4.6203260e+000
 -9.1331269e-001 -3.2786885e-002 -8.7007972e-001 -3.2786885e-002 -9.3237325e-001  6.6067526e+000
 -3.7976708e-001  1.4754098e-001 -2.7439777e-001  1.4754098e-001 -6.1641060e-001  1.2051014e+001
 -1.0000000e+000 -7.5409836e-001  1.1835823e-001 -7.5409836e-001 -1.0000000e+000  4.4449131e+001
  5.2505342e-001 -6.5573770e-001 -6.2763866e-001 -6.5573770e-001 -6.7351086e-001  4.5083482e+001
  8.6730533e-001 -5.7377049e-001  4.4956365e-001 -5.7377049e-001 -4.3603209e-001  7.2411381e+001
 -9.4104748e-001 -4.4262295e-001  9.5040423e-001 -4.4262295e-001 -9.5711551e-001  2.0437475e+001
  7.9768999e-001 -7.2131148e-001 -8.4231218e-001 -7.2131148e-001 -7.0920536e-001  8.1130107e+001
 -7.4447360e-001 -6.7213115e-001 -9.3666665e-002 -6.7213115e-001 -9.0724546e-001  1.8019216e+001
 -6.0269389e-001 -8.3606557e-001  7.9076723e-001 -8.3606557e-001 -8.8646402e-001  2.0516006e+001
  1.2654073e-001 -6.7213115e-001 -3.6728849e-001 -6.7213115e-001 -6.0080284e-001  1.8922963e+001
 -5.3584925e-001 -6.8852459e-001 -9.0998741e-001 -6.8852459e-001 -8.9170020e-001  2.5598172e+001
 -2.9621874e-001 -3.9344262e-001  8.4091627e-001 -3.9344262e-001 -6.0072645e-001  1.6705381e+001
 -2.0132366e-001  5.4098361e-001  9.9972718e-001  5.4098361e-001 -1.8630247e-001  4.1353827e+000
  8.4608767e-001  5.5737705e-001 -3.7950118e-001  5.5737705e-001  5.7246935e-001  1.2631466e+001
 -9.4444309e-001 -1.4754098e-001 -6.2101426e-001 -1.4754098e-001 -9.2760773e-001  1.1656040e+000
 -5.1635431e-001 -6.8852459e-001 -9.3991003e-001 -6.8852459e-001 -8.4960990e-001  1.5730003e+001
  3.3687610e-001 -3.2786885e-002 -8.8372876e-002 -3.2786885e-002 -1.6863871e-001  1.5145357e+001
  2.0760655e-001  4.2622951e-001 -8.5900428e-001  4.2622951e-001 -1.2537318e-001  4.4050760e+000
  4.8770269e-001 -7.3770492e-001 -5.8724963e-002 -7.3770492e-001 -7.7764348e-001  6.4236181e+001
  2.2097934e-001 -8.1967213e-002 -8.6037508e-001 -8.1967213e-002 -2.5888637e-001  8.3935924e+000
  6.7740616e-001  1.1475410e-001 -9.5649959e-001  1.1475410e-001  1.5440029e-001  9.1148573e+000
 -4.7234071e-001  7.2131148e-001  8.3434130e-001  7.2131148e-001 -4.4707867e-001  2.9642990e+000
  4.4798563e-001  3.9344262e-001  3.7580599e-001  3.9344262e-001  1.5186706e-001  1.2248973e+001
  1.3327905e-001 -6.7213115e-001  9.5076959e-001 -6.7213115e-001 -7.1303717e-001  4.3960713e+001
 -5.1061910e-001 -9.6721311e-001 -6.1784741e-001 -9.6721311e-001 -9.7921592e-001  5.1878301e+001
 -2.0644976e-002 -8.6885246e-001 -1.0957295e-002 -8.6885246e-001 -8.8747208e-001  4.8107745e+001
  9.6135397e-001 -3.6065574e-001 -8.0920996e-001 -3.6065574e-001 -3.6793350e-001  1.4475798e+002
 -6.5324706e-001 -9.8360656e-002  8.8966377e-001 -9.8360656e-002 -8.0021688e-001  2.3643064e+001
 -1.1964708e-001  5.2459016e-001 -9.0973667e-001  5.2459016e-001 -3.6687647e-001  3.5101062e+000
  9.7117170e-001 -9.5081967e-001 -1.4624252e-001 -9.5081967e-001 -7.6384459e-001  4.0493255e+002
 -9.1125139e-001 -8.0327869e-001 -1.4190788e-002 -8.0327869e-001 -9.8561755e-001  3.7189321e+001
  5.4969319e-001 -9.8360656e-001 -2.8889152e-001 -9.8360656e-001 -9.4123790e-001  1.1010495e+002
  3.0075962e-001 -5.9016393e-001 -8.4311594e-001 -5.9016393e-001 -6.9874465e-001  3.8586701e+001
  4.9554347e-001  2.9508197e-001  2.3009764e-002  2.9508197e-001  1.2700694e-001  1.1610061e+001
  1.7087834e-001  1.0000000e+000  5.1048683e-001  1.0000000e+000  2.2281621e-001  2.2254219e+000
 -8.6931349e-002 -6.8852459e-001  3.9058184e-001 -6.8852459e-001 -8.1236844e-001  4.7275117e+001
  8.3629897e-001  7.7049180e-001  9.4287515e-001  7.7049180e-001  1.0000000e+000  1.0283750e+001
 -5.8664247e-001 -6.2295082e-001 -4.1376328e-001 -6.2295082e-001 -8.4400279e-001  1.5893396e+001
 -3.2296532e-002 -3.9344262e-001  3.6269776e-001 -3.9344262e-001 -3.8750352e-001  1.0796268e+001
  3.1796535e-001 -6.3934426e-001 -1.0000000e+000 -6.3934426e-001 -6.0237311e-001  2.2828674e+001
 -4.5373881e-001 -6.5573770e-001  9.1900885e-001 -6.5573770e-001 -7.3326936e-001  1.4848993e+001
  6.7832314e-001  4.9180328e-002 -5.2923903e-001  4.9180328e-002 -1.0310928e-001  2.5604662e+001
  4.7301823e-001  1.8032787e-001 -6.6452017e-001  1.8032787e-001 -2.5878181e-001  2.5019020e+001
 -5.2575421e-001 -3.2786885e-001 -5.3807029e-001 -3.2786885e-001 -6.4604162e-001  2.4899742e+000
  8.4889330e-001 -4.9180328e-002  6.1866177e-002 -4.9180328e-002  1.1313147e-001  3.3879392e+001
  6.2664153e-001 -3.6065574e-001 -4.2280140e-001 -3.6065574e-001 -2.2196197e-001  2.2918517e+001
 -7.1905111e-001 -2.1311475e-001 -1.0605620e-001 -2.1311475e-001 -7.6608634e-001  3.0971263e+000
  1.3464426e-001 -8.8524590e-001  3.9817336e-001 -8.8524590e-001 -8.3452910e-001  3.8942205e+001
  9.1531769e-001 -3.7704918e-001  9.1785654e-001 -3.7704918e-001  3.1694928e-002  5.5655178e+001
 -6.0173042e-001 -1.1475410e-001  3.2912996e-001 -1.1475410e-001 -6.7722672e-001  5.3419867e+000
  4.8015970e-001 -8.1967213e-002  8.1142994e-001 -8.1967213e-002  8.6994768e-002  1.5637721e+001
 -4.0498568e-001 -6.2295082e-001  8.7194315e-001 -6.2295082e-001 -7.0851477e-001  1.5631476e+001
  8.3969002e-001  3.9344262e-001 -6.0879332e-001  3.9344262e-001  4.4476561e-001  1.4011999e+001
 -8.8382756e-001 -1.9672131e-001 -8.1075090e-001 -1.9672131e-001 -9.2304413e-001  8.0842945e+000
  4.0484637e-001 -5.4098361e-001 -1.1108553e-001 -5.4098361e-001 -6.3879927e-001  4.6393181e+001
  2.3905772e-001 -4.2622951e-001 -8.7275978e-001 -4.2622951e-001 -5.3389573e-001  2.1806353e+001
 -6.4419143e-001 -5.5737705e-001  2.9067879e-001 -5.5737705e-001 -9.0126452e-001  3.9049345e+001
  6.4505412e-001 -6.8852459e-001 -7.2305247e-001 -6.8852459e-001 -6.9759499e-001  5.6027981e+001
 -6.6338899e-001 -5.0819672e-001  9.4082153e-001 -5.0819672e-001 -8.6750724e-001  3.0052195e+001
  8.2670772e-001  2.7868852e-001  6.9062108e-001  2.7868852e-001  7.2832453e-001  1.4074133e+001
  6.1647057e-001 -4.4262295e-001  7.5453970e-001 -4.4262295e-001 -1.3945593e-001  2.4633145e+001
 -4.4256741e-002  4.2622951e-001 -8.1941917e-001  4.2622951e-001 -2.8805805e-001  3.1522951e+000
 -9.5960520e-001  1.6393443e-001 -5.9444425e-001  1.6393443e-001 -9.5239439e-001  6.9046183e+000
 -5.0264172e-001 -1.6393443e-002 -7.2452529e-001 -1.6393443e-002 -6.5515748e-001  3.9933554e+000
  3.4999350e-001 -8.0327869e-001  1.5236661e-001 -8.0327869e-001 -7.3929763e-001  3.9085957e+001
  8.1990190e-001 -3.6065574e-001  2.9182112e-001 -3.6065574e-001  2.0071687e-001  2.2604355e+001
  9.0523062e-001  7.0491803e-001 -2.1277792e-001  7.0491803e-001  5.2720225e-001  2.7093417e+001
 -5.3494420e-001 -6.3934426e-001 -3.3052636e-001 -6.3934426e-001 -8.5093964e-001  2.1436872e+001
 -1.2139597e-001  3.4426230e-001 -4.8357315e-001  3.4426230e-001 -2.9623636e-001  2.9310659e+000
  2.1552408e-001 -6.0655738e-001  2.0289435e-001 -6.0655738e-001 -4.9883138e-001  2.0601028e+001
  5.8929879e-001  1.4754098e-001  1.8607003e-001  1.4754098e-001  7.2790467e-002  1.9024151e+001
  5.1346141e-001  1.9672131e-001  9.6629204e-001  1.9672131e-001  1.3658099e-001  1.9869901e+001
 -6.2846477e-001 -3.9344262e-001 -4.0478832e-001 -3.9344262e-001 -7.3381167e-001  3.5263915e+000
 -4.7784512e-001  4.9180328e-002  5.9500473e-002  4.9180328e-002 -6.8651777e-001  1.5436744e+001
 -2.7064277e-001 -7.5409836e-001 -2.6642086e-001 -7.5409836e-001 -8.4234997e-001  3.0744177e+001
  4.1168818e-001  9.8360656e-001  8.1498495e-001  9.8360656e-001  5.3269726e-001  3.1767412e+000
 -2.1779235e-001 -3.2786885e-002 -6.5643176e-001 -3.2786885e-002 -6.4502114e-001  2.1238665e+001
 -1.4236600e-001 -4.4262295e-001  9.7192118e-001 -4.4262295e-001 -6.7528947e-001  3.6339613e+001
 -4.6358607e-001 -3.6065574e-001 -4.9707165e-001 -3.6065574e-001 -7.9179222e-001  2.2340618e+001
  5.7557955e-001  4.9180328e-002 -5.6666672e-001  4.9180328e-002 -3.1149206e-002  1.5066433e+001
 -7.7268091e-001 -6.0655738e-001 -7.3461021e-001 -6.0655738e-001 -9.2844968e-001  2.0748613e+001
 -6.0053873e-001 -5.5737705e-001  4.2001771e-001 -5.5737705e-001 -7.8691876e-001  1.2396670e+001
 -9.8514413e-001 -8.0327869e-001  4.6996981e-001 -8.0327869e-001 -9.9379319e-001  2.8021474e+001
  1.0000000e+000 -8.8524590e-001 -6.3868569e-001 -8.8524590e-001 -6.7845062e-001  1.1826673e+003
  6.9222071e-001 -1.0000000e+000 -5.4385169e-001 -1.0000000e+000 -9.2657949e-001  1.2390567e+002
 -9.0844890e-001 -2.7868852e-001  5.4659088e-001 -2.7868852e-001 -9.4478991e-001  2.3937964e+001
  9.4921897e-001 -7.8688525e-001  5.2581116e-001 -7.8688525e-001 -6.2705672e-001  1.8722761e+002
 -9.3214925e-001 -6.5573770e-001  3.8326969e-001 -6.5573770e-001 -9.7405642e-001  2.7551888e+001
  4.6741729e-001 -2.4590164e-001 -7.7660088e-001 -2.4590164e-001 -4.3354135e-001  2.9705135e+001
 -4.3400618e-001 -3.1147541e-001 -2.3940531e-001 -3.1147541e-001 -5.6030862e-001  2.8860145e+000
  4.0784298e-001 -6.7213115e-001 -6.3029663e-001 -6.7213115e-001 -5.9940496e-001  2.7673727e+001
  5.5064194e-001 -5.2459016e-001 -1.9540247e-001 -5.2459016e-001 -5.4959099e-001  4.2343457e+001
 -3.5563090e-001 -2.4590164e-001  3.6382995e-001 -2.4590164e-001 -4.9226521e-001  5.2705782e+000
 -3.6807903e-001 -4.9180328e-001 -5.0343369e-002 -4.9180328e-001 -7.6433819e-001  2.4264690e+001
  1.4179363e-001 -4.9180328e-002 -3.4638866e-001 -4.9180328e-002 -4.0950093e-001  1.9789387e+001
 -5.6456696e-001 -5.5737705e-001  2.4615616e-001 -5.5737705e-001 -8.1530229e-001  1.8795973e+001
  2.8595689e-001 -1.0000000e+000 -4.1069430e-001 -1.0000000e+000 -9.2272342e-001  4.6196814e+001
 -8.1051835e-001  1.4754098e-001  7.6200478e-001  1.4754098e-001 -7.7046337e-001  1.3517419e+000
  4.0157011e-001 -4.2622951e-001  5.3969723e-001 -4.2622951e-001 -5.1771485e-001  4.3001885e+001
  7.7444688e-001  1.6393443e-001 -3.6656650e-001  1.6393443e-001  4.2148464e-001  1.0749713e+001
  3.4651784e-001 -8.1967213e-002 -3.5994860e-001 -8.1967213e-002  7.7331398e-002  4.1922649e+000
  3.8852864e-001 -8.0327869e-001 -7.7466235e-001 -8.0327869e-001 -8.4722153e-001  6.1616846e+001
  1.1768867e-001 -6.2295082e-001  5.5810171e-001 -6.2295082e-001 -5.8074913e-001  2.5243827e+001
  9.0895927e-001  9.8360656e-002 -7.5305969e-001  9.8360656e-002  1.4608673e-001  3.9380299e+001
 -9.0704468e-001  0.0000000e+000 -7.5088942e-001  0.0000000e+000 -9.2328657e-001  5.6185634e+000
  4.7112262e-001 -4.7540984e-001 -9.0794108e-001 -4.7540984e-001 -2.8630122e-001  1.3607740e+001
  5.1469454e-001 -1.3114754e-001 -8.6412936e-001 -1.3114754e-001 -5.4970120e-002  9.5924834e+000
  7.2594975e-001 -9.0163934e-001  9.3846835e-001 -9.0163934e-001 -7.7977594e-001  7.5115426e+001
  4.6038877e-001 -5.2459016e-001  7.4644798e-001 -5.2459016e-001 -4.4151759e-001  3.4194180e+001
 -9.2585020e-001 -8.0327869e-001 -7.5107521e-001 -8.0327869e-001 -9.7770497e-001  1.5943350e+001
 -2.4258456e-001 -1.3114754e-001  2.9769789e-001 -1.3114754e-001 -5.5565410e-001  1.6405983e+001
 -4.7015904e-001 -6.5573770e-002 -5.9160654e-001 -6.5573770e-002 -5.8740346e-001  2.1740148e+000
  6.1940113e-002  8.1967213e-002  8.7999231e-002  8.1967213e-002 -1.7803749e-001  6.9614593e+000
 -8.9338185e-001 -3.9344262e-001  9.4755101e-001 -3.9344262e-001 -9.2933016e-001  1.8403095e+001
  2.6352525e-001  1.1475410e-001  8.6135815e-001  1.1475410e-001  3.2695851e-002  1.1364800e+001
  2.8349262e-001 -8.8524590e-001 -6.3283196e-001 -8.8524590e-001 -8.8060489e-001  5.4168634e+001
  4.0074391e-001 -6.3934426e-001  9.8892866e-001 -6.3934426e-001 -4.5059236e-001  2.7799649e+001
  3.0933703e-001  1.3114754e-001  4.0547718e-001  1.3114754e-001 -1.9631887e-001  2.2847412e+001
  4.7827419e-001 -5.9016393e-001  2.1239058e-001 -5.9016393e-001 -5.5775599e-001  3.8836631e+001
  7.0894880e-001  7.2131148e-001  2.0330163e-001  7.2131148e-001  5.6527626e-001  8.5648832e+000
 -5.2569884e-001 -4.5901639e-001 -7.3471156e-001 -4.5901639e-001 -8.2415666e-001  1.8985583e+001
 -4.9924192e-002 -6.7213115e-001  5.4053599e-001 -6.7213115e-001 -5.7494585e-001  1.6038502e+001
 -5.6268224e-001 -4.2622951e-001  8.3527306e-001 -4.2622951e-001 -7.6207505e-001  1.7359029e+001
 -4.9690858e-001 -5.4098361e-001  1.1909636e-001 -5.4098361e-001 -7.1885554e-001  9.7473819e+000
 -2.4995490e-001  3.6065574e-001  7.8672195e-001  3.6065574e-001 -2.1428589e-001  2.2063291e+000
 -8.7105081e-001 -9.6721311e-001  6.1539424e-001 -9.6721311e-001 -9.9044000e-001  3.2710010e+001
 -8.6533150e-001 -1.3114754e-001 -3.8601452e-001 -1.3114754e-001 -9.0126573e-001  7.8042716e+000
  6.3799466e-001  7.3770492e-001  1.7583310e-001  7.3770492e-001  4.9604671e-001  7.1938780e+000
