   6.5450401e-01   6.9307302e-01   5.7326709e+03
   3.8519936e-01  -2.9248083e-01   1.8220122e+02
  -2.1354908e-03  -1.0186760e-02   6.1216188e+02
   3.9526820e-01   3.8480807e-01   1.3062307e+03
  -1.3377386e-02  -6.3522874e-01   1.4509373e+02
   3.5965393e-01  -5.2248202e-01   2.3770098e+03
  -3.1179454e-02  -1.8652926e-02   5.5427386e+02
  -8.7815125e-01  -2.7490539e-01   1.6582059e+04
  -9.5113152e-01  -7.8864821e-01   1.9554325e+04
   4.6766583e-01  -7.5301280e-01   1.0104764e+04
   8.5535561e-01   1.5285255e-01   2.7731292e+02
   2.1942277e-01   8.6385460e-01   6.9851270e+04
   2.1695101e-01  -5.3183808e-01   4.2195701e+02
  -5.3286317e-01  -9.8388712e-01   1.5575680e+04
   8.3298966e-02   3.5561080e-01   6.0453144e+03
  -8.7226408e-01  -5.7274095e-01   7.8876999e+03
   6.7853410e-01   4.5799249e-01   8.8067839e+02
  -3.1847032e-01   9.6010465e-01   4.0030432e+05
   3.1697745e-01  -8.3103010e-01   1.4188775e+03
  -1.5323525e-01  -3.7151439e-01   2.8176385e+01
   2.6126641e-01  -1.0000000e+00   2.7418234e+04
  -8.3897302e-01  -1.1130764e-02   1.7965644e+04
  -7.3193930e-01  -3.7655547e-01   2.9085742e+03
   9.5612249e-01   7.6780472e-01   5.8313246e+03
   6.3621257e-01   2.3294473e-01   1.0072969e+03
   3.3412764e-01   3.1714262e-01   1.1719090e+03
   4.8767178e-01   4.3879712e-01   1.1783925e+03
  -5.5357980e-01  -4.1141618e-01   1.3134106e+03
  -1.2552956e-02   3.4500082e-01   8.8285047e+03
   6.8927507e-01  -2.8598051e-01   5.0318944e+03
   9.9445414e-01  -5.2908880e-01   9.1796801e+04
   8.6406353e-01  -5.1236756e-01   5.4462062e+04
  -8.3623223e-01   9.1039058e-01   6.7950746e+05
   7.1273620e-01   6.9655103e-01   4.9360057e+03
  -8.2300113e-01   4.0526022e-03   1.4736692e+04
   6.7813768e-02   2.2288481e-01   1.9697164e+03
  -2.0041368e-02   2.5853475e-01   4.2468744e+03
   3.3075886e-01   3.4176768e-02   1.1119470e+03
   4.7960227e-02  -6.6620341e-01   2.6463810e+02
   8.9880344e-01  -8.2146271e-01   1.6105377e+05
   5.1935346e-02   2.6865235e-01   3.2707638e+03
   5.8368517e-01  -3.6588012e-01   4.9944695e+03
   9.8176368e-01   2.1193412e-01   2.1673647e+02
   2.4230938e-01  -7.4212236e-01   6.3487917e+02
   9.7285930e-01  -7.9540479e-01   2.0302466e+05
  -5.9895888e-01   2.3038750e-01   6.3671488e+03
   9.2806533e-01   7.9623427e-01   8.5669640e+03
   2.7352154e-02   2.3129954e-01   2.5976211e+03
  -3.4494435e-01  -4.8503878e-01   5.3841038e+02
   4.4905996e-01  -4.0573812e-01   2.3106161e+03
  -2.2982377e-02  -4.6053654e-01   5.9468735e+00
   3.3286222e-01  -6.6521664e-01   2.5564108e+03
  -9.2771604e-01  -7.9676354e-01   1.8527926e+04
  -9.2788827e-01   4.7735258e-02   4.0622558e+04
  -1.1309547e-01   1.1410723e-01   1.4340453e+03
  -1.0000000e+00   2.3973044e-01   4.4427318e+04
  -6.0255101e-01   5.3132639e-01   1.0067816e+05
   7.5986320e-01   3.0264984e-01   9.6705559e+02
  -5.9451777e-01  -4.6931804e-01   2.2285390e+03
   1.0000000e+00   5.6955873e-01   2.4639945e+03
   7.6484866e-01  -8.9824012e-02   6.2426493e+02
   9.9653040e-02   3.0070164e-01   3.4126776e+03
   5.3196038e-01   3.6682611e-01   8.6098306e+02
  -4.6456203e-01   9.4236481e-01   5.1771802e+05
  -9.0812193e-01  -2.3127195e-02   3.6120135e+04
  -6.4372696e-01   7.9593004e-01   3.9787260e+05
   3.4229511e-01  -4.0124422e-01   6.6236727e+02
  -2.2491872e-02   6.1555269e-01   5.1234286e+04
  -7.9516525e-01  -1.4006442e-01   1.1087808e+04
   6.4474797e-01   8.4522995e-01   2.8621231e+04
  -1.3376530e-01  -4.6653082e-01   2.4822759e+01
   9.7652348e-01   7.7738433e-02   2.8904207e+02
  -4.9417154e-01   5.9631714e-01   1.4024988e+05
   2.6635043e-01   2.6684453e-01   1.1687415e+03
   5.5621998e-01  -8.8061008e-01   1.7806678e+04
  -8.7084086e-01  -7.5051090e-01   1.4568866e+04
  -1.0384085e-01   3.5931976e-01   1.4346319e+04
   8.4804121e-01  -6.0216995e-01   7.4102423e+04
   6.7252183e-01  -6.0613409e-01   3.3602965e+04
  -4.8663264e-01   2.8963132e-01   1.6161701e+04
  -6.6282105e-01   9.8998575e-01   8.0171946e+05
   7.2559215e-01  -4.7733248e-01   2.5045351e+04
  -6.8980074e-01   7.1675995e-01   2.8367226e+05
   8.9799259e-01  -8.9688623e-01   1.7648138e+05
   8.4438952e-01   8.4219617e-01   1.8423277e+04
   5.3641581e-01  -3.8221106e-01   4.0011304e+03
  -3.7653523e-01  -5.8915997e-01   7.7553978e+02
   2.0234388e-01   1.1057352e-01   9.6201286e+02
   3.3422974e-01  -6.0322868e-01   2.4864693e+03
  -6.5030058e-01   1.0000000e+00   8.1324397e+05
   2.2479649e-01   1.4050855e-01   9.7343001e+02
  -2.1306589e-01   2.0829529e-01   5.4919039e+03
  -9.9881214e-01   4.1283593e-01   1.1054136e+04
  -9.1433990e-01   9.3262350e-01   7.3593255e+05
   5.5922821e-01   1.9400037e-01   1.0714863e+03
  -3.4813508e-01   2.8950348e-01   1.5376859e+04
   1.4525685e-01   1.5099595e-01   9.6902467e+02
  -5.2200704e-01  -5.4968718e-01   2.3307391e+03
  -4.6509386e-01  -1.3581861e-01   9.7796360e+01
  -5.5537667e-01  -5.8189416e-01   3.0207684e+03
