  -1.0000000e+00   8.4248000e+01
  -9.7613365e-01   8.7264000e+01
  -9.7255370e-01   8.7195000e+01
  -9.4391408e-01   8.9076000e+01
  -8.8902148e-01   8.9868000e+01
  -8.6157518e-01   9.2405000e+01
  -7.5417661e-01   1.0069600e+02
  -4.1129674e-01   4.0167200e+02
  -3.2100239e-01   5.6753400e+02
  -2.9634049e-01   6.3531600e+02
  -2.5178998e-01   7.3305400e+02
  -2.3031026e-01   7.5908700e+02
  -3.9379475e-02   1.0901090e+03
   2.6650756e-02   1.1226430e+03
   6.2848051e-02   1.1783510e+03
   1.4240255e-01   1.2605310e+03
   1.8973747e-01   1.2883390e+03
   2.3309467e-01   1.3275430e+03
   3.3571997e-01   1.3538630e+03
   5.6881464e-01   1.4252080e+03
   6.2927605e-01   1.4429620e+03
   9.1805887e-01   1.4687050e+03
   1.0000000e+00   1.4478940e+03
